20            0         1         2         3         4         5
0  -0.447358 -0.738548  0.567236  0.844971  0.973414  0.618491
1   0.222484 -0.719605 -0.609676  0.279494 -0.599650  0.061716
2   0.702299  0.198077  0.126897 -0.156125 -0.072516  0.377868
3   0.808175 -0.411375  0.538760  0.000413 -0.965447 -0.936405
4   0.185621  0.461463 -0.820005  0.121870 -0.113800  0.495494
5   0.320112  0.031190 -0.515997  0.274245  0.431455 -0.022675
6  -0.041985  0.003115 -0.379730  0.348763  0.786500  0.201772
7  -0.408706  0.036968 -0.379624  0.258569  0.385505  0.129034
8  -0.181163  0.245102  0.158763  0.489095  0.280335  0.404833
9  -0.183272  0.663036  0.214250  0.265622 -0.392092  0.770363
10  0.886015 -0.501392 -0.204596 -0.019361  0.055185  0.227678
11 -0.167990  0.689913  0.629607 -0.719115 -0.315858 -0.153616
40            0         1         2         3         4         5
0  -0.447358 -0.738548  0.567236  0.844971  0.973414  0.618491
1   0.128740 -0.719605 -0.484021 -0.122143 -0.535515 -0.153959
2   0.572663  0.096568  0.131496 -0.156125 -0.057360  0.235244
3   0.808175 -0.411375  0.538760  0.000413 -0.965447 -0.936405
4   0.334908  0.339076 -0.820005  0.262597  0.263454  0.316958
5   0.373814  0.131638 -0.515997  0.282666  0.499347  0.116159
6  -0.039016  0.003115 -0.379730  0.348763  0.786500  0.201772
7  -0.408706  0.193376 -0.037618  0.209455  0.230786  0.201749
8  -0.181163  0.291317  0.242151  0.405195  0.351407  0.382133
9  -0.183272  0.663036  0.214250  0.265622 -0.392092  0.770363
10  0.886015 -0.501392 -0.204596 -0.019361  0.055185  0.227678
11 -0.167990  0.689913  0.629607 -0.719115 -0.315858 -0.153616
60            0         1         2         3         4         5
0  -0.447358 -0.738548  0.567236  0.840838  0.972037  0.618678
1   0.094450 -0.719605 -0.424013 -0.278428 -0.478151 -0.287529
2   0.511187  0.082110  0.127829 -0.156125 -0.050697  0.200637
3   0.789576 -0.361769  0.545288  0.045126 -0.965447 -0.936405
4   0.287980  0.284195 -0.820005  0.246416  0.278780  0.260028
5   0.350008  0.157454 -0.515997  0.294426  0.511747  0.149359
6   0.062147  0.061235 -0.379730  0.409489  0.725889  0.257276
7  -0.408706  0.151247  0.108841  0.151775  0.168011  0.153095
8  -0.181163  0.299347  0.250759  0.378532  0.340568  0.364482
9  -0.183272  0.663036  0.214250  0.265622 -0.392092  0.770363
10  0.886015 -0.501392 -0.204596 -0.019361  0.055185  0.227678
11 -0.167990  0.689913  0.629607 -0.719115 -0.315858 -0.153616
80            0         1         2         3         4         5
0  -0.436812 -0.738548  0.569309  0.840838  0.972037  0.618678
1   0.066902 -0.719605 -0.375457 -0.344244 -0.415568 -0.368209
2   0.451920  0.058614  0.109946 -0.156125  0.022670  0.071048
3   0.752965 -0.323491  0.543337  0.063336 -0.965447 -0.936405
4   0.297572  0.267995 -0.820005  0.234783  0.281485  0.233201
5   0.383608  0.250888 -0.515997  0.333063  0.486995  0.206602
6   0.124140  0.109243 -0.379730  0.431181  0.692142  0.306195
7  -0.408706  0.130427  0.115086  0.127519  0.142931  0.129903
8  -0.181163  0.285207  0.261727  0.316183  0.325785  0.314886
9  -0.183272  0.663036  0.214250  0.265622 -0.392092  0.770363
10  0.886015 -0.501392 -0.204596 -0.019361  0.055185  0.227678
11 -0.167990  0.689913  0.629607 -0.719115 -0.315858 -0.153616
100            0         1         2         3         4         5
0  -0.436812 -0.738548  0.569309  0.840838  0.972037  0.618678
1  -0.002669 -0.719605 -0.337946 -0.419206 -0.326116 -0.400215
2   0.383946  0.061013  0.108560 -0.156125  0.009110  0.023304
3   0.752965 -0.323491  0.543337  0.063336 -0.965447 -0.936405
4   0.269228  0.254042 -0.820005  0.233564  0.273903  0.231496
5   0.377626  0.257601 -0.515997  0.329186  0.438680  0.240635
6   0.124140  0.109243 -0.379730  0.431181  0.692142  0.306195
7  -0.408706  0.105663  0.107214  0.100149  0.111881  0.101868
8  -0.181163  0.271128  0.258539  0.276910  0.289580  0.276821
9  -0.183272  0.663036  0.214250  0.265622 -0.392092  0.770363
10  0.886015 -0.501392 -0.204596 -0.019361  0.055185  0.227678
11 -0.167990  0.689913  0.629607 -0.719115 -0.315858 -0.153616
120            0         1         2         3         4         5
0  -0.436812 -0.738548  0.569640  0.838453  0.972037  0.618678
1  -0.033316 -0.719605 -0.300009 -0.421113 -0.330041 -0.395995
2   0.171953 -0.011576  0.048875 -0.156125  0.051570 -0.057424
3   0.746959 -0.288702  0.537347  0.084540 -0.965447 -0.921017
4   0.253365  0.234917 -0.820005  0.220018  0.256660  0.219246
5   0.346232  0.248742 -0.515997  0.281468  0.425229  0.258450
6   0.148114  0.134928 -0.379730  0.444307  0.672144  0.331374
7  -0.408706  0.094400  0.092944  0.090241  0.098777  0.089887
8  -0.181163  0.228106  0.231885  0.219256  0.254594  0.221492
9  -0.183272  0.663036  0.214250  0.265622 -0.392092  0.770363
10  0.886015 -0.501392 -0.204596 -0.019361  0.055185  0.227678
11 -0.167990  0.689913  0.629607 -0.719115 -0.315858 -0.153616
140            0         1         2         3         4         5
0  -0.436812 -0.738548  0.569640  0.838453  0.972037  0.618678
1  -0.046283 -0.719605 -0.327753 -0.451897 -0.220019 -0.454361
2   0.128992 -0.026375  0.011298 -0.156125  0.114011 -0.092459
3   0.733388 -0.288702  0.537347  0.084540 -0.965447 -0.921017
4   0.255266  0.230544 -0.820005  0.208579  0.236032  0.208273
5   0.299413  0.232805 -0.515997  0.268783  0.388902  0.260440
6   0.151989  0.146870 -0.379730  0.448832  0.656497  0.339462
7  -0.408706  0.080741  0.079963  0.080647  0.093027  0.077621
8  -0.181163  0.192792  0.194100  0.194075  0.215837  0.193603
9  -0.183272  0.663036  0.214250  0.265622 -0.392092  0.770363
10  0.886015 -0.501392 -0.204596 -0.019361  0.055185  0.227678
11 -0.167990  0.689913  0.629607 -0.719115 -0.315858 -0.153616
160            0         1         2         3         4         5
0  -0.436812 -0.738548  0.569640  0.838453  0.972037  0.618678
1  -0.040410 -0.719605 -0.317963 -0.499863 -0.150776 -0.489458
2   0.136734 -0.032610  0.011298 -0.156125  0.112426 -0.092459
3   0.733388 -0.288702  0.537347  0.084540 -0.965447 -0.921017
4   0.224546  0.203967 -0.820005  0.179587  0.216941  0.182458
5   0.300983  0.232805 -0.515997  0.268127  0.389628  0.259878
6   0.151989  0.146870 -0.379730  0.448832  0.656497  0.339462
7  -0.408706  0.062242  0.063027  0.058436  0.063647  0.057712
8  -0.181163  0.192792  0.194100  0.194075  0.215837  0.193603
9  -0.183272  0.663036  0.214250  0.265622 -0.392092  0.770363
10  0.886015 -0.501392 -0.204596 -0.019361  0.055185  0.227678
11 -0.167990  0.689913  0.629607 -0.719115 -0.315858 -0.153616
180            0         1         2         3         4         5
0  -0.436812 -0.738548  0.569640  0.835912  0.972037  0.618015
1  -0.034674 -0.719605 -0.219716 -0.512067 -0.151403 -0.482657
2   0.103328 -0.063881 -0.020828 -0.156125  0.076804 -0.123761
3   0.728579 -0.237665  0.540549  0.107314 -0.965447 -0.921017
4   0.207462  0.179910 -0.820005  0.181306  0.201128  0.177380
5   0.269575  0.236833 -0.515997  0.179162  0.292608  0.221927
6   0.158265  0.181319 -0.379730  0.455074  0.612272  0.352686
7  -0.408706  0.052380  0.053719  0.044077  0.053146  0.053605
8  -0.181163  0.171838  0.173573  0.168829  0.188206  0.168271
9  -0.183272  0.663036  0.214250  0.265622 -0.392092  0.770363
10  0.886015 -0.501392 -0.204596 -0.019361  0.055185  0.227678
11 -0.167990  0.689913  0.629607 -0.719115 -0.315858 -0.153616
200            0         1         2         3         4         5
0  -0.436812 -0.738548  0.569640  0.835912  0.972037  0.618015
1  -0.060898 -0.719605 -0.222261 -0.552464 -0.106800 -0.483617
2   0.038454 -0.090618 -0.024266 -0.156125  0.073317 -0.132624
3   0.728579 -0.237665  0.540549  0.107314 -0.965447 -0.921017
4   0.204116  0.182040 -0.820005  0.169037  0.222696  0.169768
5   0.232229  0.211084 -0.515997  0.181503  0.243244  0.188398
6   0.158265  0.181319 -0.379730  0.455074  0.612272  0.352686
7  -0.408706  0.045453  0.044997  0.034533  0.055430  0.045163
8  -0.181163  0.153989  0.157558  0.154347  0.171402  0.150707
9  -0.183272  0.663036  0.214250  0.265622 -0.392092  0.770363
10  0.886015 -0.501392 -0.204596 -0.019361  0.055185  0.227678
11 -0.167990  0.689913  0.629607 -0.719115 -0.315858 -0.153616
220            0         1         2         3         4         5
0  -0.436812 -0.738548  0.569640  0.835912  0.972037  0.618015
1  -0.039676 -0.719605 -0.323923 -0.529369 -0.136695 -0.482731
2   0.013792 -0.083411 -0.033101 -0.156125  0.055913 -0.145971
3   0.728579 -0.237665  0.540549  0.107314 -0.965447 -0.921017
4   0.196020  0.181072 -0.820005  0.167825  0.202924  0.163834
5   0.243677  0.215915 -0.515997  0.160126  0.233644  0.185598
6   0.158265  0.181319 -0.379730  0.455074  0.612272  0.352686
7  -0.408706  0.042400  0.040595  0.040299  0.041679  0.039226
8  -0.181163  0.150305  0.155955  0.150429  0.159867  0.146203
9  -0.183272  0.663036  0.214250  0.265622 -0.392092  0.770363
10  0.886015 -0.501392 -0.204596 -0.019361  0.055185  0.227678
11 -0.167990  0.689913  0.629607 -0.719115 -0.315858 -0.153616
240            0         1         2         3         4         5
0  -0.436812 -0.738548  0.569640  0.835912  0.972037  0.618015
1  -0.068228 -0.719605 -0.286422 -0.542356 -0.072939 -0.513596
2  -0.030957 -0.123861 -0.071286 -0.156125  0.017957 -0.152483
3   0.728579 -0.237665  0.540549  0.107314 -0.965447 -0.921017
4   0.204078  0.187680 -0.820005  0.164323  0.204354  0.161256
5   0.134624  0.176181 -0.515997  0.111029  0.175646  0.129850
6   0.158265  0.181319 -0.379730  0.455074  0.612272  0.352686
7  -0.408706  0.038346  0.044896  0.036894  0.046249  0.033487
8  -0.181163  0.127285  0.135953  0.127721  0.138326  0.125042
9  -0.183272  0.663036  0.214250  0.265622 -0.392092  0.770363
10  0.886015 -0.501392 -0.204596 -0.019361  0.055185  0.227678
11 -0.167990  0.689913  0.629607 -0.719115 -0.315858 -0.153616
260            0         1         2         3         4         5
0  -0.436812 -0.738548  0.569640  0.835912  0.972037  0.618015
1   0.011078 -0.719605 -0.317827 -0.539322 -0.077109 -0.546900
2  -0.057632 -0.141746 -0.104271 -0.156125 -0.030561 -0.152483
3   0.728579 -0.237665  0.540549  0.107314 -0.965447 -0.921017
4   0.218874  0.197287 -0.820005  0.168744  0.218967  0.163973
5   0.125671  0.120942 -0.515997  0.085943  0.156696  0.114215
6   0.158265  0.181319 -0.379730  0.455074  0.612272  0.352686
7  -0.408706  0.035010  0.037047  0.034356  0.045210  0.033831
8  -0.181163  0.110554  0.114176  0.111908  0.121623  0.110373
9  -0.183272  0.663036  0.214250  0.265622 -0.392092  0.770363
10  0.886015 -0.501392 -0.204596 -0.019361  0.055185  0.227678
11 -0.167990  0.689913  0.629607 -0.719115 -0.315858 -0.153616
280            0         1         2         3         4         5
0  -0.436812 -0.738548  0.569749  0.835912  0.972037  0.616823
1   0.026287 -0.719605 -0.320307 -0.504597 -0.064653 -0.541122
2  -0.113350 -0.156778 -0.145451 -0.163311 -0.071200 -0.167067
3   0.683854 -0.193171  0.534560  0.130239 -0.965447 -0.921017
4   0.199406  0.182631 -0.820005  0.164191  0.207274  0.165412
5   0.115914  0.107743 -0.515997  0.071943  0.155759  0.084668
6   0.207182  0.229039 -0.379730  0.457409  0.575184  0.367465
7  -0.408706  0.034952  0.033378  0.033177  0.036920  0.030554
8  -0.181163  0.097560  0.098767  0.101205  0.101314  0.099846
9  -0.183272  0.663036  0.214250  0.265622 -0.392092  0.770363
10  0.886015 -0.501392 -0.204596 -0.019361  0.055185  0.227678
11 -0.167990  0.689913  0.629607 -0.719115 -0.315858 -0.153616
300            0         1         2         3         4         5
0  -0.436812 -0.738548  0.569749  0.833024  0.969216  0.616823
1  -0.009477 -0.719605 -0.257696 -0.529844 -0.068538 -0.580785
2  -0.142038 -0.172977 -0.146639 -0.169008 -0.027607 -0.173758
3   0.654979 -0.178575  0.537616  0.138536 -0.965447 -0.921017
4   0.200703  0.184922 -0.820005  0.161141  0.187339  0.158085
5   0.120230  0.102951 -0.515997  0.075997  0.166356  0.070287
6   0.209880  0.242526 -0.379730  0.457518  0.571739  0.370719
7  -0.408706  0.032839  0.035233  0.032185  0.046844  0.032090
8  -0.181163  0.088219  0.093849  0.092244  0.090878  0.088390
9  -0.183272  0.663036  0.214250  0.265622 -0.392092  0.770363
10  0.886015 -0.501392 -0.204596 -0.019361  0.055185  0.227678
11 -0.167990  0.689913  0.629607 -0.719115 -0.315858 -0.153616
320            0         1         2         3         4         5
0  -0.436812 -0.738548  0.569749  0.833024  0.969050  0.616823
1   0.002644 -0.719605 -0.285149 -0.533936 -0.143781 -0.566339
2  -0.149555 -0.172977 -0.154996 -0.175809 -0.057756 -0.173758
3   0.652598 -0.178575  0.541616  0.138536 -0.965447 -0.921017
4   0.197866  0.172121 -0.820005  0.156800  0.195601  0.154073
5   0.110885  0.124592 -0.515997  0.056136  0.179689  0.063687
6   0.209880  0.242526 -0.379730  0.457518  0.571739  0.370719
7  -0.408706  0.032520  0.033128  0.031781  0.041333  0.031932
8  -0.181163  0.081085  0.085183  0.084248  0.087259  0.082179
9  -0.183272  0.663036  0.214250  0.265622 -0.392092  0.770363
10  0.886015 -0.501392 -0.204596 -0.019361  0.055185  0.227678
11 -0.167990  0.689913  0.629607 -0.719115 -0.315858 -0.153616
340            0         1         2         3         4         5
0  -0.427223 -0.738548  0.569749  0.833024  0.964601  0.614020
1   0.016075 -0.719605 -0.322138 -0.527891 -0.136240 -0.575227
2  -0.154156 -0.171925 -0.163507 -0.175809 -0.040186 -0.173758
3   0.651296 -0.144225  0.539058  0.174776 -0.965447 -0.921017
4   0.181200  0.160712 -0.820005  0.149764  0.181152  0.159380
5   0.093971  0.071684 -0.515997  0.056189  0.130670  0.057654
6   0.231414  0.271853 -0.379730  0.456752  0.554825  0.384890
7  -0.408706  0.022488  0.031175  0.031508  0.035514  0.030726
8  -0.181163  0.073038  0.078148  0.074297  0.088650  0.073232
9  -0.183272  0.663036  0.214250  0.265622 -0.392092  0.770363
10  0.886015 -0.501392 -0.204596 -0.019361  0.055185  0.227678
11 -0.167990  0.689913  0.629607 -0.719115 -0.315858 -0.153616
360            0         1         2         3         4         5
0  -0.411234 -0.738548  0.569749  0.833024  0.964601  0.599090
1   0.023041 -0.719605 -0.280226 -0.542070 -0.100335 -0.588260
2  -0.122461 -0.184941 -0.166153 -0.175809  0.054134 -0.180866
3   0.651296 -0.144225  0.539058  0.174776 -0.965447 -0.921017
4   0.204422  0.179679 -0.820005  0.160206  0.215904  0.159343
5   0.098338  0.068061 -0.515997  0.076072  0.145609  0.067474
6   0.231414  0.271853 -0.379730  0.456752  0.554825  0.384890
7  -0.408706  0.029391  0.029166  0.031500  0.044207  0.030410
8  -0.181163  0.067150  0.073269  0.067922  0.075974  0.068071
9  -0.183272  0.663036  0.214250  0.265622 -0.392092  0.770363
10  0.886015 -0.501392 -0.204596 -0.019361  0.055185  0.227678
11 -0.167990  0.689913  0.629607 -0.719115 -0.315858 -0.153616
380            0         1         2         3         4         5
0  -0.411234 -0.738548  0.569749  0.833024  0.964601  0.599090
1  -0.025189 -0.719605 -0.296693 -0.534857 -0.125724 -0.600489
2  -0.124694 -0.184941 -0.166153 -0.175809  0.012780 -0.180866
3   0.651296 -0.144225  0.539058  0.174776 -0.965447 -0.921017
4   0.190750  0.172025 -0.820005  0.164528  0.209907  0.158776
5   0.100800  0.071639 -0.515997  0.076782  0.128503  0.071676
6   0.237557  0.281547 -0.379730  0.455797  0.537313  0.386474
7  -0.408706  0.039967  0.041123  0.041870  0.050144  0.041101
8  -0.181163  0.066789  0.072239  0.067097  0.077571  0.066931
9  -0.183272  0.663036  0.214250  0.265622 -0.392092  0.770363
10  0.886015 -0.501392 -0.204596 -0.019361  0.055185  0.227678
11 -0.167990  0.689913  0.629607 -0.719115 -0.315858 -0.153616
400            0         1         2         3         4         5
0  -0.411234 -0.738548  0.570532  0.833024  0.960045  0.599090
1  -0.009837 -0.719605 -0.318590 -0.530239 -0.123056 -0.602820
2  -0.166413 -0.179002 -0.179024 -0.190202 -0.107969 -0.188111
3   0.618298 -0.124798  0.541605  0.181379 -0.965447 -0.921017
4   0.197891  0.164794 -0.820005  0.168722  0.207929  0.160143
5   0.108449  0.059395 -0.515997  0.045940  0.113808  0.043756
6   0.256142  0.290313 -0.379730  0.449074  0.536706  0.393591
7  -0.408706  0.035240  0.035928  0.036034  0.033480  0.029494
8  -0.181163  0.058999  0.061627  0.057690  0.067491  0.058775
9  -0.183272  0.663036  0.214250  0.265622 -0.392092  0.770363
10  0.886015 -0.501392 -0.204596 -0.019361  0.055185  0.227678
11 -0.167990  0.689913  0.629607 -0.719115 -0.315858 -0.153616
420            0         1         2         3         4         5
0  -0.411234 -0.738548  0.570532  0.833024  0.960045  0.599090
1  -0.089996 -0.719605 -0.241436 -0.500837 -0.158671 -0.618756
2  -0.163532 -0.193549 -0.185353 -0.197469 -0.146965 -0.188111
3   0.618298 -0.124798  0.541605  0.181379 -0.965447 -0.921017
4   0.208424  0.179412 -0.820005  0.169889  0.206671  0.160591
5   0.094235  0.064482 -0.515997  0.056819  0.082279  0.034887
6   0.256142  0.290313 -0.379730  0.449074  0.536706  0.393591
7  -0.408706  0.026351  0.031512  0.031351  0.034940  0.029414
8  -0.181163  0.055634  0.056985  0.053745  0.060936  0.054383
9  -0.183272  0.663036  0.214250  0.265622 -0.392092  0.770363
10  0.886015 -0.501392 -0.204596 -0.019361  0.055185  0.227678
11 -0.167990  0.689913  0.629607 -0.719115 -0.315858 -0.153616
