20            0         1         2         3         4         5
0  -0.834983  0.163857  0.123956  0.292790 -0.760470 -0.608489
1   0.854937  0.392159  0.481834 -0.124446  0.525982  0.176148
2   0.921957  0.608228  0.876711  0.016119  0.904499 -0.068541
3  -0.149594  0.329455  0.594172  0.326473  0.932329  0.571419
4   1.091604  1.080276  1.059279  1.061300  1.090604  1.072778
5   1.155777  1.229957  1.289193  1.285549  1.259517  1.023697
6  -0.493586  0.249135  0.105855  0.093062  0.218470  0.269905
7   1.020837  0.904810  0.997720  0.974518  1.013216  1.005131
8   1.028505  1.032978  0.937856  1.036907  1.008320  1.034525
9   0.450101  0.309215 -0.324391  0.920428 -0.989298  0.577988
10  0.456407 -0.978899 -0.097227 -0.762511  0.543407  0.512939
11  0.427454  0.496700 -0.038093 -0.000490  0.398852  0.084564
40            0         1         2         3         4         5
0  -0.834983  0.163857  0.123956  0.292790 -0.760470 -0.608489
1   0.964852  0.890481  0.905781 -0.124446  1.098178  0.463841
2   0.830074  0.602891  0.876711  0.096505  1.113341 -0.068541
3  -0.149594  0.329455  0.594172  0.326473  0.932329  0.571419
4   1.506003  1.427594  1.397483  1.490177  1.467428  1.468825
5   1.432176  1.383984  1.287407  1.319641  1.438114  1.398201
6  -0.493586  0.249135  0.122260  0.103362  0.218470  0.269905
7   1.236212  1.185961  1.208436  1.228220  1.118861  1.233852
8   1.366341  1.372619  1.365060  1.226485  1.376113  1.371456
9   0.450101  0.309215 -0.324391  0.920428 -0.989298  0.577988
10  0.456407 -0.978899 -0.097227 -0.762511  0.543407  0.512939
11  0.427454  0.496700 -0.038093 -0.000490  0.398852  0.084564
60            0         1         2         3         4         5
0  -0.834983  0.163857  0.277547  0.292790 -0.760470 -0.608489
1   1.536269  0.888461  1.271275 -0.124446  1.233576  0.802797
2   0.711428  0.575046  0.853569  0.096505  1.262743 -0.068541
3  -0.149594  0.492833  0.781466  0.620590  0.957329  0.449272
4   1.708782  1.710286  1.729140  1.725059  1.719635  1.690456
5   1.349410  1.385722  1.380518  1.323664  1.479982  1.396135
6  -0.493586  0.240390  0.229637  0.244317  0.265347  0.269905
7   1.401166  1.180529  1.381723  1.368761  1.362914  1.401115
8   1.371439  1.299861  1.371795  1.352668  1.345011  1.215101
9   0.450101  0.309215 -0.324391  0.920428 -0.989298  0.577988
10  0.456407 -0.978899 -0.097227 -0.762511  0.543407  0.512939
11  0.427454  0.496700 -0.038093 -0.000490  0.398852  0.084564
80            0         1         2         3         4         5
0  -0.834983  0.243204  0.277547  0.292790 -0.760470 -0.608489
1   1.688029  1.806967  1.403706 -0.124446  2.063767  1.076702
2   1.623649  1.208987  1.221269  0.517196  1.524601 -0.068541
3  -0.149594  0.618712  0.781466  0.672856  0.788670  0.449272
4   2.121265  2.059252  2.018490  2.077520  2.109514  2.071579
5   1.924162  1.892370  1.764972  1.727787  1.722494  1.852529
6  -0.493586  0.278182  0.252859  0.263485  0.270742  0.270248
7   1.546737  1.713773  1.776902  1.745873  1.787445  1.742727
8   1.484743  1.478827  1.500527  1.313761  1.524557  1.423036
9   0.450101  0.309215 -0.324391  0.920428 -0.989298  0.577988
10  0.456407 -0.978899 -0.097227 -0.762511  0.543407  0.512939
11  0.427454  0.496700 -0.038093 -0.000490  0.398852  0.084564
100            0         1         2         3         4         5
0  -0.834983  0.243204  0.277547  0.342378 -0.760470 -0.608489
1   2.300485  1.914784  2.092300 -0.124446  2.196030  1.812321
2   1.966291  1.231265  1.492409  0.856129  1.648598 -0.068541
3  -0.149594  0.618712  0.784416  0.543812  0.788670  0.513757
4   2.736131  2.613520  2.717179  2.678485  2.684056  2.695122
5   2.004089  1.714028  1.874632  1.974425  2.032301  1.931667
6  -0.493586  0.278182  0.259722  0.246213  0.276480  0.273966
7   2.053534  2.202940  2.201991  2.207133  2.008074  2.223626
8   1.815755  1.775809  1.763243  1.582937  1.797324  1.668001
9   0.450101  0.309215 -0.324391  0.920428 -0.989298  0.577988
10  0.456407 -0.978899 -0.097227 -0.762511  0.543407  0.512939
11  0.427454  0.496700 -0.038093 -0.000490  0.398852  0.084564
120            0         1         2         3         4         5
0  -0.834983  0.373937  0.277547  0.342378 -0.760470 -0.608489
1   2.209672  2.301327  2.330131 -0.124446  2.231877  2.045660
2   1.694329  1.595236  1.850851  1.209474  2.093848 -0.068541
3  -0.149594  0.664116  0.636274  0.627085  0.650121  0.565991
4   2.782283  2.792032  2.695738  2.696871  2.720336  2.712824
5   2.212257  2.113756  2.257369  2.240150  2.306226  2.112058
6  -0.493586  0.286401  0.253386  0.281481  0.295723  0.289437
7   2.236640  2.161475  2.284333  2.278011  2.302843  1.889291
8   1.899449  2.013986  1.814154  1.978707  2.016800  2.015167
9   0.450101  0.309215 -0.324391  0.920428 -0.989298  0.577988
10  0.456407 -0.978899 -0.097227 -0.762511  0.543407  0.512939
11  0.427454  0.496700 -0.038093 -0.000490  0.398852  0.084564
140            0         1         2         3         4         5
0  -0.834983  0.373937  0.277547  0.342378 -0.760470 -0.608489
1   2.727293  2.341606  2.490121 -0.124446  2.720625  2.203882
2   2.252719  1.852083  2.170089  1.860942  2.371299 -0.068541
3  -0.149594  0.664116  0.636274  0.627085  0.650121  0.565991
4   3.059142  3.016102  2.924664  3.066290  3.070201  3.063602
5   2.567098  2.426369  2.532526  2.625618  2.449775  2.549106
6  -0.493586  0.260646  0.285113  0.308969  0.414617  0.304907
7   2.641058  2.522486  2.622029  2.617864  2.491773  2.223768
8   2.161835  2.190447  2.376888  2.334883  2.170575  2.340251
9   0.450101  0.309215 -0.324391  0.920428 -0.989298  0.577988
10  0.456407 -0.978899 -0.097227 -0.762511  0.543407  0.512939
11  0.427454  0.496700 -0.038093 -0.000490  0.398852  0.084564
160            0         1         2         3         4         5
0  -0.834983  0.373937  0.277547  0.342378 -0.760470 -0.608489
1   2.944293  2.823750  2.665533 -0.124446  2.755683  2.286266
2   2.511354  1.956877  2.344931  1.827480  2.446299 -0.068541
3  -0.149594  0.664116  0.636274  0.627085  0.650121  0.565991
4   3.251064  3.244454  3.235832  3.240853  3.235832  3.223247
5   2.604290  2.426369  2.663612  2.625618  2.628154  2.549106
6  -0.493586  0.260646  0.285113  0.308969  0.414617  0.304907
7   2.822772  2.915483  2.923738  2.921470  2.833376  2.632327
8   2.161835  2.190447  2.376888  2.334883  2.170575  2.340251
9   0.450101  0.309215 -0.324391  0.920428 -0.989298  0.577988
10  0.456407 -0.978899 -0.097227 -0.762511  0.543407  0.512939
11  0.427454  0.496700 -0.038093 -0.000490  0.398852  0.084564
180            0         1         2         3         4         5
0  -0.834983  0.441709  0.277547  0.342378 -0.760470 -0.304298
1   2.882367  2.786953  2.699974 -0.124446  2.660315  2.387072
2   2.533403  2.029194  2.553920  1.895667  2.391565 -0.068541
3  -0.149594  0.539166  0.720684  0.674068  0.790493  0.573620
4   3.221025  3.246759  3.185165  3.194795  3.278484  3.199561
5   2.871088  2.773830  2.753973  2.644556  2.904682  2.582140
6  -0.493586  0.375568  0.329649  0.358471  0.373155  0.376363
7   2.767972  2.984371  2.983814  2.965353  2.983606  2.687426
8   2.480303  2.479003  2.393296  2.231462  2.441146  2.450975
9   0.450101  0.309215 -0.324391  0.920428 -0.989298  0.577988
10  0.456407 -0.978899 -0.097227 -0.762511  0.543407  0.512939
11  0.427454  0.496700 -0.038093 -0.000490  0.398852  0.084564
200            0         1         2         3         4         5
0  -0.834983  0.441709  0.277547  0.342378 -0.760470 -0.304298
1   3.025282  2.898770  2.913247 -0.124446  2.941171  2.708582
2   2.465172  2.132701  2.453912  2.187624  2.697903 -0.068541
3  -0.149594  0.539166  0.720684  0.674068  0.790493  0.573620
4   3.514227  3.534019  3.508565  3.463064  3.500612  3.441681
5   3.009015  2.951404  2.844597  2.905112  2.900260  2.867698
6  -0.493586  0.375568  0.329649  0.358471  0.373155  0.376363
7   3.185161  3.181624  3.183462  2.716314  3.183845  3.102474
8   2.657526  2.463203  2.676985  2.677831  2.426903  2.679318
9   0.450101  0.309215 -0.324391  0.920428 -0.989298  0.577988
10  0.456407 -0.978899 -0.097227 -0.762511  0.543407  0.512939
11  0.427454  0.496700 -0.038093 -0.000490  0.398852  0.084564
220            0         1         2         3         4         5
0  -0.834983  0.441709  0.277547  0.342378 -0.760470 -0.304298
1   3.203335  3.009303  2.969741 -0.124446  2.976749  2.796844
2   2.396129  2.107123  2.361223  2.149565  2.696901 -0.068541
3  -0.149594  0.539166  0.720684  0.674068  0.790493  0.573620
4   3.622417  3.628569  3.613396  3.661725  3.658529  3.661055
5   3.023337  3.149159  3.112073  3.051207  3.199442  3.023968
6  -0.493586  0.375568  0.329649  0.358471  0.373155  0.376363
7   3.102567  3.307176  3.114059  3.303182  3.298227  3.009508
8   2.621635  2.646880  2.411102  2.679231  2.613211  2.679318
9   0.450101  0.309215 -0.324391  0.920428 -0.989298  0.577988
10  0.456407 -0.978899 -0.097227 -0.762511  0.543407  0.512939
11  0.427454  0.496700 -0.038093 -0.000490  0.398852  0.084564
240            0         1         2         3         4         5
0  -0.834983  0.441709  0.277547  0.342378 -0.760470 -0.304298
1   3.597233  3.436051  3.337504 -0.124446  3.547389  2.984547
2   3.292285  2.907355  2.947483  2.630612  3.513985 -0.068541
3  -0.149594  0.539166  0.720684  0.674068  0.790493  0.573620
4   3.975385  3.970735  3.959015  3.953556  4.000895  3.996029
5   3.713851  3.538203  3.634103  3.530468  3.648560  3.554114
6  -0.493586  0.375568  0.329649  0.358471  0.373155  0.376363
7   3.582229  3.557047  3.580601  3.574976  3.608945  3.191389
8   3.450722  3.456900  3.105276  3.444571  3.505821  3.450135
9   0.450101  0.309215 -0.324391  0.920428 -0.989298  0.577988
10  0.456407 -0.978899 -0.097227 -0.762511  0.543407  0.512939
11  0.427454  0.496700 -0.038093 -0.000490  0.398852  0.084564
260            0         1         2         3         4         5
0  -0.834983  0.441709  0.277547  0.342378 -0.760470 -0.304298
1   3.763717  3.721586  3.828228 -0.124446  3.905464  3.484391
2   3.337856  3.238149  3.288153  3.026646  3.566475 -0.068541
3  -0.149594  0.539166  0.720684  0.674068  0.790493  0.573620
4   4.315212  4.336935  4.284347  4.259146  4.330214  4.339093
5   3.845131  3.724135  3.741916  3.782072  3.854598  3.856108
6  -0.493586  0.375719  0.338525  0.358471  0.373476  0.604067
7   3.513975  3.962255  3.775245  3.961334  3.965570  3.963023
8   3.550619  3.287781  3.431541  3.653131  3.651585  3.649437
9   0.450101  0.309215 -0.324391  0.920428 -0.989298  0.577988
10  0.456407 -0.978899 -0.097227 -0.762511  0.543407  0.512939
11  0.427454  0.496700 -0.038093 -0.000490  0.398852  0.084564
280            0         1         2         3         4         5
0  -0.834983  0.441709  0.348944  0.465465 -0.760470 -0.304298
1   3.825954  3.452177  3.794116 -0.124446  3.828011  3.507110
2   3.341740  3.234621  3.200477  3.019859  3.534703 -0.068541
3  -0.149594  0.586918  0.859222  0.835903  0.984039  0.745358
4   4.282170  4.308743  4.266011  4.260664  4.261477  4.140271
5   3.573200  3.872660  3.805710  3.797686  3.743641  3.768615
6  -0.493586  0.515601  0.477059  0.426193  0.452776  0.604067
7   3.962537  3.983825  3.628765  3.976588  3.982046  3.877474
8   3.305445  3.650578  3.664468  3.662390  3.551939  3.549538
9   0.450101  0.309215 -0.324391  0.920428 -0.989298  0.577988
10  0.456407 -0.978899 -0.097227 -0.762511  0.543407  0.512939
11  0.427454  0.496700 -0.038093 -0.000490  0.398852  0.084564
300            0         1         2         3         4         5
0  -0.834983  0.441709  0.348944  0.465465 -0.760470 -0.304298
1   3.976022  3.751132  4.108393 -0.124446  3.989718  3.432883
2   3.410404  3.151964  3.160077  3.045298  3.611484 -0.068541
3  -0.149594  0.524374  0.871704  0.864049  0.984039  0.810040
4   4.333397  4.320266  4.325606  4.347641  4.360213  4.347383
5   4.022942  3.964010  3.907847  3.790207  4.036213  3.909137
6  -0.493586  0.561754  0.543320  0.518990  0.496949  0.604067
7   4.174570  3.768547  4.200084  4.114186  4.203553  4.193033
8   3.599279  3.642742  3.542711  3.334702  3.718285  3.694342
9   0.450101  0.309215 -0.324391  0.920428 -0.989298  0.577988
10  0.456407 -0.978899 -0.097227 -0.762511  0.543407  0.512939
11  0.427454  0.496700 -0.038093 -0.000490  0.398852  0.084564
320            0         1         2         3         4         5
0  -0.834983  0.441709  0.348944  0.465465 -0.760470 -0.304298
1   4.134368  4.129717  3.801811 -0.124446  4.023902  3.706328
2   3.606315  3.241817  3.283430  3.046937  3.527101 -0.068541
3  -0.149594  0.524374  1.401708  0.864049  0.984039  0.810040
4   4.601970  4.552330  4.576588  4.548377  4.593148  4.552410
5   3.889842  3.931886  3.799094  3.880886  3.870517  3.951602
6  -0.493586  0.561754  0.543320  0.518990  0.496949  0.604067
7   4.315000  4.323601  4.325687  3.730554  4.291106  4.331777
8   3.746453  3.872810  3.648402  3.847936  3.895492  3.468859
9   0.450101  0.309215 -0.324391  0.920428 -0.989298  0.577988
10  0.456407 -0.978899 -0.097227 -0.762511  0.543407  0.512939
11  0.427454  0.496700 -0.038093 -0.000490  0.398852  0.084564
340            0         1         2         3         4         5
0  -0.834983  0.550209  0.348944  0.559089 -0.760470 -0.304298
1   4.219146  3.939019  3.889915 -0.124446  4.190213  3.884173
2   3.520235  3.798849  3.814119  3.438891  3.858727 -0.068541
3  -0.149594  0.624607  1.526708  1.091938  1.177409  0.749443
4   4.593530  4.545628  4.582665  4.568799  4.545096  4.571470
5   4.138622  4.077947  4.145197  4.261588  4.217329  4.121657
6  -0.493586  0.581580  0.514605  0.574403  0.573814  0.604067
7   4.371239  4.240456  4.371224  4.316764  4.293773  3.718710
8   4.042781  4.094807  4.000526  4.034466  4.041850  3.853241
9   0.450101  0.309215 -0.324391  0.920428 -0.989298  0.577988
10  0.456407 -0.978899 -0.097227 -0.762511  0.543407  0.512939
11  0.427454  0.496700 -0.038093 -0.000490  0.398852  0.084564
360            0         1         2         3         4         5
0  -0.834983  0.550209  0.348944  0.559089 -0.760470 -0.304298
1   4.706458  4.562935  4.393320 -0.124446  4.713123  4.356257
2   4.092448  3.655766  3.770413  3.526894  4.148548 -0.068541
3  -0.149594  0.624607  1.526708  1.091938  1.177409  0.749443
4   5.143956  5.111618  5.112271  5.118867  5.187216  5.144931
5   4.576079  4.343212  4.440742  4.221519  4.405179  4.312116
6  -0.493586  0.581580  0.514605  0.574403  0.573814  0.604067
7   4.776480  4.909584  4.759321  4.909865  4.923039  4.417700
8   4.284538  3.742187  4.252964  4.279084  4.285594  4.274666
9   0.450101  0.309215 -0.324391  0.920428 -0.989298  0.577988
10  0.456407 -0.978899 -0.097227 -0.762511  0.543407  0.512939
11  0.427454  0.496700 -0.038093 -0.000490  0.398852  0.084564
380            0         1         2         3         4         5
0  -0.834983  0.550209  0.348944  0.559089 -0.760470 -0.304298
1   4.731089  4.625072  4.815327 -0.124446  4.835729  4.602506
2   4.042813  3.636173  3.752981  3.526894  4.376218 -0.068541
3  -0.149594  0.624607  1.526708  1.091938  1.177409  0.749443
4   5.397677  5.352460  5.302951  5.399115  5.337340  5.379595
5   4.596093  4.362063  4.502463  4.371335  4.536189  4.443994
6  -0.493586  0.593312  0.523551  0.591298  0.534167  0.604067
7   4.570099  5.050686  5.084284  5.074861  4.818725  5.077275
8   4.285089  3.657531  4.275617  4.279735  4.285594  4.277627
9   0.450101  0.309215 -0.324391  0.920428 -0.989298  0.577988
10  0.456407 -0.978899 -0.097227 -0.762511  0.543407  0.512939
11  0.427454  0.496700 -0.038093 -0.000490  0.398852  0.084564
400            0         1         2         3         4         5
0  -0.834983  0.883832  0.973828  0.559089 -0.760470 -0.304298
1   4.847080  4.640743  4.594224 -0.124446  4.977022  4.447349
2   4.178353  3.785863  3.802806  3.681618  4.262471 -0.068541
3  -0.149594  0.781731  1.641632  1.454998  1.586736  1.259274
4   5.349376  5.334439  5.352899  5.285474  5.337374  5.312957
5   4.648219  4.528299  4.619873  4.684890  4.680940  4.519171
6  -0.493586  0.685864  0.638016  0.690570  0.717157  0.672538
7   4.971416  5.098367  5.027430  5.086796  5.122013  4.393406
8   4.454534  4.468271  4.465591  3.984232  4.338146  4.184390
9   0.450101  0.309215 -0.324391  0.920428 -0.989298  0.577988
10  0.456407 -0.978899 -0.097227 -0.762511  0.543407  0.512939
11  0.427454  0.496700 -0.038093 -0.000490  0.398852  0.084564
420            0         1         2         3         4         5
0  -0.834983  0.883832  0.973828  0.559089 -0.760470 -0.304298
1   5.037439  4.822869  5.030985 -0.124446  5.086272  4.881404
2   4.199770  4.039897  3.812695  3.731769  4.246151 -0.068541
3  -0.149594  0.781731  1.641632  1.454998  1.586736  1.259274
4   5.524548  5.500171  5.516092  5.554865  5.588403  5.489690
5   4.629251  4.681596  4.593530  4.550980  4.621638  4.708737
6  -0.493586  0.685864  0.638016  0.690570  0.717157  0.672538
7   5.271955  5.150192  4.750343  4.853571  5.275087  5.267839
8   4.461318  4.397653  4.462279  4.450041  4.461689  3.994689
9   0.450101  0.309215 -0.324391  0.920428 -0.989298  0.577988
10  0.456407 -0.978899 -0.097227 -0.762511  0.543407  0.512939
11  0.427454  0.496700 -0.038093 -0.000490  0.398852  0.084564
