20            0         1         2         3         4         5
0   0.716665  0.706558 -0.512895 -0.658559 -0.139648 -0.338852
1  -0.487543 -0.155650 -0.472036 -0.427322 -0.234460  0.129532
2  -0.392854 -0.438079  0.728183  0.423018  0.728836 -0.902976
3  -0.256888 -0.428161 -0.628415 -0.506280  0.684612  0.892828
4   0.368218 -0.599031  0.416188  0.840288  0.709136  0.183016
5   0.190598  0.159026 -0.253917 -0.252759  0.006557  0.405408
6  -0.560313 -0.646758 -0.052029 -0.247073  0.277963 -0.657496
7   0.431655 -0.661219  0.351976  0.793660  0.837451  0.222806
8  -0.237595 -0.329358  0.225209  0.080823 -0.238782 -0.133713
9   0.961804 -0.811533 -0.144586  0.137379 -0.076183  0.233570
10  0.520583  0.902974  0.183016  0.980031  0.514972  0.496970
11 -0.949263  0.525768 -0.785924 -0.779027 -0.933501  0.333148
40            0         1         2         3         4         5
0   0.716665  0.706558 -0.512895 -0.658559 -0.139648 -0.338852
1  -0.487543 -0.083440 -0.469903 -0.400713 -0.052813 -0.052613
2  -0.297842 -0.403026  0.614154  0.273756  0.649309 -0.902976
3  -0.256888 -0.428161 -0.628415 -0.506280  0.684612  0.892828
4   0.491456 -0.599031  0.476807  0.608317  0.561274  0.429043
5   0.299578  0.238590 -0.253917 -0.252759  0.225386  0.343788
6  -0.560313 -0.646758 -0.052029 -0.247073  0.277963 -0.657496
7   0.481165 -0.661219  0.455698  0.621688  0.624584  0.380372
8  -0.221304 -0.329358  0.215352  0.100790 -0.238782 -0.098497
9   0.961804 -0.811533 -0.144586  0.137379 -0.076183  0.233570
10  0.520583  0.902974  0.183016  0.980031  0.514972  0.496970
11 -0.949263  0.525768 -0.785924 -0.779027 -0.933501  0.333148
60            0         1         2         3         4         5
0   0.716665  0.706558 -0.512895 -0.658559 -0.139648 -0.338852
1  -0.487543 -0.108540 -0.458356 -0.396509  0.029223 -0.149257
2  -0.286280 -0.409511  0.566823  0.270548  0.645786 -0.902976
3  -0.256888 -0.409036 -0.628415 -0.506280  0.688594  0.863712
4   0.444800 -0.599031  0.433894  0.465174  0.444845  0.410556
5   0.307801  0.233579 -0.253917 -0.252759  0.261849  0.323770
6  -0.552517 -0.646758 -0.031141 -0.211306  0.261216 -0.657496
7   0.437192 -0.661219  0.429069  0.512969  0.474472  0.409582
8  -0.205936 -0.329358  0.198755  0.108114 -0.222713 -0.068334
9   0.961804 -0.811533 -0.144586  0.137379 -0.076183  0.233570
10  0.520583  0.902974  0.183016  0.980031  0.514972  0.496970
11 -0.949263  0.525768 -0.785924 -0.779027 -0.933501  0.333148
80            0         1         2         3         4         5
0   0.716665  0.706242 -0.512895 -0.658559 -0.139648 -0.328754
1  -0.487543 -0.086404 -0.441938 -0.396778  0.140798 -0.245271
2  -0.261183 -0.413592  0.479379  0.095838  0.604294 -0.902976
3  -0.262179 -0.397237 -0.628415 -0.482853  0.692652  0.817435
4   0.407621 -0.599031  0.396986  0.395145  0.407140  0.373092
5   0.327661  0.277286 -0.253917 -0.252759  0.387118  0.268115
6  -0.525316 -0.646758 -0.005846 -0.172859  0.262253 -0.657496
7   0.401082 -0.661219  0.390007  0.446749  0.411791  0.391961
8  -0.157067 -0.329358  0.174887  0.123560 -0.160044 -0.009390
9   0.961804 -0.811533 -0.144586  0.137379 -0.076183  0.233570
10  0.520583  0.902974  0.183016  0.980031  0.514972  0.496970
11 -0.949263  0.525768 -0.785924 -0.779027 -0.933501  0.333148
100            0         1         2         3         4         5
0   0.717025  0.705706 -0.512895 -0.658559 -0.139648 -0.328754
1  -0.487543 -0.080210 -0.408051 -0.405165  0.065636 -0.302603
2  -0.191320 -0.391305  0.410405  0.049123  0.556010 -0.902976
3  -0.238172 -0.397237 -0.628415 -0.471512  0.656244  0.814169
4   0.357126 -0.599031  0.335518  0.328436  0.353882  0.321695
5   0.353507  0.266792 -0.253917 -0.252759  0.397929  0.269578
6  -0.525316 -0.646758 -0.003693 -0.169037  0.268844 -0.657496
7   0.347416 -0.661219  0.336976  0.361269  0.339249  0.340065
8  -0.123797 -0.329358  0.167594  0.129840 -0.126672  0.018084
9   0.961804 -0.811533 -0.144586  0.137379 -0.076183  0.233570
10  0.520583  0.902974  0.183016  0.980031  0.514972  0.496970
11 -0.949263  0.525768 -0.785924 -0.779027 -0.933501  0.333148
120            0         1         2         3         4         5
0   0.704576  0.705162 -0.512895 -0.658559 -0.126452 -0.328754
1  -0.487543 -0.061742 -0.379109 -0.409104  0.033853 -0.306434
2  -0.086039 -0.335347  0.290969 -0.099034  0.482258 -0.902976
3  -0.238172 -0.397237 -0.628415 -0.471512  0.657765  0.814169
4   0.348113 -0.599031  0.310680  0.307561  0.334719  0.302448
5   0.305360  0.284657 -0.253917 -0.252759  0.389817  0.277872
6  -0.525316 -0.646758 -0.003693 -0.169037  0.268844 -0.657496
7   0.323133 -0.661219  0.306825  0.324861  0.312602  0.315809
8   0.006363 -0.329358  0.162825  0.126239  0.026205  0.063970
9   0.961804 -0.811533 -0.144586  0.137379 -0.076183  0.233570
10  0.520583  0.902974  0.183016  0.980031  0.514972  0.496970
11 -0.949263  0.525768 -0.785924 -0.779027 -0.933501  0.333148
140            0         1         2         3         4         5
0   0.704576  0.704552 -0.512895 -0.658559 -0.126452 -0.319050
1  -0.487543 -0.094401 -0.336159 -0.410843  0.084429 -0.348843
2  -0.011382 -0.241709  0.209502 -0.187483  0.437423 -0.902976
3  -0.227610 -0.366357 -0.628415 -0.438477  0.629561  0.798790
4   0.326564 -0.599031  0.280594  0.280345  0.314315  0.279214
5   0.396341  0.325885 -0.253917 -0.252759  0.422710  0.288110
6  -0.525316 -0.646758  0.015114 -0.157662  0.262452 -0.657496
7   0.249653 -0.661219  0.272126  0.277884  0.261350  0.271447
8   0.042683 -0.329358  0.160168  0.126026  0.058087  0.086161
9   0.961804 -0.811533 -0.144586  0.137379 -0.076183  0.233570
10  0.520583  0.902974  0.183016  0.980031  0.514972  0.496970
11 -0.949263  0.525768 -0.785924 -0.779027 -0.933501  0.333148
160            0         1         2         3         4         5
0   0.704576  0.704552 -0.512895 -0.658559 -0.126452 -0.319050
1  -0.487543 -0.131833 -0.257242 -0.442715  0.072828 -0.366922
2  -0.011382 -0.245963  0.209502 -0.200855  0.433288 -0.902976
3  -0.227610 -0.366357 -0.628415 -0.438477  0.629561  0.798790
4   0.311773 -0.599031  0.274925  0.264239  0.295941  0.261671
5   0.404302  0.305038 -0.253917 -0.252759  0.414506  0.278739
6  -0.525316 -0.646758  0.015114 -0.157662  0.262452 -0.657496
7   0.211303 -0.661219  0.214559  0.208264  0.207046  0.205457
8   0.050444 -0.329358  0.159250  0.124854  0.062176  0.088594
9   0.961804 -0.811533 -0.144586  0.137379 -0.076183  0.233570
10  0.520583  0.902974  0.183016  0.980031  0.514972  0.496970
11 -0.949263  0.525768 -0.785924 -0.779027 -0.933501  0.333148
180            0         1         2         3         4         5
0   0.704576  0.704552 -0.512895 -0.658559 -0.126452 -0.319050
1  -0.487543 -0.102529 -0.212429 -0.441326  0.124355 -0.378541
2   0.010858 -0.259288  0.119992 -0.286816  0.375818 -0.902976
3  -0.227610 -0.366357 -0.628415 -0.438477  0.605305  0.797192
4   0.279200 -0.599031  0.267126  0.257997  0.279561  0.259009
5   0.352687  0.288045 -0.253917 -0.252759  0.385848  0.256672
6  -0.503511 -0.629726  0.026005 -0.122625  0.258800 -0.657496
7   0.192003 -0.661219  0.204087  0.193476  0.199121  0.197483
8   0.082470 -0.329358  0.141329  0.119683  0.106328  0.102205
9   0.961804 -0.811533 -0.144586  0.137379 -0.076183  0.233570
10  0.520583  0.902974  0.183016  0.980031  0.514972  0.496970
11 -0.949263  0.525768 -0.785924 -0.779027 -0.933501  0.333148
200            0         1         2         3         4         5
0   0.704576  0.704552 -0.512895 -0.658559 -0.126452 -0.319050
1  -0.487543 -0.132181 -0.200682 -0.445051  0.119165 -0.397706
2   0.012751 -0.261902  0.112671 -0.297318  0.341243 -0.902976
3  -0.219088 -0.366357 -0.628415 -0.438477  0.607510  0.764953
4   0.277452 -0.599031  0.250491  0.235079  0.280472  0.248953
5   0.340294  0.257117 -0.253917 -0.252759  0.379246  0.226338
6  -0.503511 -0.629726  0.034150 -0.114912  0.256222 -0.657496
7   0.174807 -0.661219  0.178812  0.169836  0.190427  0.173754
8   0.095747 -0.329358  0.126078  0.123915  0.112914  0.101040
9   0.961804 -0.811533 -0.144586  0.137379 -0.076183  0.233570
10  0.520583  0.902974  0.183016  0.980031  0.514972  0.496970
11 -0.949263  0.525768 -0.785924 -0.779027 -0.933501  0.333148
220            0         1         2         3         4         5
0   0.704576  0.704552 -0.512895 -0.658559 -0.126452 -0.319050
1  -0.487543 -0.111209 -0.180610 -0.457785  0.092025 -0.425716
2   0.048320 -0.254114  0.122280 -0.301740  0.307890 -0.902976
3  -0.219088 -0.366357 -0.628415 -0.438477  0.607510  0.764953
4   0.286802 -0.599031  0.238386  0.232211  0.254452  0.230655
5   0.315382  0.262732 -0.253917 -0.252759  0.376882  0.228587
6  -0.503511 -0.629726  0.034150 -0.114912  0.256222 -0.657496
7   0.148023 -0.661219  0.151564  0.151622  0.160695  0.150705
8   0.096132 -0.329358  0.123332  0.122744  0.111272  0.099970
9   0.961804 -0.811533 -0.144586  0.137379 -0.076183  0.233570
10  0.520583  0.902974  0.183016  0.980031  0.514972  0.496970
11 -0.949263  0.525768 -0.785924 -0.779027 -0.933501  0.333148
240            0         1         2         3         4         5
0   0.704576  0.704552 -0.512895 -0.658559 -0.126452 -0.319050
1  -0.487543 -0.060739 -0.052869 -0.463030  0.172585 -0.431590
2   0.046375 -0.239055  0.143705 -0.322887  0.239349 -0.902976
3  -0.219088 -0.366357 -0.628415 -0.438477  0.607510  0.764953
4   0.307588 -0.599031  0.259695  0.233289  0.273214  0.235380
5   0.323708  0.263829 -0.253917 -0.252759  0.357878  0.230225
6  -0.503511 -0.629726  0.034150 -0.114912  0.256222 -0.657496
7   0.142289 -0.661219  0.145361  0.140136  0.157552  0.140505
8   0.104127 -0.329358  0.116185  0.110055  0.127652  0.097551
9   0.961804 -0.811533 -0.144586  0.137379 -0.076183  0.233570
10  0.520583  0.902974  0.183016  0.980031  0.514972  0.496970
11 -0.949263  0.525768 -0.785924 -0.779027 -0.933501  0.333148
260            0         1         2         3         4         5
0   0.704576  0.704552 -0.512895 -0.658559 -0.126452 -0.319050
1  -0.487543 -0.064148 -0.073841 -0.465025  0.101712 -0.444265
2   0.013930 -0.246838  0.083005 -0.331672  0.198683 -0.902976
3  -0.219088 -0.366357 -0.628415 -0.438477  0.607510  0.764953
4   0.326159 -0.599031  0.279112  0.245283  0.320185  0.249974
5   0.309124  0.213570 -0.253917 -0.252759  0.299164  0.205304
6  -0.503511 -0.621383  0.033808 -0.108551  0.254688 -0.657496
7   0.144035 -0.661219  0.132750  0.127530  0.137323  0.130954
8   0.107810 -0.329358  0.114882  0.107740  0.130688  0.100142
9   0.961804 -0.811533 -0.144586  0.137379 -0.076183  0.233570
10  0.520583  0.902974  0.183016  0.980031  0.514972  0.496970
11 -0.949263  0.525768 -0.785924 -0.779027 -0.933501  0.333148
280            0         1         2         3         4         5
0   0.703465  0.704552 -0.512895 -0.658559 -0.126452 -0.319050
1  -0.487543 -0.063925 -0.098751 -0.467683  0.034484 -0.435987
2   0.002975 -0.246422  0.047234 -0.349555  0.176660 -0.902976
3  -0.172585 -0.366357 -0.628415 -0.417770  0.609171  0.719133
4   0.297952 -0.599031  0.272358  0.240745  0.284678  0.243790
5   0.268779  0.215552 -0.253917 -0.252759  0.282253  0.210278
6  -0.489381 -0.621383  0.044973 -0.090220  0.255351 -0.657496
7   0.120816 -0.661219  0.118309  0.114648  0.124083  0.109672
8   0.103599 -0.329358  0.110516  0.104601  0.124286  0.099492
9   0.961804 -0.811533 -0.144586  0.137379 -0.076183  0.233570
10  0.520583  0.902974  0.183016  0.980031  0.514972  0.496970
11 -0.949263  0.525768 -0.785924 -0.779027 -0.933501  0.333148
300            0         1         2         3         4         5
0   0.703465  0.704552 -0.512895 -0.658559 -0.126452 -0.319050
1  -0.487543 -0.095427 -0.178995 -0.476687 -0.028740 -0.453528
2  -0.009282 -0.251023  0.038915 -0.382783  0.149223 -0.902976
3  -0.172585 -0.366357 -0.628415 -0.417770  0.609171  0.719133
4   0.285540 -0.599031  0.249976  0.235646  0.258181  0.226969
5   0.270385  0.207335 -0.253917 -0.252759  0.256243  0.179736
6  -0.489381 -0.621383  0.044973 -0.090220  0.255351 -0.657496
7   0.104264 -0.661219  0.103031  0.101846  0.108365  0.096256
8   0.102057 -0.329358  0.111239  0.101674  0.122810  0.099133
9   0.961804 -0.811533 -0.144586  0.137379 -0.076183  0.233570
10  0.520583  0.902974  0.183016  0.980031  0.514972  0.496970
11 -0.949263  0.525768 -0.785924 -0.779027 -0.933501  0.333148
320            0         1         2         3         4         5
0   0.703465  0.704552 -0.512895 -0.658559 -0.126452 -0.319050
1  -0.487543 -0.143891 -0.194948 -0.470802  0.014020 -0.464866
2  -0.055077 -0.263167  0.044513 -0.404085  0.135894 -0.902976
3  -0.172585 -0.366357 -0.628415 -0.417770  0.609171  0.719133
4   0.247631 -0.599031  0.223732  0.210440  0.241036  0.208272
5   0.253253  0.196301 -0.253917 -0.252759  0.247812  0.172623
6  -0.489381 -0.621383  0.044973 -0.090220  0.255351 -0.657496
7   0.097406 -0.661219  0.092483  0.085703  0.090265  0.086241
8   0.105043 -0.329358  0.107500  0.100894  0.118679  0.096865
9   0.961804 -0.811533 -0.144586  0.137379 -0.076183  0.233570
10  0.520583  0.902974  0.183016  0.980031  0.514972  0.496970
11 -0.949263  0.525768 -0.785924 -0.779027 -0.933501  0.333148
340            0         1         2         3         4         5
0   0.703465  0.701923 -0.512895 -0.658559 -0.119646 -0.319050
1  -0.487543 -0.184462 -0.171859 -0.470802  0.025903 -0.464124
2  -0.029996 -0.313720  0.011922 -0.426445  0.102832 -0.902976
3  -0.150696 -0.357009 -0.628415 -0.417770  0.597663  0.688525
4   0.232512 -0.599031  0.208596  0.195272  0.225678  0.199793
5   0.228519  0.183927 -0.253917 -0.239416  0.237522  0.151804
6  -0.468891 -0.621383  0.060700 -0.075958  0.246796 -0.657496
7   0.082211 -0.661219  0.086870  0.078733  0.085338  0.078760
8   0.100812 -0.329358  0.107325  0.098570  0.123424  0.095377
9   0.961804 -0.811533 -0.144586  0.137379 -0.076183  0.233570
10  0.520583  0.902974  0.183016  0.980031  0.514972  0.496970
11 -0.949263  0.525768 -0.785924 -0.779027 -0.933501  0.333148
360            0         1         2         3         4         5
0   0.703465  0.701923 -0.512895 -0.658559 -0.121453 -0.319050
1  -0.487543 -0.173703 -0.226282 -0.470802  0.055736 -0.467581
2   0.004761 -0.321487 -0.021004 -0.434611  0.103699 -0.902976
3  -0.140228 -0.357009 -0.628415 -0.417770  0.597663  0.687148
4   0.235482 -0.599031  0.207568  0.190390  0.231135  0.188543
5   0.229064  0.180331 -0.253917 -0.239416  0.240666  0.154334
6  -0.468891 -0.621383  0.060700 -0.075958  0.246796 -0.657496
7   0.082007 -0.661219  0.081529  0.072514  0.087052  0.072728
8   0.100156 -0.329358  0.106296  0.096250  0.123148  0.095884
9   0.961804 -0.811533 -0.144586  0.137379 -0.076183  0.233570
10  0.520583  0.902974  0.183016  0.980031  0.514972  0.496970
11 -0.949263  0.525768 -0.785924 -0.779027 -0.933501  0.333148
380            0         1         2         3         4         5
0   0.703465  0.701923 -0.512895 -0.658559 -0.121453 -0.319050
1  -0.487543 -0.188759 -0.247062 -0.474052 -0.018814 -0.476133
2  -0.001542 -0.324688 -0.022864 -0.434611  0.103699 -0.902976
3  -0.140228 -0.357009 -0.628415 -0.417770  0.597663  0.687148
4   0.236857 -0.599031  0.211018  0.192770  0.225177  0.192935
5   0.232221  0.159187 -0.253917 -0.239416  0.238269  0.155794
6  -0.462228 -0.621383  0.062068 -0.073224  0.235995 -0.657496
7   0.073743 -0.661219  0.072755  0.062476  0.080949  0.070152
8   0.099748 -0.329358  0.106296  0.097299  0.122392  0.095989
9   0.961804 -0.811533 -0.144586  0.137379 -0.076183  0.233570
10  0.520583  0.902974  0.183016  0.980031  0.514972  0.496970
11 -0.949263  0.525768 -0.785924 -0.779027 -0.933501  0.333148
400            0         1         2         3         4         5
0   0.704440  0.702401 -0.512895 -0.658559 -0.124346 -0.310363
1  -0.487543 -0.231874 -0.246340 -0.474052  0.018644 -0.476133
2  -0.009545 -0.333019 -0.019165 -0.462320  0.112626 -0.902976
3  -0.140228 -0.347942 -0.628415 -0.408096  0.574301  0.673528
4   0.230890 -0.599031  0.214833  0.186758  0.213589  0.191453
5   0.202195  0.155310 -0.253917 -0.202111  0.262036  0.133709
6  -0.442800 -0.613239  0.072059 -0.065336  0.236492 -0.657496
7   0.064946 -0.661219  0.068479  0.060532  0.065762  0.057662
8   0.096637 -0.329358  0.100935  0.095545  0.112667  0.093205
9   0.961804 -0.811533 -0.144586  0.137379 -0.076183  0.233570
10  0.520583  0.902974  0.183016  0.980031  0.514972  0.496970
11 -0.949263  0.525768 -0.785924 -0.779027 -0.933501  0.333148
420            0         1         2         3         4         5
0   0.704440  0.702401 -0.512895 -0.658559 -0.124346 -0.310363
1  -0.487543 -0.269556 -0.266881 -0.469301 -0.090781 -0.479524
2  -0.025477 -0.346051 -0.071924 -0.486590  0.116247 -0.902976
3  -0.140228 -0.347942 -0.628415 -0.408096  0.574301  0.673528
4   0.204046 -0.599031  0.187823  0.168885  0.195597  0.167885
5   0.206229  0.156347 -0.253917 -0.197029  0.261364  0.155681
6  -0.442800 -0.613239  0.072059 -0.065336  0.236492 -0.657496
7   0.065084 -0.661219  0.053805  0.054589  0.063257  0.052918
8   0.097876 -0.329358  0.099660  0.094395  0.118625  0.092294
9   0.961804 -0.811533 -0.144586  0.137379 -0.076183  0.233570
10  0.520583  0.902974  0.183016  0.980031  0.514972  0.496970
11 -0.949263  0.525768 -0.785924 -0.779027 -0.933501  0.333148
