20            0         1         2         3         4         5
0   0.247807  0.953055  0.249555 -0.245724  0.657565 -0.755930
1   0.600142 -0.191505  0.571949 -0.441658  0.779987 -0.518274
2   0.792889  0.661538  0.724870  0.195616  0.866014  0.080321
3  -0.717537  0.002944 -0.958529 -0.756264 -0.139453 -0.764915
4   1.034598  1.066338 -0.155674  0.888822  1.117003  1.031502
5   1.198370  1.043764  1.219687  1.050949  1.243900  1.018853
6  -0.953596  0.911622 -0.514876  0.968010 -0.559560  0.247554
7   0.809515  0.757229 -0.056007  0.684092 -0.030346  0.779798
8   0.712593  0.648015  0.732167  0.585806  0.662495  0.664409
9  -0.071967  0.568385  0.469477  0.094308 -0.721772 -0.044389
10  0.200264 -0.241224 -0.703594 -0.783465 -0.479290  0.420057
11 -0.187921  0.283071  0.551063 -0.353387  0.260388 -0.682286
40            0         1         2         3         4         5
0   0.247807  0.953055  0.249555 -0.245724  0.657565 -0.755930
1   0.932542  0.659939  0.764587  0.120219  0.774084 -0.518274
2   0.852685  0.715769  0.969838  0.259874  1.156741  0.080321
3  -0.717537  0.002944 -0.958529 -0.756264 -0.139453 -0.764915
4   1.260799  1.251886 -0.155674  1.283662  1.263742  1.251160
5   1.430502  1.197571  1.320582  1.382046  1.325554  1.412462
6  -0.953596  0.911622 -0.514876  0.968010 -0.559560  0.247554
7   0.952041  0.962803 -0.056007  0.963425  0.974798  0.801829
8   0.760097  0.772275  0.698489  0.671824  0.862291  0.749295
9  -0.071967  0.568385  0.469477  0.094308 -0.721772 -0.044389
10  0.200264 -0.241224 -0.703594 -0.783465 -0.479290  0.420057
11 -0.187921  0.283071  0.551063 -0.353387  0.260388 -0.682286
60            0         1         2         3         4         5
0   0.247807  0.778525  0.244894 -0.212388  0.601859 -0.755930
1   1.151744  1.033490  1.132267  0.826375  1.260755 -0.518274
2   1.039699  0.825337  1.027988  0.276937  1.261589  0.115339
3  -0.134699  0.073815 -0.958529 -0.412046  0.106034 -0.321659
4   1.578854  1.572534 -0.155674  1.569849  1.595785  1.611565
5   1.340437  1.335118  1.396225  1.403595  1.354491  1.406470
6  -0.953596  0.911622  0.323071  0.839657  0.211515  0.625762
7   1.206059  1.037531 -0.056007  1.199206  1.226886  1.137262
8   0.812310  0.723860  0.745744  0.748134  0.872863  0.822844
9  -0.071967  0.568385  0.469477  0.094308 -0.721772 -0.044389
10  0.200264 -0.241224 -0.703594 -0.783465 -0.479290  0.420057
11 -0.187921  0.283071  0.551063 -0.353387  0.260388 -0.682286
80            0         1         2         3         4         5
0   0.247807  0.778525  0.231008 -0.212388  0.601859 -0.755930
1   1.503004  1.507294  1.392365  0.982339  1.527221 -0.518274
2   1.148855  0.908099  1.297865  0.487458  1.504399  0.231403
3  -0.024497  0.063067 -0.958529 -0.412046  0.134605 -0.202897
4   1.785855  1.793578 -0.155674  1.796844  1.839147  1.805059
5   1.482410  1.554270  1.641566  1.470783  1.461125  1.466287
6  -0.953596  0.911622  0.482568  0.886529  0.407694  0.654348
7   1.430499  1.407451 -0.056007  1.379079  1.335015  1.413438
8   1.106231  1.119047  1.120688  0.938619  1.082465  1.017437
9  -0.071967  0.568385  0.469477  0.094308 -0.721772 -0.044389
10  0.200264 -0.241224 -0.703594 -0.783465 -0.479290  0.420057
11 -0.187921  0.283071  0.551063 -0.353387  0.260388 -0.682286
100            0         1         2         3         4         5
0   0.247807  0.778525  0.231008 -0.212388  0.601859 -0.755930
1   1.881418  1.837581  1.640197  1.362601  1.731158 -0.518274
2   1.158214  0.979455  1.039826  0.557123  1.361276  0.433565
3  -0.008587  0.054361 -0.958529 -0.412046  0.134605 -0.202897
4   2.329492  2.152536 -0.155674  2.284322  2.213967  2.297574
5   1.630066  1.681800  1.724255  1.692121  1.726789  1.294640
6  -0.953596  0.820460  0.656237  0.891297  0.614058  0.742825
7   1.597294  1.676310 -0.056007  1.592606  1.491218  1.660071
8   1.309996  1.180747  1.302847  1.291367  1.325630  1.210809
9  -0.071967  0.568385  0.469477  0.094308 -0.721772 -0.044389
10  0.200264 -0.241224 -0.703594 -0.783465 -0.479290  0.420057
11 -0.187921  0.283071  0.551063 -0.353387  0.260388 -0.682286
120            0         1         2         3         4         5
0   0.247807  0.778525  0.231008 -0.212388  0.769950 -0.755930
1   2.012874  1.804675  1.775587  1.536980  1.977937 -0.518274
2   1.681574  1.387433  1.457787  0.886090  1.995095  1.002388
3  -0.008587  0.054361 -0.958529 -0.412046  0.134605 -0.202897
4   2.197700  2.310880 -0.155674  2.329357  2.361868  2.314822
5   2.119851  2.014186  2.003950  2.085260  2.180828  2.092393
6  -0.953596  0.820460  0.656237  0.891297  0.614058  0.742825
7   1.755092  1.626770 -0.056007  1.698319  1.535183  1.701717
8   1.629922  1.529858  1.470446  1.527971  1.715933  1.536159
9  -0.071967  0.568385  0.469477  0.094308 -0.721772 -0.044389
10  0.200264 -0.241224 -0.703594 -0.783465 -0.479290  0.420057
11 -0.187921  0.283071  0.551063 -0.353387  0.260388 -0.682286
140            0         1         2         3         4         5
0   0.237487  0.778525  0.226368 -0.212388  0.800807 -0.755930
1   2.487419  2.156696  2.498487  1.820287  2.642549 -0.518274
2   2.069720  1.947410  1.865534  1.082889  2.791838  1.508486
3   0.005733  0.062863 -0.958529 -0.258004  0.416202 -0.202897
4   2.831241  2.898396 -0.155674  2.923643  2.932362  2.929051
5   2.582408  2.206838  2.688026  2.635291  2.815712  2.518707
6  -0.953596  0.853651  0.752496  0.891297  0.800305  0.744646
7   1.942894  1.834970 -0.056007  1.743961  1.967278  1.946449
8   1.855875  1.819202  1.645897  1.649241  1.808730  1.787197
9  -0.071967  0.568385  0.469477  0.094308 -0.721772 -0.044389
10  0.200264 -0.241224 -0.703594 -0.783465 -0.479290  0.420057
11 -0.187921  0.283071  0.551063 -0.353387  0.260388 -0.682286
160            0         1         2         3         4         5
0   0.237487  0.778525  0.226368 -0.212388  0.800807 -0.755930
1   2.933352  2.958550  3.032392  2.487402  3.009278 -0.518274
2   2.465403  2.262893  1.865534  1.328391  2.951983  1.508486
3   0.005733  0.062863 -0.958529 -0.258004  0.416202 -0.202897
4   3.416361  3.371331 -0.155674  3.292031  3.420051  3.277739
5   2.694002  2.365064  2.750719  2.721718  2.815712  2.548408
6  -0.953596  0.853651  0.752496  0.891297  0.800305  0.744646
7   2.626854  2.041513 -0.056007  2.516896  2.569322  2.646700
8   1.855875  1.826170  1.718108  1.352623  1.813444  1.800246
9  -0.071967  0.568385  0.469477  0.094308 -0.721772 -0.044389
10  0.200264 -0.241224 -0.703594 -0.783465 -0.479290  0.420057
11 -0.187921  0.283071  0.551063 -0.353387  0.260388 -0.682286
180            0         1         2         3         4         5
0   0.237487  0.778525  0.226368 -0.212388  0.800807 -0.755930
1   2.970420  3.209842  3.041598  2.685959  3.183544 -0.518274
2   2.691410  2.410808  2.498914  2.034165  3.046511  1.982901
3   0.146893  0.062863 -0.958529 -0.190583  0.381711 -0.083268
4   3.233580  3.326591 -0.155674  3.408284  3.372809  3.288626
5   3.021313  3.093299  3.053095  3.006359  3.254155  3.075512
6  -0.953596  0.791074  0.751331  0.891297  0.837567  0.828168
7   2.757981  2.578025 -0.056007  2.592827  2.756035  2.336061
8   2.097115  2.210626  2.165464  2.157594  2.052092  2.184807
9  -0.071967  0.568385  0.469477  0.094308 -0.721772 -0.044389
10  0.200264 -0.241224 -0.703594 -0.783465 -0.479290  0.420057
11 -0.187921  0.283071  0.551063 -0.353387  0.260388 -0.682286
200            0         1         2         3         4         5
0   0.237487  0.778525  0.226368 -0.212388  0.800807 -0.755930
1   3.240903  3.140253  3.180649  2.852707  3.402852 -0.518274
2   2.731279  2.642465  2.738066  2.314763  3.250415  2.084491
3   0.146893  0.062863 -0.958529 -0.190583  0.381711 -0.083268
4   3.695745  3.578343 -0.155674  3.727430  3.698936  3.651839
5   3.211910  3.002888  3.227751  3.181215  3.319751  3.031941
6  -0.953596  0.791074  0.751331  0.891297  0.837567  0.828168
7   3.126685  2.735817 -0.056007  2.949381  3.099368  2.995055
8   2.730849  2.339424  2.470897  2.646163  2.758960  2.637929
9  -0.071967  0.568385  0.469477  0.094308 -0.721772 -0.044389
10  0.200264 -0.241224 -0.703594 -0.783465 -0.479290  0.420057
11 -0.187921  0.283071  0.551063 -0.353387  0.260388 -0.682286
220            0         1         2         3         4         5
0   0.237487  0.778525  0.226368 -0.212388  0.800807 -0.755930
1   3.689208  3.530136  3.372748  2.979751  3.237888 -0.518274
2   2.658923  2.569890  2.719689  2.386541  2.987327  2.429100
3   0.146893  0.062863 -0.958529 -0.190583  0.381711 -0.083268
4   3.807766  3.943092 -0.155674  3.717693  3.914993  3.890113
5   3.462268  3.222727  3.265719  3.265130  3.405103  3.321370
6  -0.953596  0.791074  0.751331  0.891297  0.837567  0.828168
7   2.926168  3.038311 -0.056007  3.244199  3.240498  2.989066
8   2.933111  2.522804  2.733622  2.626615  2.851580  2.794738
9  -0.071967  0.568385  0.469477  0.094308 -0.721772 -0.044389
10  0.200264 -0.241224 -0.703594 -0.783465 -0.479290  0.420057
11 -0.187921  0.283071  0.551063 -0.353387  0.260388 -0.682286
240            0         1         2         3         4         5
0   0.237487  0.778525  0.226368 -0.212388  0.800807 -0.755930
1   3.967786  3.865640  3.857660  3.442325  4.160896 -0.518274
2   4.004280  3.563629  3.277081  3.091785  4.167700  2.845961
3   0.146893  0.062863 -0.958529 -0.190583  0.381711 -0.083268
4   4.375840  4.313098 -0.155674  4.229570  4.346037  4.299689
5   4.111733  3.884776  4.138916  4.162202  4.208446  4.039914
6  -0.953596  0.791074  0.751331  0.891297  0.837567  0.828168
7   3.487797  3.041832 -0.056007  3.445081  3.639731  3.537493
8   3.424065  2.639663  3.433594  3.426144  3.508407  3.245720
9  -0.071967  0.568385  0.469477  0.094308 -0.721772 -0.044389
10  0.200264 -0.241224 -0.703594 -0.783465 -0.479290  0.420057
11 -0.187921  0.283071  0.551063 -0.353387  0.260388 -0.682286
260            0         1         2         3         4         5
0   0.237487  0.778525  0.226368 -0.212388  0.800807 -0.755930
1   4.908677  4.831908  4.461450  4.271619  4.787304 -0.518274
2   4.050228  3.545174  3.857942  3.518154  4.186921  3.510243
3   0.146893  0.062863 -0.958529 -0.190583  0.381711 -0.083268
4   5.117987  5.106107 -0.155674  5.019191  5.046665  5.079697
5   4.377622  4.315508  4.370861  4.251104  4.489156  4.413331
6  -0.953596  0.791074  0.751331  0.891297  0.837567  0.828168
7   4.224671  4.005700 -0.056007  4.029318  4.132526  3.731931
8   3.785140  3.886417  3.602223  3.910264  3.840623  3.289319
9  -0.071967  0.568385  0.469477  0.094308 -0.721772 -0.044389
10  0.200264 -0.241224 -0.703594 -0.783465 -0.479290  0.420057
11 -0.187921  0.283071  0.551063 -0.353387  0.260388 -0.682286
280            0         1         2         3         4         5
0   0.237487  0.778525  0.335223 -0.212388  0.800807 -0.755930
1   5.249457  5.162965  4.814846  4.461440  4.948455 -0.518274
2   4.042722  3.641060  3.801325  3.526339  4.294244  3.513613
3   0.308167  0.280265 -0.958529  0.145085  0.799291  0.189802
4   5.175784  5.178733 -0.155674  5.264919  5.319918  5.253866
5   4.528931  4.677007  4.384499  4.407185  4.542520  4.149804
6  -0.953596  0.825540  0.777925  0.891297  0.865598  0.764890
7   4.455979  4.344823 -0.056007  4.308027  4.496549  4.440772
8   3.450367  3.513569  3.712407  3.786118  3.898374  3.541685
9  -0.071967  0.568385  0.469477  0.094308 -0.721772 -0.044389
10  0.200264 -0.241224 -0.703594 -0.783465 -0.479290  0.420057
11 -0.187921  0.283071  0.551063 -0.353387  0.260388 -0.682286
300            0         1         2         3         4         5
0   0.237487  0.778525  0.335223 -0.212388  0.800807 -0.755930
1   4.961377  5.133519  4.916831  4.521993  5.041056 -0.518274
2   4.173928  3.938834  4.362820  3.623543  4.118746  3.623555
3   0.308167  0.280265 -0.958529  0.145085  0.799291  0.189802
4   5.431054  5.401162 -0.155674  5.466397  5.420011  5.393013
5   4.573675  4.602557  4.526175  4.579419  4.398047  4.519269
6  -0.953596  0.825540  0.777925  0.891297  0.865598  0.764890
7   4.643654  4.650394 -0.056007  4.660610  4.334622  4.796352
8   3.700274  4.048972  4.192080  4.177328  3.903723  4.057215
9  -0.071967  0.568385  0.469477  0.094308 -0.721772 -0.044389
10  0.200264 -0.241224 -0.703594 -0.783465 -0.479290  0.420057
11 -0.187921  0.283071  0.551063 -0.353387  0.260388 -0.682286
320            0         1         2         3         4         5
0   0.237487  0.778525  0.335223 -0.212388  0.800807 -0.755930
1   5.432740  5.058202  5.278596  4.862466  5.359521 -0.518274
2   4.054834  4.023224  4.323409  3.614550  4.055256  3.665097
3   0.719019  0.337882 -0.958529  0.119706  0.870720  0.561139
4   5.666480  5.629499 -0.155674  5.654979  5.604798  5.652080
5   4.505003  4.454865  4.535658  4.586870  4.502558  4.297650
6  -0.953596  0.832116  0.777925  0.891297  1.229387  0.764890
7   4.835602  4.484294 -0.056007  4.864316  5.028150  4.445228
8   3.744831  4.059534  4.064707  3.947498  4.197013  3.975555
9  -0.071967  0.568385  0.469477  0.094308 -0.721772 -0.044389
10  0.200264 -0.241224 -0.703594 -0.783465 -0.479290  0.420057
11 -0.187921  0.283071  0.551063 -0.353387  0.260388 -0.682286
340            0         1         2         3         4         5
0   0.237487  0.778525  0.410074 -0.212388  0.800807 -0.755930
1   5.202964  5.017029  5.183261  4.911110  5.120051 -0.518274
2   4.202787  4.116359  4.166878  3.772839  4.255136  3.741208
3   0.772314  0.443593 -0.958529  0.265700  0.903728  0.582072
4   5.627568  5.618269 -0.155674  5.590544  5.633701  5.654077
5   4.662723  4.525478  4.632444  4.550592  4.631474  4.596233
6  -0.953596  0.968737  0.839864  1.029748  1.229387  0.853145
7   4.937901  5.068030 -0.056007  5.064202  4.408858  5.134096
8   3.171777  4.221685  4.189009  4.212779  4.125605  4.198441
9  -0.071967  0.568385  0.469477  0.094308 -0.721772 -0.044389
10  0.200264 -0.241224 -0.703594 -0.783465 -0.479290  0.420057
11 -0.187921  0.283071  0.551063 -0.353387  0.260388 -0.682286
360            0         1         2         3         4         5
0   0.237487  0.778525  0.410074 -0.212388  0.800807 -0.755930
1   5.715357  5.334986  5.484434  5.152957  5.984903 -0.518274
2   4.870341  4.345511  4.461338  4.281996  4.798359  4.024664
3   0.772314  0.443593 -0.958529  0.265700  0.903728  0.582072
4   6.071060  5.977856 -0.155674  6.051377  6.081253  5.985992
5   5.092352  4.907602  5.214723  5.249445  5.191540  5.026892
6  -0.953596  0.968737  0.839864  1.029748  1.229387  0.853145
7   5.330372  4.840143 -0.056007  5.181033  5.453567  4.924047
8   4.407342  4.243303  4.055642  4.362895  4.711318  4.331385
9  -0.071967  0.568385  0.469477  0.094308 -0.721772 -0.044389
10  0.200264 -0.241224 -0.703594 -0.783465 -0.479290  0.420057
11 -0.187921  0.283071  0.551063 -0.353387  0.260388 -0.682286
380            0         1         2         3         4         5
0   0.237487  0.778525  0.410074 -0.212388  0.800807 -0.755930
1   6.552195  6.377714  6.333147  6.064454  6.168349 -0.518274
2   4.767546  4.345511  4.436146  4.281996  4.819360  4.024664
3   0.772314  0.443593 -0.958529  0.265700  0.903728  0.582072
4   6.558309  6.696951 -0.155674  6.668616  6.763595  6.668727
5   5.083543  5.076141  5.177213  5.400125  5.241146  5.132057
6  -0.953596  0.968737  0.839864  1.029748  1.229387  0.853145
7   5.020491  5.793127 -0.056007  5.949727  5.992634  5.374196
8   3.769531  4.404253  4.281129  4.482718  4.711318  4.403572
9  -0.071967  0.568385  0.469477  0.094308 -0.721772 -0.044389
10  0.200264 -0.241224 -0.703594 -0.783465 -0.479290  0.420057
11 -0.187921  0.283071  0.551063 -0.353387  0.260388 -0.682286
400            0         1         2         3         4         5
0   0.237487  0.786402  0.504112 -0.105420  0.824001 -0.755930
1   6.108742  5.966053  6.105787  5.803030  6.063067 -0.518274
2   5.002797  4.840764  4.910905  4.405383  5.274620  4.430929
3   1.221919  0.565660 -0.958529  0.445883  0.845571  0.730867
4   6.583762  6.547038 -0.155674  6.537989  6.507864  6.607120
5   5.497229  5.401417  5.725660  5.446002  5.646621  5.472224
6  -0.953596  1.160453  0.983265  1.084220  1.093590  1.064712
7   5.278728  5.789530 -0.056007  5.736223  5.464931  5.271859
8   5.066874  4.428124  5.091017  5.072166  4.928758  4.939265
9  -0.071967  0.568385  0.469477  0.094308 -0.721772 -0.044389
10  0.200264 -0.241224 -0.703594 -0.783465 -0.479290  0.420057
11 -0.187921  0.283071  0.551063 -0.353387  0.260388 -0.682286
420            0         1         2         3         4         5
0   0.237487  0.786402  0.504112 -0.105420  0.824001 -0.755930
1   6.108894  5.893883  5.974760  5.797173  6.042773 -0.518274
2   5.144569  5.028296  5.100500  4.701369  5.476187  4.687924
3   1.221919  0.565660 -0.958529  0.445883  0.845571  0.730867
4   6.529525  6.534389 -0.155674  6.524693  6.518753  6.477718
5   5.687948  5.627592  5.401778  5.586389  5.722422  5.684947
6  -0.953596  1.160453  0.983265  1.084220  1.093590  1.064712
7   5.602138  5.784283 -0.056007  5.301584  5.951877  5.853715
8   5.163796  5.022726  4.501266  5.138603  4.908019  5.123701
9  -0.071967  0.568385  0.469477  0.094308 -0.721772 -0.044389
10  0.200264 -0.241224 -0.703594 -0.783465 -0.479290  0.420057
11 -0.187921  0.283071  0.551063 -0.353387  0.260388 -0.682286
