20            0         1         2         3         4         5
0   0.022129 -0.543543  0.711037 -0.695640  0.398116 -0.016971
1   0.825880  0.075401  0.470655  0.145406  0.517623 -0.102936
2   0.844079  0.607121  0.814147  0.162413  0.889012  0.318837
3  -0.535683  0.232479 -0.537068 -0.772959 -0.336809 -0.101031
4   1.135887  1.141434  1.125683  1.092109  1.104158  1.104780
5   1.094642  1.008340  1.187373  0.925619  1.093173  0.959995
6   0.605970 -0.567133  0.381298 -0.722374  0.131884  0.713119
7   0.545627 -0.100261  0.720257  0.969709  0.929565  0.925504
8   0.634609  0.561205  0.725958  0.721559  0.684428  0.617236
9  -0.797704  0.952311  0.562735 -0.386367 -0.970727 -0.294103
10 -0.880498 -0.275547 -0.736754  0.336050 -0.193390 -0.745037
11  0.390993  0.077248 -0.580764  0.150431 -0.128831 -0.352437
40            0         1         2         3         4         5
0   0.022129 -0.543543  0.711037 -0.695640  0.398116 -0.016971
1   1.163483  0.999812  0.984241  0.584890  1.157523 -0.102936
2   1.283674  0.699538  0.939903  0.162413  1.653736  0.339306
3  -0.535683  0.232479 -0.537068 -0.772959 -0.336809 -0.101031
4   1.514570  1.545471  1.494420  1.540642  1.478320  1.520643
5   1.608179  1.525310  1.586914  1.317977  1.553258  1.410081
6   0.605970 -0.567133  0.381298 -0.722374  0.131884  0.713119
7   1.113947 -0.100261  0.964260  1.050118  1.129208  0.940042
8   0.627833  0.556609  0.653362  0.680987  0.701435  0.691840
9  -0.797704  0.952311  0.562735 -0.386367 -0.970727 -0.294103
10 -0.880498 -0.275547 -0.736754  0.336050 -0.193390 -0.745037
11  0.390993  0.077248 -0.580764  0.150431 -0.128831 -0.352437
60            0         1         2         3         4         5
0   0.022129 -0.543543  0.711037 -0.695640  0.398116 -0.016971
1   1.192316  1.117609  1.550890  1.031701  1.290079 -0.102936
2   1.162131  0.757098  0.986927  0.162413  1.278213  0.393382
3  -0.535683  0.232479 -0.390854 -0.772959 -0.315149  0.035545
4   1.687677  1.573838  1.691495  1.670432  1.691271  1.681875
5   1.277353  1.626048  1.515953  1.490179  1.643423  1.407816
6   0.570827 -0.439107  0.526108 -0.722374  0.131884  0.713119
7   0.898373 -0.100261  1.036679  1.052123  1.078445  0.906603
8   0.796869  0.667523  0.772763  0.766606  0.674382  0.893500
9  -0.797704  0.952311  0.562735 -0.386367 -0.970727 -0.294103
10 -0.880498 -0.275547 -0.736754  0.336050 -0.193390 -0.745037
11  0.390993  0.077248 -0.580764  0.150431 -0.128831 -0.352437
80            0         1         2         3         4         5
0   0.022129 -0.543543  0.711037 -0.695640  0.398116 -0.016971
1   1.966694  1.687020  1.818679  1.225934  1.928025 -0.102936
2   1.744814  1.051712  1.347479  0.462287  1.521740  0.555341
3  -0.535683  0.232479 -0.390854 -0.772959 -0.315149  0.035545
4   2.047082  2.142041  2.045001  2.134044  2.170089  1.948509
5   1.709492  1.680895  1.793258  1.792858  1.677320  1.587384
6   0.570827 -0.439107  0.526108 -0.722374  0.131884  0.713119
7   1.568408 -0.100261  1.203695  1.260078  1.202544  1.188393
8   0.826036  0.866608  0.907508  0.765023  0.837794  0.895968
9  -0.797704  0.952311  0.562735 -0.386367 -0.970727 -0.294103
10 -0.880498 -0.275547 -0.736754  0.336050 -0.193390 -0.745037
11  0.390993  0.077248 -0.580764  0.150431 -0.128831 -0.352437
100            0         1         2         3         4         5
0   0.022129 -0.543543  0.711037 -0.695640  0.398116 -0.016971
1   2.520016  2.301819  2.233337  1.644827  2.299402 -0.102936
2   1.596858  1.520871  1.398674  0.717265  1.647118  0.764628
3  -0.535683  0.232479 -0.390854 -0.772959 -0.315149  0.035545
4   2.615665  2.663941  2.673546  2.700551  2.781146  2.751829
5   1.949572  1.842802  2.038710  1.827511  1.809417  1.674005
6   0.570827 -0.439107  0.526108 -0.722374  0.131884  0.713119
7   1.988849 -0.100261  1.425644  1.768573  1.814726  1.664589
8   0.916376  0.935093  0.945840  0.807499  0.980982  0.719656
9  -0.797704  0.952311  0.562735 -0.386367 -0.970727 -0.294103
10 -0.880498 -0.275547 -0.736754  0.336050 -0.193390 -0.745037
11  0.390993  0.077248 -0.580764  0.150431 -0.128831 -0.352437
120            0         1         2         3         4         5
0   0.022129 -0.543543  0.711037 -0.695640  0.398116 -0.016971
1   2.433557  2.256118  2.431082  1.840677  2.487143 -0.102936
2   1.912631  1.777874  1.848305  1.357039  2.129701  1.295166
3  -0.535683  0.232479 -0.390854 -0.772959 -0.315149  0.035545
4   2.598963  2.662229  2.733612  2.796425  2.814298  2.728610
5   2.378767  2.243956  2.089108  2.137624  2.440922  2.349355
6   0.570827 -0.439107  0.526108 -0.722374  0.131884  0.713119
7   1.918159 -0.100261  1.829457  2.013363  2.165791  1.857878
8   1.080235  0.900549  1.188014  1.055804  1.027337  0.935766
9  -0.797704  0.952311  0.562735 -0.386367 -0.970727 -0.294103
10 -0.880498 -0.275547 -0.736754  0.336050 -0.193390 -0.745037
11  0.390993  0.077248 -0.580764  0.150431 -0.128831 -0.352437
140            0         1         2         3         4         5
0   0.022129 -0.543543  0.711037 -0.695640  0.398116 -0.016971
1   2.876795  2.562998  2.724478  2.222777  2.831299 -0.102936
2   2.517569  2.229888  2.042871  1.784665  2.526807  1.710008
3  -0.535683  0.355052 -0.311854 -0.772959 -0.315149  0.035545
4   3.239477  3.095196  3.101344  3.179467  3.208703  3.162637
5   2.838195  2.746381  2.713939  2.788206  2.558081  2.602683
6   0.570827 -0.439107  0.526108 -0.722374  0.131884  0.713119
7   1.942562 -0.100261  2.088392  1.981841  2.214983  1.882243
8   1.357127  1.159574  1.124514  1.282808  1.422475  1.106983
9  -0.797704  0.952311  0.562735 -0.386367 -0.970727 -0.294103
10 -0.880498 -0.275547 -0.736754  0.336050 -0.193390 -0.745037
11  0.390993  0.077248 -0.580764  0.150431 -0.128831 -0.352437
160            0         1         2         3         4         5
0   0.022129 -0.543543  0.711037 -0.695640  0.398116 -0.016971
1   3.477105  3.072439  3.507197  3.001726  3.509192 -0.102936
2   2.544440  2.320482  2.042871  1.905033  2.603730  1.762790
3  -0.535683  0.355052 -0.311854 -0.772959 -0.315149  0.035545
4   3.905713  3.769615  3.734786  3.750321  3.788164  3.723540
5   2.853210  2.755193  2.927896  2.875695  2.706862  2.602683
6   0.570827 -0.439107  0.526108 -0.722374  0.131884  0.713119
7   2.092312 -0.100261  2.424120  2.624504  2.568058  2.568202
8   1.357127  1.159574  1.124514  1.282808  1.422475  1.106983
9  -0.797704  0.952311  0.562735 -0.386367 -0.970727 -0.294103
10 -0.880498 -0.275547 -0.736754  0.336050 -0.193390 -0.745037
11  0.390993  0.077248 -0.580764  0.150431 -0.128831 -0.352437
180            0         1         2         3         4         5
0   0.022129 -0.543543  0.675439 -0.695640  0.398116 -0.016971
1   3.351351  3.167096  3.669415  2.963839  3.617819 -0.102936
2   2.650037  2.354689  2.520496  2.068970  2.792169  2.085420
3  -0.535683  0.490930 -0.162912 -0.772959 -0.209232  0.138488
4   3.832802  3.816127  3.910864  3.868044  3.724141  3.782205
5   3.035335  2.974994  3.054789  2.926870  2.976506  2.631161
6   0.570827 -0.439107  0.526108 -0.722374  0.168391  0.684054
7   2.353886 -0.100261  2.357959  2.479308  2.220896  2.568229
8   1.326575  1.411281  1.525436  1.558100  1.800926  1.326210
9  -0.797704  0.952311  0.562735 -0.386367 -0.970727 -0.294103
10 -0.880498 -0.275547 -0.736754  0.336050 -0.193390 -0.745037
11  0.390993  0.077248 -0.580764  0.150431 -0.128831 -0.352437
200            0         1         2         3         4         5
0   0.022129 -0.543543  0.675439 -0.695640  0.398116 -0.016971
1   3.687403  3.597094  3.768870  3.285195  3.585761 -0.102936
2   2.881795  2.410597  2.739731  2.281998  2.924369  2.105919
3  -0.535683  0.490930 -0.162912 -0.772959 -0.209232  0.138488
4   3.938418  4.080353  4.101514  3.937404  4.131118  4.096409
5   3.060475  3.139056  3.186143  3.048546  3.221909  2.956319
6   0.570827 -0.439107  0.526108 -0.722374  0.168391  0.684054
7   2.485321 -0.100261  2.525644  2.309351  2.747935  2.229735
8   1.532266  1.782955  1.843284  1.709356  2.029429  1.211661
9  -0.797704  0.952311  0.562735 -0.386367 -0.970727 -0.294103
10 -0.880498 -0.275547 -0.736754  0.336050 -0.193390 -0.745037
11  0.390993  0.077248 -0.580764  0.150431 -0.128831 -0.352437
220            0         1         2         3         4         5
0   0.022129 -0.543543  0.675439 -0.695640  0.398116 -0.016971
1   3.608989  3.586693  3.845849  3.554543  3.750882 -0.102936
2   2.774508  2.527277  2.814050  2.375308  3.067703  2.262555
3  -0.535683  0.490930 -0.162912 -0.772959 -0.209232  0.138488
4   4.190246  3.917979  4.132856  4.056663  4.046300  3.850557
5   3.336979  3.322205  3.517387  3.106332  3.523133  3.006477
6   0.570827 -0.439107  0.526108 -0.722374  0.168391  0.684054
7   2.585342 -0.100261  2.577326  2.277610  2.664704  2.175736
8   1.626727  1.664774  1.930504  1.613447  2.029429  1.461683
9  -0.797704  0.952311  0.562735 -0.386367 -0.970727 -0.294103
10 -0.880498 -0.275547 -0.736754  0.336050 -0.193390 -0.745037
11  0.390993  0.077248 -0.580764  0.150431 -0.128831 -0.352437
240            0         1         2         3         4         5
0   0.022129 -0.543543  0.675439 -0.695640  0.398116 -0.016971
1   4.311686  3.928761  3.944704  3.453623  4.336646 -0.102936
2   3.683589  3.134036  3.508145  2.950704  3.568323  2.702990
3  -0.535683  0.490930 -0.162912 -0.772959 -0.209232  0.138488
4   4.529690  4.436793  4.358028  4.266576  4.545573  4.464497
5   3.741795  3.938380  3.998526  3.783517  3.978402  3.927025
6   0.570827 -0.439107  0.526108 -0.722374  0.168391  0.684054
7   3.205571 -0.100261  3.247512  2.996019  3.491822  2.618100
8   2.207832  2.515553  2.359398  2.585367  2.682589  1.863906
9  -0.797704  0.952311  0.562735 -0.386367 -0.970727 -0.294103
10 -0.880498 -0.275547 -0.736754  0.336050 -0.193390 -0.745037
11  0.390993  0.077248 -0.580764  0.150431 -0.128831 -0.352437
260            0         1         2         3         4         5
0   0.022129 -0.543543  0.675439 -0.695640  0.398116 -0.016971
1   4.881710  4.825923  4.444091  4.203679  4.863760 -0.102936
2   3.891742  3.426070  3.692907  3.381790  4.086023  3.298914
3  -0.535683  0.490930 -0.162912 -0.772959 -0.209232  0.138488
4   5.148929  5.112927  5.164290  5.068897  5.163486  5.025021
5   4.391248  4.295794  4.077841  4.090474  4.328064  4.280490
6   0.570827 -0.439107  0.526108 -0.722374  0.168391  0.684054
7   3.163793 -0.100261  3.775458  3.686339  4.346887  3.969304
8   2.342928  2.604217  2.581035  2.826066  2.844641  2.317313
9  -0.797704  0.952311  0.562735 -0.386367 -0.970727 -0.294103
10 -0.880498 -0.275547 -0.736754  0.336050 -0.193390 -0.745037
11  0.390993  0.077248 -0.580764  0.150431 -0.128831 -0.352437
280            0         1         2         3         4         5
0   0.022129 -0.543543  0.675439 -0.695640  0.398116  0.025750
1   4.733761  4.676806  4.576158  4.583830  4.748771 -0.102936
2   3.995804  3.602165  3.743766  3.406866  4.131441  3.467790
3  -0.256135  0.410243 -0.032541 -0.772959  0.299459  0.234000
4   5.042596  5.197370  5.083848  5.076785  5.083830  5.083851
5   4.395985  4.244781  3.680832  4.201554  4.424866  4.374116
6   0.634250 -0.439107  0.568912 -0.722374  0.266367  0.615649
7   4.169481 -0.100261  3.337430  3.835850  4.246273  4.038156
8   2.578010  2.315856  2.701099  2.393102  2.844641  2.533259
9  -0.797704  0.952311  0.562735 -0.386367 -0.970727 -0.294103
10 -0.880498 -0.275547 -0.736754  0.336050 -0.193390 -0.745037
11  0.390993  0.077248 -0.580764  0.150431 -0.128831 -0.352437
300            0         1         2         3         4         5
0   0.022129 -0.543543  0.675439 -0.695640  0.398116  0.025750
1   4.781535  4.605757  4.601723  4.421359  4.722290 -0.102936
2   4.354287  3.795182  4.407151  3.598384  4.265484  3.557757
3  -0.256135  0.410243 -0.032541 -0.772959  0.299459  0.234000
4   5.093193  5.100665  5.048083  4.945589  5.055961  5.108361
5   4.595411  4.573809  4.346629  4.323308  4.620170  4.551014
6   0.634250 -0.439107  0.568912 -0.722374  0.266367  0.615649
7   3.617492 -0.100261  4.015440  3.957752  3.676472  3.654904
8   2.524289  2.625850  2.529100  2.494251  2.875082  2.728835
9  -0.797704  0.952311  0.562735 -0.386367 -0.970727 -0.294103
10 -0.880498 -0.275547 -0.736754  0.336050 -0.193390 -0.745037
11  0.390993  0.077248 -0.580764  0.150431 -0.128831 -0.352437
320            0         1         2         3         4         5
0   0.022129 -0.543543  0.675439 -0.695640  0.398116  0.025750
1   4.923689  4.856944  4.887990  4.507886  5.013657 -0.102936
2   4.398401  3.881675  4.262363  3.699143  4.348646  3.622302
3  -0.256135  0.410243 -0.032541 -0.772959  0.299459  0.234000
4   5.240657  5.370564  5.257538  5.357977  5.153911  5.155916
5   4.413874  4.446408  4.719079  4.615900  4.559360  4.233420
6   0.634250 -0.439107  0.568912 -0.722374  0.266367  0.615649
7   3.478625 -0.100261  3.629136  3.627968  3.770651  3.130876
8   2.873787  2.567627  2.750275  2.461292  2.830107  2.571825
9  -0.797704  0.952311  0.562735 -0.386367 -0.970727 -0.294103
10 -0.880498 -0.275547 -0.736754  0.336050 -0.193390 -0.745037
11  0.390993  0.077248 -0.580764  0.150431 -0.128831 -0.352437
340            0         1         2         3         4         5
0   0.022129 -0.543543  1.131068 -0.695640  0.398116  0.025750
1   4.829294  5.049748  4.878838  4.618631  4.849870 -0.102936
2   4.713354  4.401742  4.851219  4.311278  4.872402  4.247128
3  -0.189497  0.410243 -0.032541 -0.772959  0.299459  0.189887
4   5.164114  5.191397  5.148983  5.263849  5.338544  5.315477
5   5.155995  5.190266  5.208051  5.121569  4.960867  4.971768
6   0.634250 -0.331772  0.523193 -0.722374  0.392882  0.617509
7   3.874607 -0.100261  3.538265  3.773837  3.521929  3.428350
8   3.811477  3.395455  3.528455  3.191714  3.854325  2.930631
9  -0.797704  0.952311  0.562735 -0.386367 -0.970727 -0.294103
10 -0.880498 -0.275547 -0.736754  0.336050 -0.193390 -0.745037
11  0.390993  0.077248 -0.580764  0.150431 -0.128831 -0.352437
360            0         1         2         3         4         5
0   0.022129 -0.543543  1.131068 -0.695640  0.398116  0.025750
1   5.681393  5.268867  5.328498  4.791217  5.571118 -0.102936
2   5.320684  4.948709  5.066959  4.553764  5.657586  4.537522
3  -0.189497  0.410243 -0.032541 -0.772959  0.299459  0.189887
4   5.729175  5.641553  5.768755  5.889494  5.947294  5.900405
5   5.787218  5.727424  5.458436  5.504047  5.900572  5.659911
6   0.634250 -0.331772  0.523193 -0.722374  0.392882  0.617509
7   3.584976 -0.100261  3.424649  3.978618  3.779698  3.789396
8   3.198019  3.664321  3.742265  3.622537  4.067228  3.118910
9  -0.797704  0.952311  0.562735 -0.386367 -0.970727 -0.294103
10 -0.880498 -0.275547 -0.736754  0.336050 -0.193390 -0.745037
11  0.390993  0.077248 -0.580764  0.150431 -0.128831 -0.352437
380            0         1         2         3         4         5
0   0.022129 -0.543543  1.131068 -0.695640  0.398116  0.025750
1   6.055876  5.935344  5.686090  5.769763  5.937932 -0.102936
2   5.273278  5.052217  5.066959  4.644894  5.505337  4.606501
3  -0.189497  0.410243 -0.032541 -0.772959  0.299459  0.189887
4   6.330729  6.248271  6.234607  6.465061  6.346138  6.271776
5   5.811458  5.823148  5.254253  5.684641  5.846631  5.697134
6   0.634250 -0.331772  0.523193 -0.722374  0.392882  0.617509
7   4.571882 -0.100261  3.707809  4.086342  4.783641  4.428662
8   3.433575  3.704612  3.804008  3.667006  4.067228  2.969181
9  -0.797704  0.952311  0.562735 -0.386367 -0.970727 -0.294103
10 -0.880498 -0.275547 -0.736754  0.336050 -0.193390 -0.745037
11  0.390993  0.077248 -0.580764  0.150431 -0.128831 -0.352437
400            0         1         2         3         4         5
0   0.022129 -0.543543  1.068986 -0.695640  0.412328  0.025750
1   6.197786  5.898716  6.037053  5.660576  6.176467 -0.102936
2   5.598342  5.201419  5.353027  4.797123  5.607749  4.881908
3   0.142225  0.440243  0.135572 -0.772959  0.363711  0.257733
4   6.011331  6.423664  6.351379  6.355412  6.360960  6.376732
5   5.643438  5.876165  5.725078  5.744478  5.827641  5.691561
6   0.634250 -0.235169  0.544294 -0.722374  0.392882  0.564963
7   4.299670 -0.100261  3.905518  4.302065  4.132421  4.022944
8   4.218833  4.115632  3.676564  4.082303  4.559531  3.860208
9  -0.797704  0.952311  0.562735 -0.386367 -0.970727 -0.294103
10 -0.880498 -0.275547 -0.736754  0.336050 -0.193390 -0.745037
11  0.390993  0.077248 -0.580764  0.150431 -0.128831 -0.352437
420            0         1         2         3         4         5
0   0.022129 -0.543543  1.068986 -0.695640  0.412328  0.025750
1   6.205159  6.041386  6.095961  5.816527  6.304409 -0.102936
2   5.599140  5.315273  5.294944  4.881431  5.701596  4.979916
3   0.142225  0.440243  0.135572 -0.772959  0.363711  0.257733
4   6.382553  6.296168  6.418560  6.382390  6.529205  6.331101
5   5.790304  5.501812  5.775421  5.882896  5.870504  5.879676
6   0.634250 -0.235169  0.544294 -0.722374  0.392882  0.564963
7   4.228050 -0.100261  3.821542  4.225915  3.896942  4.438324
8   4.619019  3.601786  3.835629  3.966092  4.833529  4.231086
9  -0.797704  0.952311  0.562735 -0.386367 -0.970727 -0.294103
10 -0.880498 -0.275547 -0.736754  0.336050 -0.193390 -0.745037
11  0.390993  0.077248 -0.580764  0.150431 -0.128831 -0.352437
