20            0         1         2         3         4         5
0   0.732981  0.762965  0.918253  0.291389 -0.198149  0.645110
1   0.621767  0.164355  0.408240 -0.014550 -0.409627  0.084127
2   0.234926  0.139861  0.395781  0.124050  0.459930 -0.498921
3   0.036236  0.209359 -0.875151  0.211338  0.183479  0.002942
4   0.700647 -0.089194  0.731219  0.573321  0.651881  0.584041
5   0.603189  0.612651  0.565157  0.527772  0.705655  0.637272
6  -0.491165  0.439200  0.749888 -0.490036 -0.575331  0.026269
7  -0.737994  0.485751  0.125036  0.558772  0.154166  0.527469
8   0.401091  0.476229  0.325591  0.440477  0.457073  0.521560
9   0.339841  0.558625 -0.922592  0.234654  0.145746 -0.528903
10  0.344107  0.506548 -0.693540  0.418497 -0.373828 -0.086478
11 -0.626167 -0.739504 -0.114864  0.439513 -0.225132  0.906212
40            0         1         2         3         4         5
0   0.732981  0.762965  0.918253  0.291389 -0.198149  0.645110
1   0.487233  0.347567  0.225428 -0.004544 -0.409627 -0.088963
2   0.604581  0.200274  0.338753  0.000321  0.718819 -0.498921
3   0.036236  0.209359 -0.875151  0.211338  0.183479  0.002942
4   0.718265 -0.089194  0.625542  0.628722  0.718332  0.618894
5   0.661901  0.687823  0.626261  0.578229  0.778925  0.646687
6  -0.491165  0.439200  0.749888 -0.490036 -0.575331  0.026269
7  -0.737994  0.394101  0.357034  0.401988  0.343269  0.389479
8   0.408784  0.461872  0.344826  0.418554  0.483511  0.467952
9   0.339841  0.558625 -0.922592  0.234654  0.145746 -0.528903
10  0.344107  0.506548 -0.693540  0.418497 -0.373828 -0.086478
11 -0.626167 -0.739504 -0.114864  0.439513 -0.225132  0.906212
60            0         1         2         3         4         5
0   0.732981  0.762965  0.828795  0.291389 -0.198149  0.624114
1   0.462310  0.375606  0.268675 -0.110580 -0.409627 -0.093023
2   0.578945  0.195312  0.274598  0.003037  0.661906 -0.498921
3   0.119341  0.241628 -0.875151  0.182428  0.256434  0.048257
4   0.709906 -0.089194  0.637322  0.660872  0.744592  0.651231
5   0.614506  0.698211  0.669754  0.622956  0.712948  0.646967
6  -0.282660  0.502137  0.684391 -0.490036 -0.575331  0.204407
7  -0.737994  0.325647  0.322329  0.335845  0.301990  0.305505
8   0.411356  0.452773  0.338073  0.399164  0.481094  0.463275
9   0.339841  0.558625 -0.922592  0.234654  0.145746 -0.528903
10  0.344107  0.506548 -0.693540  0.418497 -0.373828 -0.086478
11 -0.626167 -0.739504 -0.114864  0.439513 -0.225132  0.906212
80            0         1         2         3         4         5
0   0.707463  0.762965  0.828795  0.291389 -0.198149  0.624114
1   0.755852  0.700900  0.266272 -0.043487 -0.409627 -0.095489
2   0.330200  0.085574  0.253231 -0.177411  0.446554 -0.498921
3   0.129799  0.214545 -0.875151  0.184438  0.259943  0.048257
4   0.733991 -0.089194  0.681613  0.655650  0.749888  0.647372
5   0.620581  0.512640  0.541853  0.552104  0.598293  0.525618
6  -0.237729  0.521563  0.646921 -0.490036 -0.575331  0.263104
7  -0.737994  0.264610  0.295055  0.284123  0.346383  0.271763
8   0.444391  0.410037  0.405539  0.409978  0.456753  0.436144
9   0.339841  0.558625 -0.922592  0.234654  0.145746 -0.528903
10  0.344107  0.506548 -0.693540  0.418497 -0.373828 -0.086478
11 -0.626167 -0.739504 -0.114864  0.439513 -0.225132  0.906212
100            0         1         2         3         4         5
0   0.707463  0.762965  0.828795  0.291389 -0.198149  0.604606
1   0.731353  0.585146  0.387126 -0.050227 -0.409627  0.016577
2   0.243395 -0.045116  0.269149 -0.234720  0.401802 -0.498921
3   0.129799  0.186097 -0.875151  0.184438  0.259943  0.048257
4   0.902452 -0.089194  0.803365  0.772154  0.916158  0.817717
5   0.553024  0.395208  0.475251  0.492394  0.534465  0.535491
6  -0.237729  0.521563  0.637266 -0.465534 -0.575331  0.279060
7  -0.737994  0.281868  0.250359  0.232973  0.282118  0.247464
8   0.396266  0.403248  0.387354  0.354715  0.431194  0.426811
9   0.339841  0.558625 -0.922592  0.234654  0.145746 -0.528903
10  0.344107  0.506548 -0.693540  0.418497 -0.373828 -0.086478
11 -0.626167 -0.739504 -0.114864  0.439513 -0.225132  0.906212
120            0         1         2         3         4         5
0   0.707463  0.762965  0.828795  0.291389 -0.198149  0.604606
1   0.607379  0.239031  0.370350 -0.046887 -0.409627  0.021010
2   0.446368  0.245930  0.296701 -0.289397  0.503521 -0.498921
3   0.129799  0.186097 -0.875151  0.184438  0.259943  0.048257
4   0.690373 -0.089194  0.710093  0.675160  0.722344  0.672296
5   0.624365  0.521609  0.647026  0.424923  0.702264  0.541161
6  -0.237729  0.521563  0.637266 -0.465534 -0.575331  0.279060
7  -0.737994  0.309078  0.255726  0.264385  0.274304  0.219520
8   0.330209  0.350656  0.387419  0.349977  0.415463  0.401173
9   0.339841  0.558625 -0.922592  0.234654  0.145746 -0.528903
10  0.344107  0.506548 -0.693540  0.418497 -0.373828 -0.086478
11 -0.626167 -0.739504 -0.114864  0.439513 -0.225132  0.906212
140            0         1         2         3         4         5
0   0.707463  0.762965  0.828795  0.291389 -0.198149  0.604606
1   0.564922  0.245232  0.357826 -0.070565 -0.409627 -0.075780
2   0.341868  0.261974  0.459831 -0.260104  0.425731 -0.498921
3   0.116014  0.186097 -0.875151  0.184438  0.259943  0.048257
4   0.745492 -0.089194  0.693686  0.700190  0.786606  0.646326
5   0.605465  0.567972  0.660832  0.606574  0.638907  0.568806
6  -0.237729  0.521563  0.637266 -0.465534 -0.575331  0.279060
7  -0.737994  0.274745  0.305985  0.236647  0.344072  0.269635
8   0.358513  0.338056  0.383503  0.346780  0.414879  0.351481
9   0.339841  0.558625 -0.922592  0.234654  0.145746 -0.528903
10  0.344107  0.506548 -0.693540  0.418497 -0.373828 -0.086478
11 -0.626167 -0.739504 -0.114864  0.439513 -0.225132  0.906212
160            0         1         2         3         4         5
0   0.707463  0.762965  0.828795  0.291389 -0.198149  0.604606
1   0.634962  0.414388  0.269923 -0.138499 -0.409627 -0.001103
2   0.342299  0.203112  0.422952 -0.260104  0.351547 -0.498921
3   0.116014  0.186097 -0.875151  0.184438  0.259943  0.048257
4   0.686196 -0.089194  0.664919  0.679162  0.720461  0.691290
5   0.607859  0.583963  0.656122  0.613904  0.681868  0.539586
6  -0.237729  0.521563  0.637266 -0.465534 -0.575331  0.279060
7  -0.737994  0.321222  0.294455  0.253948  0.313742  0.307870
8   0.366280  0.341408  0.383503  0.350393  0.412805  0.351481
9   0.339841  0.558625 -0.922592  0.234654  0.145746 -0.528903
10  0.344107  0.506548 -0.693540  0.418497 -0.373828 -0.086478
11 -0.626167 -0.739504 -0.114864  0.439513 -0.225132  0.906212
180            0         1         2         3         4         5
0   0.707463  0.762965  0.828795  0.291389 -0.198149  0.604606
1   0.496640  0.605106  0.488139 -0.041559 -0.409627 -0.091357
2   0.235041 -0.003441  0.317921 -0.261805  0.282758 -0.498921
3   0.116014  0.188431 -0.875151  0.186855  0.257350  0.033286
4   0.677480 -0.089194  0.655589  0.647141  0.716738  0.617146
5   0.530592  0.406577  0.464297  0.482537  0.541926  0.471691
6  -0.237729  0.528000  0.621492 -0.413580 -0.575331  0.266095
7  -0.737994  0.302470  0.271184  0.247116  0.299282  0.275430
8   0.367563  0.315561  0.352410  0.328004  0.377310  0.292385
9   0.339841  0.558625 -0.922592  0.234654  0.145746 -0.528903
10  0.344107  0.506548 -0.693540  0.418497 -0.373828 -0.086478
11 -0.626167 -0.739504 -0.114864  0.439513 -0.225132  0.906212
200            0         1         2         3         4         5
0   0.707463  0.762965  0.828795  0.291389 -0.198149  0.604606
1   0.589166  0.366653  0.257629 -0.103922 -0.409627 -0.125804
2   0.339169 -0.149524  0.088545 -0.246377  0.227761 -0.498921
3   0.116014  0.188431 -0.875151  0.186855  0.257350  0.033286
4   0.724740 -0.089194  0.649075  0.661878  0.751845  0.646842
5   0.501264  0.398906  0.435391  0.452912  0.512263  0.400797
6  -0.237729  0.528000  0.621492 -0.413580 -0.575331  0.266095
7  -0.737994  0.243304  0.235502  0.282495  0.296332  0.262517
8   0.342479  0.308388  0.313192  0.332338  0.359488  0.272036
9   0.339841  0.558625 -0.922592  0.234654  0.145746 -0.528903
10  0.344107  0.506548 -0.693540  0.418497 -0.373828 -0.086478
11 -0.626167 -0.739504 -0.114864  0.439513 -0.225132  0.906212
220            0         1         2         3         4         5
0   0.707463  0.762965  0.828795  0.252822 -0.198149  0.604606
1   0.240842  0.233156  0.102011 -0.094838 -0.409627 -0.131688
2   0.316097 -0.149524  0.154708 -0.246309  0.212070 -0.498921
3   0.116014  0.188431 -0.875151  0.186855  0.257350  0.033286
4   0.588683 -0.089194  0.543833  0.542770  0.547283  0.541352
5   0.577844  0.430085  0.338484  0.456273  0.514045  0.377418
6  -0.237729  0.528000  0.621492 -0.413580 -0.575331  0.266095
7  -0.737994  0.238076  0.236909  0.245137  0.269960  0.262095
8   0.333988  0.309828  0.313124  0.312846  0.332195  0.262756
9   0.339841  0.558625 -0.922592  0.234654  0.145746 -0.528903
10  0.344107  0.506548 -0.693540  0.418497 -0.373828 -0.086478
11 -0.626167 -0.739504 -0.114864  0.439513 -0.225132  0.906212
240            0         1         2         3         4         5
0   0.707463  0.762965  0.828795  0.252822 -0.198149  0.604606
1   0.395389  0.456254  0.212172 -0.224149 -0.409627 -0.126749
2   0.367517  0.044311  0.229234 -0.291131  0.493821 -0.498921
3   0.116014  0.188431 -0.875151  0.186855  0.257350  0.033286
4   0.638255 -0.089194  0.587745  0.582384  0.683165  0.552989
5   0.530988  0.542417  0.576579  0.385954  0.586354  0.502069
6  -0.237729  0.528000  0.621492 -0.413580 -0.575331  0.266095
7  -0.737994  0.238553  0.260103  0.224542  0.295654  0.245106
8   0.305126  0.280463  0.325969  0.294736  0.288879  0.281489
9   0.339841  0.558625 -0.922592  0.234654  0.145746 -0.528903
10  0.344107  0.506548 -0.693540  0.418497 -0.373828 -0.086478
11 -0.626167 -0.739504 -0.114864  0.439513 -0.225132  0.906212
260            0         1         2         3         4         5
0   0.707463  0.762965  0.828795  0.252822 -0.198149  0.604606
1   0.446201  0.331017  0.271774 -0.152734 -0.409627 -0.066729
2   0.205040  0.101423  0.093777 -0.254804  0.360164 -0.498921
3   0.127285  0.188431 -0.875151  0.186855  0.227642  0.033286
4   0.726425 -0.089194  0.710130  0.656694  0.723274  0.717629
5   0.567020  0.411490  0.544256  0.489641  0.443765  0.448980
6  -0.237729  0.528000  0.621492 -0.413580 -0.575331  0.266095
7  -0.737994  0.305934  0.240887  0.247587  0.265686  0.224355
8   0.301788  0.281068  0.291831  0.273872  0.352501  0.293224
9   0.339841  0.558625 -0.922592  0.234654  0.145746 -0.528903
10  0.344107  0.506548 -0.693540  0.418497 -0.373828 -0.086478
11 -0.626167 -0.739504 -0.114864  0.439513 -0.225132  0.906212
280            0         1         2         3         4         5
0   0.707463  0.762965  0.828795  0.250718 -0.198149  0.584965
1   0.533717  0.207174  0.365071 -0.151848 -0.409627 -0.077905
2   0.223194  0.193973  0.113745 -0.188865  0.504272 -0.498921
3   0.177316  0.162435 -0.875151  0.160706  0.194914  0.066200
4   0.555300 -0.089194  0.536655  0.534570  0.578331  0.570034
5   0.536225  0.466838  0.527406  0.437255  0.460452  0.365176
6  -0.124591  0.485943  0.615621 -0.413580 -0.575331  0.345517
7  -0.737994  0.246599  0.221867  0.209377  0.224916  0.215196
8   0.274861  0.290434  0.296071  0.253943  0.330264  0.280522
9   0.339841  0.558625 -0.922592  0.234654  0.145746 -0.528903
10  0.344107  0.506548 -0.693540  0.418497 -0.373828 -0.086478
11 -0.626167 -0.739504 -0.114864  0.439513 -0.225132  0.906212
300            0         1         2         3         4         5
0   0.707463  0.762965  0.828795  0.250718 -0.198149  0.584965
1   0.573103  0.111726  0.207899 -0.142076 -0.409627 -0.191276
2   0.269781  0.045814  0.074712 -0.239695  0.253429 -0.498921
3   0.177316  0.162435 -0.875151  0.160706  0.194914  0.066200
4   0.601941 -0.089194  0.559971  0.537013  0.580700  0.528112
5   0.394334  0.356329  0.392689  0.300868  0.432730  0.389425
6  -0.124591  0.485943  0.615621 -0.413580 -0.575331  0.345517
7  -0.737994  0.221098  0.240298  0.227856  0.262204  0.191963
8   0.317191  0.307188  0.268109  0.280531  0.324481  0.277463
9   0.339841  0.558625 -0.922592  0.234654  0.145746 -0.528903
10  0.344107  0.506548 -0.693540  0.418497 -0.373828 -0.086478
11 -0.626167 -0.739504 -0.114864  0.439513 -0.225132  0.906212
320            0         1         2         3         4         5
0   0.707463  0.762965  0.828795  0.250718 -0.198149  0.584965
1   0.282800  0.131067  0.204223 -0.183132 -0.409627 -0.074133
2   0.197121  0.031275 -0.032612 -0.261773  0.384532 -0.498921
3   0.177316  0.162435 -0.875151  0.160706  0.194914  0.066200
4   0.641954 -0.089194  0.605955  0.566201  0.588344  0.598371
5   0.431263  0.373355  0.429981  0.340207  0.477662  0.290746
6  -0.124591  0.485943  0.615621 -0.413580 -0.575331  0.345517
7  -0.737994  0.234906  0.214462  0.214758  0.266426  0.206126
8   0.315132  0.286450  0.255584  0.284424  0.304189  0.285401
9   0.339841  0.558625 -0.922592  0.234654  0.145746 -0.528903
10  0.344107  0.506548 -0.693540  0.418497 -0.373828 -0.086478
11 -0.626167 -0.739504 -0.114864  0.439513 -0.225132  0.906212
340            0         1         2         3         4         5
0   0.680861  0.733994  0.798202  0.250718 -0.198149  0.584965
1   0.191538  0.245113  0.430891 -0.178732 -0.409627 -0.152156
2   0.369272  0.004369  0.194082 -0.279998  0.363417 -0.498921
3   0.177221  0.164197 -0.875151  0.168313  0.237441  0.078816
4   0.514063 -0.089194  0.522882  0.494717  0.611958  0.536410
5   0.505563  0.453766  0.482230  0.508339  0.558082  0.490289
6  -0.090340  0.503139  0.622701 -0.392901 -0.575331  0.345517
7  -0.737994  0.174724  0.215967  0.207931  0.221918  0.195143
8   0.302139  0.269489  0.263485  0.266952  0.364005  0.286201
9   0.339841  0.558625 -0.922592  0.234654  0.145746 -0.528903
10  0.344107  0.506548 -0.693540  0.418497 -0.373828 -0.086478
11 -0.626167 -0.739504 -0.114864  0.439513 -0.225132  0.906212
360            0         1         2         3         4         5
0   0.680861  0.733994  0.798202  0.250718 -0.198149  0.584965
1   0.459165  0.225158  0.272248 -0.210349 -0.409627 -0.168072
2   0.323124 -0.057487  0.089517 -0.256634  0.403708 -0.498921
3   0.177221  0.164197 -0.875151  0.168313  0.237441  0.078816
4   0.647211 -0.089194  0.575999  0.575814  0.628198  0.577722
5   0.518153  0.522966  0.450612  0.520248  0.563105  0.432665
6  -0.090340  0.503139  0.622701 -0.392901 -0.575331  0.345517
7  -0.737994  0.251951  0.213159  0.228147  0.287083  0.228938
8   0.306188  0.303657  0.276483  0.301986  0.378757  0.309786
9   0.339841  0.558625 -0.922592  0.234654  0.145746 -0.528903
10  0.344107  0.506548 -0.693540  0.418497 -0.373828 -0.086478
11 -0.626167 -0.739504 -0.114864  0.439513 -0.225132  0.906212
380            0         1         2         3         4         5
0   0.680861  0.733994  0.798202  0.250718 -0.198149  0.584965
1   0.386777  0.070184  0.242186 -0.183014 -0.409627 -0.193547
2   0.334371 -0.099974  0.060250 -0.258845  0.386733 -0.498921
3   0.177221  0.164197 -0.875151  0.168313  0.237441  0.078816
4   0.529640 -0.089194  0.570987  0.544343  0.545212  0.517601
5   0.463997  0.478147  0.460172  0.525930  0.551839  0.388033
6  -0.090340  0.503139  0.622701 -0.392901 -0.575331  0.345517
7  -0.737994  0.226822  0.242931  0.242693  0.257614  0.205937
8   0.308577  0.305899  0.286942  0.305779  0.368047  0.310859
9   0.339841  0.558625 -0.922592  0.234654  0.145746 -0.528903
10  0.344107  0.506548 -0.693540  0.418497 -0.373828 -0.086478
11 -0.626167 -0.739504 -0.114864  0.439513 -0.225132  0.906212
400            0         1         2         3         4         5
0   0.680861  0.707979  0.798202  0.250718 -0.198149  0.584965
1   0.440411  0.033268  0.109030 -0.182592 -0.409627 -0.220072
2   0.184562 -0.122024  0.127123 -0.303690  0.356828 -0.498921
3   0.167608  0.137606 -0.875151  0.170582  0.209605  0.085507
4   0.526763 -0.089194  0.531607  0.482068  0.581724  0.499724
5   0.448166  0.436289  0.346620  0.338756  0.412774  0.444784
6   0.013117  0.462557  0.616490 -0.392901 -0.575331  0.367374
7  -0.737994  0.211035  0.224541  0.233286  0.229979  0.172083
8   0.312172  0.288029  0.294999  0.327637  0.352791  0.278220
9   0.339841  0.558625 -0.922592  0.234654  0.145746 -0.528903
10  0.344107  0.506548 -0.693540  0.418497 -0.373828 -0.086478
11 -0.626167 -0.739504 -0.114864  0.439513 -0.225132  0.906212
420            0         1         2         3         4         5
0   0.680861  0.707979  0.798202  0.250718 -0.198149  0.584965
1   0.067582 -0.015025 -0.054973 -0.181255 -0.409627 -0.210128
2   0.234326 -0.111805  0.135090 -0.304921  0.327570 -0.498921
3   0.167608  0.137606 -0.875151  0.170582  0.209605  0.085507
4   0.493549 -0.089194  0.467040  0.434900  0.491154  0.458234
5   0.416331  0.492428  0.421903  0.384013  0.407012  0.445595
6   0.013117  0.462557  0.616490 -0.392901 -0.575331  0.367374
7  -0.737994  0.221958  0.227134  0.242960  0.264514  0.207006
8   0.294338  0.292019  0.295879  0.324519  0.312074  0.283508
9   0.339841  0.558625 -0.922592  0.234654  0.145746 -0.528903
10  0.344107  0.506548 -0.693540  0.418497 -0.373828 -0.086478
11 -0.626167 -0.739504 -0.114864  0.439513 -0.225132  0.906212
