20            0         1         2         3         4         5
0   0.720172 -0.807911  0.552825  0.833777  0.461788 -0.872858
1  -0.159332  0.577273  0.789577  0.623309  0.652145 -0.347734
2  -0.594933 -0.566184 -0.409108 -0.073214  0.388374 -0.694071
3   0.512457 -0.447638  0.427225 -0.103182  0.336132  0.478110
4  -0.554096  0.331744  0.486271  0.635652 -0.391943  0.259685
5  -0.211599 -0.347005  0.464992 -0.530046  0.299706  0.377019
6  -0.304162 -0.217529 -0.707692  0.937767  0.333555  0.967130
7  -0.218256  0.563936  0.583775 -0.686255  0.166066 -0.088349
8  -0.195459 -0.537428 -0.724067  0.171095  0.402048 -0.431981
9  -0.671078 -0.301108  0.837796  0.984322 -0.422958 -0.833712
10 -0.846457 -0.206480  0.355089 -0.686361 -0.835259 -0.259341
11  0.002365 -0.180358 -0.207082 -0.210284 -0.362083  0.187148
40            0         1         2         3         4         5
0   0.720172 -0.807911  0.552825  0.833777  0.461788 -0.872858
1  -0.114762  0.533336  0.589471  0.323003  0.593525 -0.347734
2  -0.547910 -0.548026 -0.334031 -0.101663  0.372874 -0.694071
3   0.512457 -0.447638  0.427225 -0.103182  0.336132  0.478110
4  -0.554096  0.452134  0.494871  0.470288 -0.100691  0.382927
5  -0.041957 -0.299724  0.402563 -0.530046  0.397538  0.348949
6  -0.304162 -0.217529 -0.707692  0.937767  0.333555  0.967130
7  -0.003971  0.479212  0.472702 -0.686255  0.282980  0.051057
8  -0.165381 -0.503787 -0.724067  0.186369  0.390602 -0.408691
9  -0.671078 -0.301108  0.837796  0.984322 -0.422958 -0.833712
10 -0.846457 -0.206480  0.355089 -0.686361 -0.835259 -0.259341
11  0.002365 -0.180358 -0.207082 -0.210284 -0.362083  0.187148
60            0         1         2         3         4         5
0   0.720172 -0.807911  0.552825  0.833777  0.461788 -0.872858
1  -0.004244  0.306855  0.389134  0.197284  0.480808 -0.347734
2  -0.522511 -0.549351 -0.312806 -0.098465  0.376558 -0.694071
3   0.510855 -0.447638  0.408790 -0.099283  0.336132  0.474768
4  -0.554096  0.452396  0.459068  0.416934  0.238626  0.412861
5  -0.004984 -0.253161  0.396974 -0.530046  0.384403  0.326529
6  -0.279915 -0.207648 -0.707692  0.925999  0.358872  0.934693
7   0.092645  0.430073  0.430238 -0.686255  0.317346  0.111358
8  -0.136153 -0.503787 -0.724067  0.190096  0.388313 -0.408691
9  -0.671078 -0.301108  0.837796  0.984322 -0.422958 -0.833712
10 -0.846457 -0.206480  0.355089 -0.686361 -0.835259 -0.259341
11  0.002365 -0.180358 -0.207082 -0.210284 -0.362083  0.187148
80            0         1         2         3         4         5
0   0.717033 -0.807911  0.551376  0.833777  0.468290 -0.872858
1   0.105389  0.295590  0.326377  0.092287  0.477265 -0.347734
2  -0.496186 -0.524207 -0.265567 -0.181353  0.347990 -0.694071
3   0.505412 -0.447638  0.412863 -0.089190  0.344751  0.470820
4  -0.554096  0.435500  0.423362  0.394109  0.366269  0.392622
5   0.134978 -0.117578  0.335492 -0.530046  0.413515  0.280510
6  -0.259569 -0.207648 -0.707692  0.924202  0.362856  0.927238
7   0.137201  0.388774  0.387790 -0.686255  0.320678  0.146234
8  -0.027357 -0.474950 -0.724067  0.206258  0.370089 -0.317696
9  -0.671078 -0.301108  0.837796  0.984322 -0.422958 -0.833712
10 -0.846457 -0.206480  0.355089 -0.686361 -0.835259 -0.259341
11  0.002365 -0.180358 -0.207082 -0.210284 -0.362083  0.187148
100            0         1         2         3         4         5
0   0.717033 -0.807911  0.551376  0.833777  0.468290 -0.872858
1   0.177664  0.220378  0.169914  0.030146  0.345514 -0.347734
2  -0.478907 -0.527188 -0.218031 -0.205888  0.324037 -0.694071
3   0.505412 -0.447638  0.412863 -0.089190  0.344751  0.470820
4  -0.554096  0.394863  0.403195  0.360805  0.418153  0.371219
5   0.195862 -0.041860  0.317491 -0.530046  0.399262  0.286914
6  -0.259569 -0.207648 -0.707692  0.924202  0.362856  0.927238
7   0.208546  0.336066  0.336718 -0.686255  0.320408  0.194805
8   0.013763 -0.422711 -0.724067  0.219483  0.362265 -0.287763
9  -0.671078 -0.301108  0.837796  0.984322 -0.422958 -0.833712
10 -0.846457 -0.206480  0.355089 -0.686361 -0.835259 -0.259341
11  0.002365 -0.180358 -0.207082 -0.210284 -0.362083  0.187148
120            0         1         2         3         4         5
0   0.715156 -0.807911  0.551376  0.833777  0.468290 -0.872858
1   0.216411  0.214056  0.160794  0.007178  0.322059 -0.347734
2  -0.336251 -0.483824 -0.243671 -0.267456  0.228523 -0.694071
3   0.505412 -0.447638  0.418166 -0.089190  0.344751  0.470155
4  -0.554096  0.375664  0.374614  0.348100  0.396644  0.360303
5   0.283129  0.107974  0.320364 -0.530046  0.394026  0.281869
6  -0.259569 -0.207648 -0.707692  0.922378  0.358253  0.923533
7   0.216976  0.317316  0.327080 -0.686255  0.307934  0.205632
8   0.065307 -0.326868 -0.724067  0.234908  0.339187 -0.220552
9  -0.671078 -0.301108  0.837796  0.984322 -0.422958 -0.833712
10 -0.846457 -0.206480  0.355089 -0.686361 -0.835259 -0.259341
11  0.002365 -0.180358 -0.207082 -0.210284 -0.362083  0.187148
140            0         1         2         3         4         5
0   0.715156 -0.807911  0.551376  0.833777  0.468290 -0.872858
1   0.269973  0.192167  0.168148 -0.097894  0.290146 -0.347734
2  -0.239495 -0.419242 -0.184548 -0.278949  0.221389 -0.694071
3   0.505412 -0.447638  0.418166 -0.089190  0.344751  0.470155
4  -0.554096  0.380001  0.369965  0.344248  0.416824  0.344049
5   0.309433  0.167658  0.331202 -0.530046  0.401431  0.263131
6  -0.259569 -0.207648 -0.707692  0.922378  0.358253  0.923533
7   0.243872  0.286967  0.306848 -0.686255  0.295970  0.210676
8   0.092876 -0.286931 -0.724067  0.232033  0.315557 -0.153871
9  -0.671078 -0.301108  0.837796  0.984322 -0.422958 -0.833712
10 -0.846457 -0.206480  0.355089 -0.686361 -0.835259 -0.259341
11  0.002365 -0.180358 -0.207082 -0.210284 -0.362083  0.187148
160            0         1         2         3         4         5
0   0.715156 -0.807911  0.551376  0.833777  0.468290 -0.872858
1   0.244942  0.193013  0.098245 -0.157174  0.223945 -0.347734
2  -0.238889 -0.419242 -0.184548 -0.278949  0.224051 -0.694071
3   0.505412 -0.447638  0.418166 -0.089190  0.344751  0.470155
4  -0.554096  0.366933  0.384009  0.349495  0.416300  0.348152
5   0.316859  0.169192  0.334972 -0.530046  0.400628  0.253024
6  -0.259569 -0.207648 -0.707692  0.922378  0.358253  0.923533
7   0.252160  0.256698  0.267440 -0.686255  0.282918  0.210986
8   0.096041 -0.286931 -0.724067  0.232033  0.314231 -0.149813
9  -0.671078 -0.301108  0.837796  0.984322 -0.422958 -0.833712
10 -0.846457 -0.206480  0.355089 -0.686361 -0.835259 -0.259341
11  0.002365 -0.180358 -0.207082 -0.210284 -0.362083  0.187148
180            0         1         2         3         4         5
0   0.715156 -0.807911  0.549881  0.833777  0.468290 -0.872858
1   0.228577  0.221603  0.116595 -0.145850  0.204335 -0.347734
2  -0.189699 -0.411402 -0.183989 -0.336198  0.197045 -0.694071
3   0.491704 -0.447638  0.417392 -0.084295  0.351074  0.469939
4  -0.554096  0.358416  0.385152  0.344328  0.404541  0.341137
5   0.323845  0.192819  0.309689 -0.530046  0.363007  0.237873
6  -0.239880 -0.207648 -0.707692  0.909551  0.365732  0.903504
7   0.241723  0.250895  0.258107 -0.686255  0.268686  0.209800
8   0.139811 -0.210996 -0.724067  0.229142  0.285717 -0.082710
9  -0.671078 -0.301108  0.837796  0.984322 -0.422958 -0.833712
10 -0.846457 -0.206480  0.355089 -0.686361 -0.835259 -0.259341
11  0.002365 -0.180358 -0.207082 -0.210284 -0.362083  0.187148
200            0         1         2         3         4         5
0   0.715156 -0.807911  0.549881  0.833777  0.468290 -0.872858
1   0.137011  0.101098  0.022708 -0.169922  0.230573 -0.347734
2  -0.149792 -0.405084 -0.191940 -0.340538  0.131773 -0.694071
3   0.481116 -0.447638  0.417392 -0.084295  0.343554  0.469939
4  -0.554096  0.350023  0.363822  0.332990  0.427983  0.334326
5   0.322724  0.196663  0.269755 -0.530046  0.324910  0.247318
6  -0.239880 -0.207648 -0.707692  0.909551  0.365732  0.903504
7   0.240844  0.230841  0.238373 -0.686255  0.257220  0.205791
8   0.150018 -0.168910 -0.724067  0.227829  0.261250 -0.037603
9  -0.671078 -0.301108  0.837796  0.984322 -0.422958 -0.833712
10 -0.846457 -0.206480  0.355089 -0.686361 -0.835259 -0.259341
11  0.002365 -0.180358 -0.207082 -0.210284 -0.362083  0.187148
220            0         1         2         3         4         5
0   0.715156 -0.807911  0.549881  0.833777  0.468290 -0.872858
1   0.149482  0.046232  0.017818 -0.183242  0.169285 -0.347734
2  -0.139188 -0.411794 -0.205795 -0.343822  0.143035 -0.694071
3   0.481116 -0.447638  0.417392 -0.084295  0.343554  0.469939
4  -0.554096  0.334982  0.343982  0.329180  0.390755  0.325335
5   0.304390  0.192311  0.279904 -0.530046  0.319452  0.247525
6  -0.239880 -0.207648 -0.707692  0.909551  0.365732  0.903504
7   0.229045  0.211174  0.221481 -0.686255  0.235254  0.195341
8   0.148758 -0.146864 -0.724067  0.227232  0.259166 -0.032729
9  -0.671078 -0.301108  0.837796  0.984322 -0.422958 -0.833712
10 -0.846457 -0.206480  0.355089 -0.686361 -0.835259 -0.259341
11  0.002365 -0.180358 -0.207082 -0.210284 -0.362083  0.187148
240            0         1         2         3         4         5
0   0.715156 -0.807911  0.549881  0.833777  0.468290 -0.872858
1   0.158609  0.015029  0.016590 -0.208789  0.211929 -0.347734
2  -0.094337 -0.361475 -0.157316 -0.393052  0.196604 -0.694071
3   0.481116 -0.447638  0.417392 -0.084295  0.343554  0.469939
4  -0.554096  0.326874  0.362289  0.317375  0.381449  0.316050
5   0.291312  0.211949  0.293404 -0.530046  0.319881  0.222984
6  -0.239880 -0.207648 -0.707692  0.909551  0.365732  0.903504
7   0.224940  0.203453  0.218661 -0.686255  0.242406  0.188796
8   0.164340 -0.083737 -0.724067  0.216989  0.252718  0.009980
9  -0.671078 -0.301108  0.837796  0.984322 -0.422958 -0.833712
10 -0.846457 -0.206480  0.355089 -0.686361 -0.835259 -0.259341
11  0.002365 -0.180358 -0.207082 -0.210284 -0.362083  0.187148
260            0         1         2         3         4         5
0   0.715156 -0.807911  0.549881  0.833777  0.468290 -0.872858
1   0.245376  0.010636  0.001567 -0.218344  0.194554 -0.347734
2  -0.121986 -0.329234 -0.202401 -0.408036  0.155175 -0.694071
3   0.481116 -0.447638  0.417392 -0.084295  0.343554  0.469939
4  -0.554096  0.345027  0.360412  0.324873  0.414386  0.317868
5   0.303409  0.200680  0.269375 -0.530046  0.296391  0.237090
6  -0.239880 -0.207648 -0.707692  0.909551  0.355378  0.903504
7   0.236406  0.193389  0.212935 -0.686255  0.226043  0.188663
8   0.172492 -0.029915 -0.724067  0.211810  0.252534  0.056135
9  -0.671078 -0.301108  0.837796  0.984322 -0.422958 -0.833712
10 -0.846457 -0.206480  0.355089 -0.686361 -0.835259 -0.259341
11  0.002365 -0.180358 -0.207082 -0.210284 -0.362083  0.187148
280            0         1         2         3         4         5
0   0.715156 -0.807911  0.548228  0.833777  0.468290 -0.872858
1   0.202366  0.032297 -0.000650 -0.189466  0.150582 -0.347734
2  -0.103251 -0.346952 -0.203533 -0.423567  0.109419 -0.694071
3   0.479764 -0.447638  0.409832 -0.079614  0.354609  0.449606
4  -0.554096  0.336400  0.330479  0.314448  0.382990  0.321312
5   0.302870  0.209980  0.271359 -0.530046  0.286633  0.168415
6  -0.211187 -0.207648 -0.707692  0.907732  0.362757  0.889328
7   0.221133  0.190151  0.204813 -0.686255  0.222893  0.180904
8   0.174128  0.000949 -0.724067  0.207433  0.241791  0.070212
9  -0.671078 -0.301108  0.837796  0.984322 -0.422958 -0.833712
10 -0.846457 -0.206480  0.355089 -0.686361 -0.835259 -0.259341
11  0.002365 -0.180358 -0.207082 -0.210284 -0.362083  0.187148
300            0         1         2         3         4         5
0   0.715156 -0.807911  0.548228  0.833777  0.468290 -0.872858
1   0.178502  0.012523 -0.048856 -0.227911  0.192395 -0.347734
2  -0.091588 -0.347028 -0.170100 -0.441748  0.129368 -0.694071
3   0.479764 -0.447638  0.409832 -0.079614  0.354609  0.449606
4  -0.554096  0.318121  0.323206  0.301901  0.368170  0.310475
5   0.262253  0.224508  0.253337 -0.530046  0.302740  0.178789
6  -0.211187 -0.207648 -0.707692  0.907732  0.362757  0.889328
7   0.211904  0.174790  0.199128 -0.686255  0.227182  0.182067
8   0.175318  0.031624 -0.724067  0.204086  0.234508  0.080039
9  -0.671078 -0.301108  0.837796  0.984322 -0.422958 -0.833712
10 -0.846457 -0.206480  0.355089 -0.686361 -0.835259 -0.259341
11  0.002365 -0.180358 -0.207082 -0.210284 -0.362083  0.187148
320            0         1         2         3         4         5
0   0.715156 -0.807911  0.538507  0.833777  0.468290 -0.872858
1   0.163021 -0.052180 -0.053576 -0.266539  0.156511 -0.347734
2  -0.099174 -0.344369 -0.161069 -0.448062  0.131591 -0.694071
3   0.479764 -0.447638  0.409832 -0.083068  0.354609  0.449606
4  -0.554096  0.311874  0.320256  0.298619  0.370229  0.300312
5   0.272952  0.200150  0.232510 -0.530046  0.304356  0.180743
6  -0.211187 -0.207648 -0.707692  0.907732  0.362757  0.889328
7   0.198489  0.170908  0.186035 -0.686255  0.212556  0.176912
8   0.175922  0.038203 -0.724067  0.201607  0.228731  0.091410
9  -0.671078 -0.301108  0.837796  0.984322 -0.422958 -0.833712
10 -0.846457 -0.206480  0.355089 -0.686361 -0.835259 -0.259341
11  0.002365 -0.180358 -0.207082 -0.210284 -0.362083  0.187148
340            0         1         2         3         4         5
0   0.715156 -0.807911  0.538507  0.833777  0.469945 -0.872858
1   0.136976 -0.031765 -0.089511 -0.259198  0.153107 -0.347734
2  -0.096558 -0.342270 -0.067341 -0.474314  0.117799 -0.694071
3   0.476891 -0.447638  0.409832 -0.083068  0.358443  0.441720
4  -0.554096  0.300456  0.316367  0.293258  0.357186  0.303100
5   0.275074  0.208106  0.229459 -0.530046  0.301062  0.140716
6  -0.211187 -0.207648 -0.707692  0.893273  0.376876  0.886038
7   0.189267  0.169258  0.179219 -0.686255  0.211522  0.175992
8   0.168895  0.068475 -0.724067  0.193158  0.213947  0.115980
9  -0.671078 -0.301108  0.837796  0.984322 -0.422958 -0.833712
10 -0.846457 -0.206480  0.355089 -0.686361 -0.835259 -0.259341
11  0.002365 -0.180358 -0.207082 -0.210284 -0.362083  0.187148
360            0         1         2         3         4         5
0   0.715156 -0.807911  0.538507  0.833777  0.469945 -0.872858
1   0.163404 -0.071237 -0.092521 -0.288745  0.156339 -0.347734
2  -0.051851 -0.309798 -0.097380 -0.476645  0.085738 -0.694071
3   0.476891 -0.447638  0.409832 -0.083068  0.358443  0.441720
4  -0.554096  0.300009  0.313882  0.295409  0.374659  0.296781
5   0.260745  0.242191  0.224883 -0.530046  0.297612  0.144407
6  -0.211187 -0.207648 -0.707692  0.893273  0.376876  0.886038
7   0.190113  0.167187  0.171168 -0.686255  0.204042  0.173564
8   0.172157  0.087323 -0.724067  0.184592  0.213506  0.126215
9  -0.671078 -0.301108  0.837796  0.984322 -0.422958 -0.833712
10 -0.846457 -0.206480  0.355089 -0.686361 -0.835259 -0.259341
11  0.002365 -0.180358 -0.207082 -0.210284 -0.362083  0.187148
380            0         1         2         3         4         5
0   0.715156 -0.807911  0.538507  0.833777  0.469945 -0.872858
1   0.199706 -0.054015 -0.108158 -0.285890  0.227375 -0.347734
2  -0.062163 -0.309798 -0.098382 -0.482419  0.073726 -0.694071
3   0.476891 -0.447638  0.409832 -0.083068  0.358443  0.441720
4  -0.554096  0.310999  0.322001  0.288224  0.358493  0.297433
5   0.266852  0.241440  0.214883 -0.530046  0.283086  0.147984
6  -0.211187 -0.207648 -0.707692  0.893273  0.376876  0.884324
7   0.182386  0.159689  0.165856 -0.686255  0.192410  0.160839
8   0.172116  0.089786 -0.724067  0.182454  0.212228  0.125610
9  -0.671078 -0.301108  0.837796  0.984322 -0.422958 -0.833712
10 -0.846457 -0.206480  0.355089 -0.686361 -0.835259 -0.259341
11  0.002365 -0.180358 -0.207082 -0.210284 -0.362083  0.187148
400            0         1         2         3         4         5
0   0.715156 -0.807911  0.538507  0.829184  0.469945 -0.872858
1   0.175286 -0.100468 -0.052786 -0.285482  0.222293 -0.347734
2  -0.056174 -0.294919 -0.097747 -0.509123  0.064891 -0.694071
3   0.464351 -0.447638  0.410848 -0.083068  0.359199  0.441720
4  -0.554096  0.303161  0.312636  0.283561  0.347601  0.286412
5   0.271175  0.188504  0.226214 -0.530046  0.267994  0.125228
6  -0.202028 -0.189380 -0.707692  0.879045  0.388000  0.860603
7   0.183123  0.146197  0.160583 -0.686255  0.185231  0.157765
8   0.170498  0.107153 -0.724067  0.172807  0.201477  0.133500
9  -0.671078 -0.301108  0.837796  0.984322 -0.422958 -0.833712
10 -0.846457 -0.206480  0.355089 -0.686361 -0.835259 -0.259341
11  0.002365 -0.180358 -0.207082 -0.210284 -0.362083  0.187148
420            0         1         2         3         4         5
0   0.715156 -0.807911  0.538507  0.829184  0.469945 -0.872858
1   0.205506 -0.088339 -0.109306 -0.301963  0.190564 -0.347734
2  -0.058347 -0.286162 -0.117699 -0.517137  0.042620 -0.694071
3   0.464351 -0.447638  0.410848 -0.083068  0.359199  0.441720
4  -0.554096  0.294805  0.298939  0.280480  0.332310  0.278124
5   0.253608  0.201399  0.206292 -0.530046  0.265709  0.143403
6  -0.202028 -0.189380 -0.707692  0.879045  0.388000  0.860603
7   0.174318  0.150094  0.160024 -0.686255  0.180455  0.152748
8   0.167705  0.109512 -0.724067  0.172359  0.196382  0.134662
9  -0.671078 -0.301108  0.837796  0.984322 -0.422958 -0.833712
10 -0.846457 -0.206480  0.355089 -0.686361 -0.835259 -0.259341
11  0.002365 -0.180358 -0.207082 -0.210284 -0.362083  0.187148
