20            0         1         2         3         4         5
0  -0.129811 -0.709563  0.483346 -0.432336 -0.725224  0.545986
1   0.048305  0.013794 -0.044371 -0.870142  0.019504 -0.208281
2   0.286890  0.305008  0.169919 -0.066090  0.633986 -0.194391
3   0.343278  0.694643  0.157256 -0.435524 -0.305355  0.506444
4   0.264908  0.416590  0.430918  0.310210  0.411117 -0.150573
5   0.648009  0.626168  0.634674  0.543524  0.595283  0.653701
6   0.626771  0.752447  0.791396  0.787986  0.789318  0.793538
7   0.466636  0.508551  0.514022  0.501027  0.511412  0.525144
8   0.538282  0.538505  0.545406  0.507931  0.569673  0.537958
9  -0.706480 -0.097613  0.115757 -0.594657 -0.477512 -0.511178
10 -0.545385  0.208802 -0.141378  0.915158  0.275021 -0.317559
11 -0.688206  0.954897  0.209169 -0.646163  0.762424  0.758146
40            0         1         2         3         4         5
0  -0.129811 -0.709563  0.483346 -0.432336 -0.725224  0.545986
1   0.036448 -0.230948 -0.196510 -0.870142  0.286753 -0.371039
2   0.160164  0.138773  0.123952 -0.132262  0.344189 -0.194391
3   0.343278  0.694643  0.157256 -0.435524 -0.305355  0.506444
4   0.407165  0.429078  0.410747  0.385465  0.396909 -0.150573
5   0.613809  0.498426  0.529540  0.514337  0.656125  0.468419
6   0.626771  0.752447  0.791396  0.787986  0.789318  0.793538
7   0.298734  0.290752  0.293537  0.285956  0.303461  0.290743
8   0.470333  0.498286  0.505477  0.499198  0.520972  0.490221
9  -0.706480 -0.097613  0.115757 -0.594657 -0.477512 -0.511178
10 -0.545385  0.208802 -0.141378  0.915158  0.275021 -0.317559
11 -0.688206  0.954897  0.209169 -0.646163  0.762424  0.758146
60            0         1         2         3         4         5
0  -0.092313 -0.709563  0.487804 -0.379460 -0.725224  0.547169
1   0.018926 -0.091637 -0.090584 -0.870142  0.015804 -0.364308
2   0.178444  0.136412  0.059417 -0.109448  0.348940 -0.194391
3   0.424184  0.626631  0.311329 -0.435524 -0.143726  0.508260
4   0.321618  0.325497  0.388571  0.353458  0.347796 -0.150573
5   0.628940  0.483507  0.534771  0.491232  0.588345  0.442604
6   0.649803  0.655387  0.707729  0.712644  0.722426  0.692452
7   0.164339  0.162198  0.163189  0.158908  0.162566  0.145888
8   0.462979  0.479847  0.471516  0.440928  0.471706  0.462656
9  -0.706480 -0.097613  0.115757 -0.594657 -0.477512 -0.511178
10 -0.545385  0.208802 -0.141378  0.915158  0.275021 -0.317559
11 -0.688206  0.954897  0.209169 -0.646163  0.762424  0.758146
80            0         1         2         3         4         5
0  -0.092313 -0.709563  0.487804 -0.379460 -0.725224  0.547169
1   0.359953  0.208657 -0.094160 -0.870142  0.227833 -0.438756
2   0.030220  0.063948 -0.050809 -0.156410  0.163749 -0.194391
3   0.454400  0.577808  0.311329 -0.435524 -0.143726  0.511045
4   0.428017  0.384360  0.373332  0.375661  0.387257 -0.150573
5   0.559165  0.474575  0.436695  0.456300  0.352591  0.341923
6   0.588882  0.619625  0.691024  0.697596  0.708086  0.681993
7   0.178911  0.154904  0.160279  0.156965  0.182323  0.156833
8   0.315184  0.321749  0.322483  0.324253  0.338387  0.312175
9  -0.706480 -0.097613  0.115757 -0.594657 -0.477512 -0.511178
10 -0.545385  0.208802 -0.141378  0.915158  0.275021 -0.317559
11 -0.688206  0.954897  0.209169 -0.646163  0.762424  0.758146
100            0         1         2         3         4         5
0  -0.092313 -0.709563  0.488741 -0.379460 -0.725224  0.547169
1   0.212704  0.029263 -0.127220 -0.870142  0.205279 -0.294251
2  -0.011057 -0.103747 -0.079145 -0.173553  0.050513 -0.194391
3   0.475978  0.483921  0.335680 -0.435524 -0.100538  0.456923
4   0.410501  0.405065  0.394552  0.362620  0.396340 -0.150573
5   0.355721  0.323789  0.353437  0.391240  0.398200  0.301443
6   0.591916  0.608826  0.567993  0.598361  0.617482  0.635762
7   0.166870  0.160283  0.166055  0.164152  0.173534  0.162288
8   0.276437  0.276173  0.270671  0.269196  0.293221  0.271712
9  -0.706480 -0.097613  0.115757 -0.594657 -0.477512 -0.511178
10 -0.545385  0.208802 -0.141378  0.915158  0.275021 -0.317559
11 -0.688206  0.954897  0.209169 -0.646163  0.762424  0.758146
120            0         1         2         3         4         5
0  -0.092313 -0.709563  0.488741 -0.379460 -0.725224  0.547169
1   0.150509  0.058174 -0.114321 -0.870142  0.064630 -0.358454
2  -0.067075 -0.157964 -0.181834 -0.225140  0.016446 -0.220914
3   0.475978  0.483921  0.335680 -0.435524 -0.100538  0.456923
4   0.305684  0.315098  0.293443  0.303059  0.297347 -0.150573
5   0.196134  0.214545  0.228625  0.208375  0.284249  0.200535
6   0.591916  0.608826  0.567993  0.598361  0.617482  0.635762
7   0.137646  0.143769  0.146980  0.118588  0.147143  0.152082
8   0.189539  0.195640  0.182486  0.183697  0.206731  0.191801
9  -0.706480 -0.097613  0.115757 -0.594657 -0.477512 -0.511178
10 -0.545385  0.208802 -0.141378  0.915158  0.275021 -0.317559
11 -0.688206  0.954897  0.209169 -0.646163  0.762424  0.758146
140            0         1         2         3         4         5
0  -0.092313 -0.709563  0.488741 -0.379460 -0.725224  0.547169
1   0.000807 -0.247695 -0.125150 -0.870142  0.094102 -0.438992
2   0.106874 -0.198250 -0.010847 -0.242669  0.255916 -0.247077
3   0.475978  0.483921  0.335680 -0.435524 -0.100538  0.456923
4   0.314285  0.311220  0.285725  0.287694  0.325277 -0.150573
5   0.311870  0.223456  0.325858  0.277948  0.443554  0.358756
6   0.591916  0.608826  0.567993  0.598361  0.617482  0.635762
7   0.132004  0.121063  0.120493  0.116025  0.120188  0.114910
8   0.155818  0.165724  0.170287  0.167554  0.191101  0.169310
9  -0.706480 -0.097613  0.115757 -0.594657 -0.477512 -0.511178
10 -0.545385  0.208802 -0.141378  0.915158  0.275021 -0.317559
11 -0.688206  0.954897  0.209169 -0.646163  0.762424  0.758146
160            0         1         2         3         4         5
0  -0.092313 -0.709563  0.488741 -0.379460 -0.725224  0.547169
1  -0.019643 -0.143922 -0.084977 -0.870142 -0.226644 -0.408432
2   0.129078 -0.163501 -0.002882 -0.242669  0.266522 -0.247077
3   0.475978  0.483921  0.335680 -0.435524 -0.100538  0.456923
4   0.285194  0.313078  0.291995  0.287410  0.289513 -0.150573
5   0.343666  0.237783  0.355253  0.255363  0.379613  0.369584
6   0.591916  0.608826  0.567993  0.598361  0.617482  0.635762
7   0.106640  0.113359  0.108747  0.112886  0.119222  0.123819
8   0.156310  0.165720  0.167685  0.167554  0.184052  0.169310
9  -0.706480 -0.097613  0.115757 -0.594657 -0.477512 -0.511178
10 -0.545385  0.208802 -0.141378  0.915158  0.275021 -0.317559
11 -0.688206  0.954897  0.209169 -0.646163  0.762424  0.758146
180            0         1         2         3         4         5
0  -0.092313 -0.709563  0.488741 -0.379460 -0.725224  0.547169
1   0.093663 -0.030885  0.046729 -0.870142 -0.047203 -0.454003
2  -0.018537 -0.274099 -0.199808 -0.242669  0.213550 -0.270106
3   0.430788  0.479093  0.340673 -0.435524 -0.100538  0.452742
4   0.268786  0.279124  0.272820  0.279563  0.279104 -0.150573
5   0.270402  0.266416  0.198203  0.209325  0.265975  0.175556
6   0.582753  0.567724  0.524160  0.565166  0.593223  0.613841
7   0.077427  0.093447  0.059483  0.093988  0.088804  0.098366
8   0.154343  0.138302  0.140058  0.138379  0.144598  0.143763
9  -0.706480 -0.097613  0.115757 -0.594657 -0.477512 -0.511178
10 -0.545385  0.208802 -0.141378  0.915158  0.275021 -0.317559
11 -0.688206  0.954897  0.209169 -0.646163  0.762424  0.758146
200            0         1         2         3         4         5
0  -0.092313 -0.709563  0.488741 -0.379460 -0.725224  0.547169
1  -0.061757 -0.221979 -0.038873 -0.870142  0.164286 -0.484394
2  -0.107486 -0.274099 -0.241436 -0.272561 -0.019386 -0.270106
3   0.454759  0.474315  0.315107 -0.435524 -0.069167  0.449248
4   0.318953  0.275507  0.261816  0.265850  0.349623 -0.150573
5   0.224304  0.235037  0.181730  0.058758  0.181469  0.117313
6   0.573198  0.562368  0.460939  0.558153  0.582570  0.598648
7   0.081795  0.119664  0.111449  0.100973  0.124857  0.119877
8   0.151686  0.149988  0.147367  0.141461  0.145481  0.150687
9  -0.706480 -0.097613  0.115757 -0.594657 -0.477512 -0.511178
10 -0.545385  0.208802 -0.141378  0.915158  0.275021 -0.317559
11 -0.688206  0.954897  0.209169 -0.646163  0.762424  0.758146
220            0         1         2         3         4         5
0  -0.092313 -0.709563  0.488741 -0.379460 -0.725224  0.547169
1   0.096738 -0.142755  0.100298 -0.870142  0.110394 -0.507553
2  -0.152205 -0.274099 -0.270429 -0.272561 -0.055511 -0.270106
3   0.454759  0.474315  0.315107 -0.435524 -0.069167  0.449248
4   0.377468  0.335125  0.335266  0.314373  0.342605 -0.150573
5   0.157534  0.196597  0.209004  0.103849  0.144148  0.102346
6   0.573198  0.562368  0.460939  0.558153  0.582570  0.598648
7   0.126708  0.119276  0.123978  0.120708  0.124441  0.077196
8   0.142570  0.138848  0.139453  0.137689  0.141813  0.121953
9  -0.706480 -0.097613  0.115757 -0.594657 -0.477512 -0.511178
10 -0.545385  0.208802 -0.141378  0.915158  0.275021 -0.317559
11 -0.688206  0.954897  0.209169 -0.646163  0.762424  0.758146
240            0         1         2         3         4         5
0  -0.092313 -0.709563  0.488741 -0.379460 -0.725224  0.547169
1   0.281081  0.059052  0.109911 -0.870142  0.296976 -0.373559
2  -0.085767 -0.298486 -0.308461 -0.299161  0.147808 -0.319650
3   0.454759  0.474315  0.315107 -0.435524 -0.069167  0.449248
4   0.489486  0.426449  0.414455  0.396442  0.459091 -0.150573
5   0.190794  0.084907  0.121888  0.093748  0.220160  0.104695
6   0.573198  0.562368  0.460939  0.558153  0.582570  0.598648
7   0.170057  0.165087  0.164916  0.164439  0.190931  0.151198
8   0.139311  0.126038  0.128046  0.125365  0.135654  0.120058
9  -0.706480 -0.097613  0.115757 -0.594657 -0.477512 -0.511178
10 -0.545385  0.208802 -0.141378  0.915158  0.275021 -0.317559
11 -0.688206  0.954897  0.209169 -0.646163  0.762424  0.758146
260            0         1         2         3         4         5
0  -0.092313 -0.709563  0.488741 -0.379460 -0.725224  0.547169
1   0.194304 -0.017907 -0.009523 -0.870142  0.291374 -0.377873
2  -0.167923 -0.310806 -0.303735 -0.320975 -0.145851 -0.319650
3   0.454759  0.474315  0.315107 -0.435524 -0.069167  0.449248
4   0.487691  0.475465  0.485796  0.455096  0.483883 -0.150573
5   0.113993  0.135936  0.066216  0.011311  0.178377  0.106266
6   0.573198  0.562368  0.460939  0.558153  0.582570  0.598648
7   0.232660  0.225683  0.224571  0.226828  0.229679  0.224398
8   0.112880  0.114496  0.115229  0.116254  0.120088  0.111398
9  -0.706480 -0.097613  0.115757 -0.594657 -0.477512 -0.511178
10 -0.545385  0.208802 -0.141378  0.915158  0.275021 -0.317559
11 -0.688206  0.954897  0.209169 -0.646163  0.762424  0.758146
280            0         1         2         3         4         5
0  -0.092313 -0.709563  0.488741 -0.339356 -0.725224  0.547169
1   0.134000 -0.113676 -0.091262 -0.870142  0.186799 -0.360792
2  -0.256856 -0.345235 -0.303735 -0.344963 -0.269799 -0.319650
3   0.342070  0.464899  0.339124 -0.435524 -0.011317  0.443280
4   0.364140  0.327247  0.348680  0.348339  0.398179 -0.150573
5   0.069243  0.151895  0.005944  0.035545  0.044984  0.029679
6   0.557437  0.546671  0.466718  0.550493  0.540455  0.578007
7   0.162781  0.157590  0.166135  0.163067  0.175577  0.167488
8   0.096183  0.095755  0.102083  0.096645  0.093403  0.100840
9  -0.706480 -0.097613  0.115757 -0.594657 -0.477512 -0.511178
10 -0.545385  0.208802 -0.141378  0.915158  0.275021 -0.317559
11 -0.688206  0.954897  0.209169 -0.646163  0.762424  0.758146
300            0         1         2         3         4         5
0  -0.092313 -0.709563  0.488741 -0.339356 -0.725224  0.547169
1  -0.046961 -0.248860 -0.202179 -0.870142 -0.108481 -0.471440
2  -0.185488 -0.345235 -0.256468 -0.344963 -0.206655 -0.346832
3   0.342070  0.464899  0.339124 -0.435524 -0.011317  0.443280
4   0.307939  0.292095  0.268683  0.284931  0.296151 -0.150573
5   0.087821  0.066501 -0.094402  0.039492  0.038226 -0.037939
6   0.557437  0.546671  0.466718  0.550493  0.540455  0.578007
7   0.153987  0.147579  0.147412  0.149214  0.145805  0.144891
8   0.070386  0.072558  0.074093  0.073852  0.060495  0.070175
9  -0.706480 -0.097613  0.115757 -0.594657 -0.477512 -0.511178
10 -0.545385  0.208802 -0.141378  0.915158  0.275021 -0.317559
11 -0.688206  0.954897  0.209169 -0.646163  0.762424  0.758146
320            0         1         2         3         4         5
0  -0.092313 -0.709563  0.488741 -0.339356 -0.725224  0.547169
1  -0.027075 -0.089162 -0.252290 -0.870142  0.053110 -0.384056
2  -0.261090 -0.345235 -0.287857 -0.344963 -0.273848 -0.346832
3   0.342070  0.464899  0.339124 -0.435524 -0.011317  0.376523
4   0.296382  0.296862  0.299847  0.293329  0.312513 -0.150573
5   0.007185  0.025051 -0.094402  0.036473  0.129803  0.035813
6   0.557437  0.546671  0.466718  0.550493  0.540455  0.578007
7   0.125273  0.124077  0.128009  0.122384  0.130481  0.120704
8   0.060753  0.064715  0.061023  0.064186  0.054994  0.063844
9  -0.706480 -0.097613  0.115757 -0.594657 -0.477512 -0.511178
10 -0.545385  0.208802 -0.141378  0.915158  0.275021 -0.317559
11 -0.688206  0.954897  0.209169 -0.646163  0.762424  0.758146
340            0         1         2         3         4         5
0  -0.066985 -0.709563  0.488741 -0.339356 -0.725224  0.528398
1  -0.028362 -0.106782 -0.097796 -0.870142  0.010483 -0.429455
2  -0.374886 -0.402685 -0.386111 -0.394354 -0.262909 -0.377747
3   0.322712  0.455671  0.374418 -0.435524  0.050244  0.386017
4   0.329007  0.254085  0.287919  0.269011  0.262116 -0.150573
5  -0.117115 -0.105869 -0.019039 -0.124196  0.055338 -0.070962
6   0.543898  0.537363  0.478087  0.539542  0.505735  0.555287
7   0.103644  0.116618  0.115187  0.086071  0.081276  0.116044
8   0.043343  0.050174  0.038406  0.050568  0.037857  0.050404
9  -0.706480 -0.097613  0.115757 -0.594657 -0.477512 -0.511178
10 -0.545385  0.208802 -0.141378  0.915158  0.275021 -0.317559
11 -0.688206  0.954897  0.209169 -0.646163  0.762424  0.758146
360            0         1         2         3         4         5
0  -0.066985 -0.709563  0.488741 -0.339356 -0.725224  0.528398
1  -0.127726 -0.140204 -0.297708 -0.870142  0.002429 -0.526681
2  -0.307854 -0.449527 -0.356645 -0.428907 -0.265386 -0.443520
3   0.322712  0.455671  0.374418 -0.435524  0.050244  0.386017
4   0.265049  0.248160  0.246836  0.252924  0.260283 -0.150573
5  -0.158868  0.056592  0.023188 -0.150009  0.082665 -0.155704
6   0.543898  0.537363  0.478087  0.539542  0.505735  0.555287
7   0.118803  0.114766  0.111019  0.116852  0.132260  0.104674
8   0.061882  0.048118  0.047848  0.041640  0.043686  0.046140
9  -0.706480 -0.097613  0.115757 -0.594657 -0.477512 -0.511178
10 -0.545385  0.208802 -0.141378  0.915158  0.275021 -0.317559
11 -0.688206  0.954897  0.209169 -0.646163  0.762424  0.758146
380            0         1         2         3         4         5
0  -0.066985 -0.709563  0.484810 -0.339356 -0.725224  0.528398
1  -0.222868 -0.298787 -0.365258 -0.870142 -0.173550 -0.544209
2  -0.363583 -0.449527 -0.368061 -0.428907 -0.269807 -0.443520
3   0.330931  0.448870  0.376100 -0.435524  0.050244  0.344681
4   0.189857  0.189156  0.199111  0.211730  0.206645 -0.150573
5  -0.158868  0.089321  0.020338 -0.150009  0.107182 -0.155704
6   0.535797  0.522304  0.457423  0.528361  0.500674  0.528876
7   0.078550  0.082345  0.084188  0.078209  0.074635  0.082288
8   0.061882  0.048118  0.047848  0.041640  0.043686  0.046140
9  -0.706480 -0.097613  0.115757 -0.594657 -0.477512 -0.511178
10 -0.545385  0.208802 -0.141378  0.915158  0.275021 -0.317559
11 -0.688206  0.954897  0.209169 -0.646163  0.762424  0.758146
400            0         1         2         3         4         5
0  -0.066985 -0.709563  0.480367 -0.339356 -0.725224  0.522177
1  -0.067786 -0.296337 -0.242609 -0.870142 -0.050940 -0.603090
2  -0.326522 -0.463944 -0.354613 -0.477639 -0.297938 -0.470501
3   0.259173  0.433393  0.378357 -0.435524  0.067333  0.354725
4   0.210401  0.171793  0.185678  0.187565  0.193148 -0.150573
5  -0.158868 -0.049372  0.019806 -0.045080  0.080248 -0.047836
6   0.504519  0.492630  0.398014  0.455283  0.480493  0.465974
7   0.059616  0.052774 -0.031574  0.065672  0.064494  0.064419
8   0.058782  0.061822  0.052601  0.055096  0.053626  0.057460
9  -0.706480 -0.097613  0.115757 -0.594657 -0.477512 -0.511178
10 -0.545385  0.208802 -0.141378  0.915158  0.275021 -0.317559
11 -0.688206  0.954897  0.209169 -0.646163  0.762424  0.758146
420            0         1         2         3         4         5
0  -0.066985 -0.709563  0.480367 -0.339356 -0.725224  0.522177
1  -0.188991 -0.320152 -0.386258 -0.870142 -0.140292 -0.543519
2  -0.336446 -0.509906 -0.477384 -0.501898 -0.223729 -0.494048
3   0.259173  0.433393  0.378357 -0.435524  0.067333  0.354725
4   0.159008  0.165069  0.163241  0.154153  0.173835 -0.150573
5  -0.158868 -0.004445 -0.006506 -0.031067  0.048462 -0.135493
6   0.504519  0.492630  0.398014  0.455283  0.480493  0.465974
7   0.050921  0.050084 -0.031574  0.047791  0.055400  0.047550
8   0.047396  0.051436  0.049737  0.048427  0.048602  0.051816
9  -0.706480 -0.097613  0.115757 -0.594657 -0.477512 -0.511178
10 -0.545385  0.208802 -0.141378  0.915158  0.275021 -0.317559
11 -0.688206  0.954897  0.209169 -0.646163  0.762424  0.758146
