20            0         1         2         3         4         5
0  -0.061296 -0.301932  0.848113 -0.229902  0.993250 -0.083436
1  -0.356819  0.147365  0.259340 -0.090539  0.435012 -0.738845
2   0.457569  0.220296  0.538414 -0.131599  0.631269 -0.079248
3  -0.151902 -0.319877 -0.336912 -0.476424  0.888359 -0.594118
4   0.620065  0.133068  0.566188  0.586572  0.623881  0.540579
5   0.526439  0.540476  0.539406  0.631273  0.729502  0.575530
6  -0.116258  0.369675  0.679299 -0.158443 -0.267577  0.203508
7   0.767354  0.677149  0.720116  0.716141 -0.439164  0.719253
8   0.101755  0.141838  0.202354  0.223262  0.268644  0.162514
9  -0.280434 -0.768054  0.076350  0.883167  0.087161 -0.759399
10  0.064071 -0.179391  0.584232  0.774260  0.081957  0.673554
11  0.148841 -0.605187  0.540567  0.159104  0.460888 -0.489937
40            0         1         2         3         4         5
0  -0.061296 -0.301932  0.848113 -0.229902  0.993250 -0.083436
1   0.174645  0.114079  0.181692 -0.230341  0.462283 -0.738845
2   0.400848  0.047856  0.304182 -0.131599  0.609748 -0.030057
3  -0.151902 -0.319877 -0.336912 -0.476424  0.888359 -0.594118
4   0.622949  0.575628  0.589575  0.587006  0.590572  0.577411
5   0.640851  0.541357  0.560273  0.585233  0.663255  0.641400
6  -0.116258  0.369675  0.679299 -0.158443 -0.267577  0.203508
7   0.474869  0.455771  0.487890  0.469293 -0.439164  0.459295
8   0.299488  0.300385  0.320011  0.307251  0.418858  0.247916
9  -0.280434 -0.768054  0.076350  0.883167  0.087161 -0.759399
10  0.064071 -0.179391  0.584232  0.774260  0.081957  0.673554
11  0.148841 -0.605187  0.540567  0.159104  0.460888 -0.489937
60            0         1         2         3         4         5
0  -0.001035 -0.301932  0.848113 -0.229902  0.993250 -0.042540
1   0.272917  0.093660  0.224547 -0.070997  0.368711 -0.738845
2   0.315952 -0.012136  0.282627 -0.131599  0.379806 -0.006126
3   0.131646 -0.267698 -0.283700 -0.416237  0.804103 -0.594118
4   0.589911  0.605965  0.575369  0.546661  0.602918  0.574364
5   0.627777  0.524488  0.569493  0.620764  0.608340  0.624354
6   0.019898  0.495857  0.648387 -0.158443 -0.267577  0.335294
7   0.316695  0.325746  0.345107  0.350155 -0.439164  0.351812
8   0.326768  0.319729  0.341218  0.317405  0.386814  0.253935
9  -0.280434 -0.768054  0.076350  0.883167  0.087161 -0.759399
10  0.064071 -0.179391  0.584232  0.774260  0.081957  0.673554
11  0.148841 -0.605187  0.540567  0.159104  0.460888 -0.489937
80            0         1         2         3         4         5
0  -0.001035 -0.301932  0.841892 -0.229902  0.919960 -0.042540
1   0.414949  0.156992  0.257524 -0.114653  0.288625 -0.738845
2   0.338315 -0.048354  0.215547 -0.131599  0.249403 -0.082912
3   0.298635 -0.228718 -0.234038 -0.416237  0.784428 -0.594118
4   0.627543  0.603450  0.565632  0.539360  0.598684  0.533319
5   0.544898  0.497714  0.468982  0.551963  0.553953  0.489776
6   0.047216  0.509509  0.619787 -0.158443 -0.267577  0.368793
7   0.276281  0.256392  0.269398  0.270548 -0.439164  0.256203
8   0.311053  0.312832  0.342697  0.299979  0.355022  0.295685
9  -0.280434 -0.768054  0.076350  0.883167  0.087161 -0.759399
10  0.064071 -0.179391  0.584232  0.774260  0.081957  0.673554
11  0.148841 -0.605187  0.540567  0.159104  0.460888 -0.489937
100            0         1         2         3         4         5
0  -0.001035 -0.301932  0.841892 -0.229902  0.919960 -0.042540
1   0.342971  0.156630  0.115355 -0.192566  0.235578 -0.738845
2   0.408899 -0.002987  0.200194 -0.131599  0.263708 -0.082912
3   0.298635 -0.228718 -0.234038 -0.416237  0.784428 -0.594118
4   0.593510  0.568485  0.573411  0.530904  0.614872  0.558028
5   0.524620  0.492161  0.522999  0.467252  0.546768  0.379070
6   0.047216  0.509509  0.619787 -0.158443 -0.267577  0.368793
7   0.265943  0.243998  0.259789  0.244387 -0.439164  0.243386
8   0.300164  0.316857  0.309064  0.310023  0.350146  0.291929
9  -0.280434 -0.768054  0.076350  0.883167  0.087161 -0.759399
10  0.064071 -0.179391  0.584232  0.774260  0.081957  0.673554
11  0.148841 -0.605187  0.540567  0.159104  0.460888 -0.489937
120            0         1         2         3         4         5
0  -0.001035 -0.301932  0.841892 -0.229902  0.919960 -0.042540
1   0.212517  0.147344  0.082139 -0.166024  0.189017 -0.738845
2   0.161394 -0.042751  0.079192 -0.131599  0.275089 -0.137597
3   0.298635 -0.228718 -0.234038 -0.416237  0.784428 -0.594118
4   0.549174  0.483874  0.494025  0.515155  0.508084  0.494966
5   0.388671  0.457078  0.454899  0.397209  0.570098  0.404624
6   0.015600  0.511924  0.542128 -0.158443 -0.267577  0.368793
7   0.219911  0.206573  0.220047  0.205634 -0.439164  0.221214
8   0.310146  0.285169  0.292475  0.300270  0.348707  0.298161
9  -0.280434 -0.768054  0.076350  0.883167  0.087161 -0.759399
10  0.064071 -0.179391  0.584232  0.774260  0.081957  0.673554
11  0.148841 -0.605187  0.540567  0.159104  0.460888 -0.489937
140            0         1         2         3         4         5
0  -0.001035 -0.301932  0.841892 -0.229902  0.919960 -0.042540
1   0.325479 -0.097817 -0.055386 -0.147593  0.298964 -0.738845
2   0.512938 -0.062287  0.212229 -0.134271  0.574448 -0.137597
3   0.331502 -0.181982 -0.234038 -0.416237  0.718279 -0.594118
4   0.494432  0.514790  0.516538  0.473608  0.537742  0.475108
5   0.584356  0.590594  0.523096  0.426508  0.559448  0.359752
6   0.015600  0.511924  0.542128 -0.158443 -0.267577  0.368793
7   0.256784  0.242162  0.238995  0.240250 -0.439164  0.238785
8   0.308536  0.299105  0.299449  0.289504  0.365034  0.297049
9  -0.280434 -0.768054  0.076350  0.883167  0.087161 -0.759399
10  0.064071 -0.179391  0.584232  0.774260  0.081957  0.673554
11  0.148841 -0.605187  0.540567  0.159104  0.460888 -0.489937
160            0         1         2         3         4         5
0  -0.001035 -0.301932  0.841892 -0.229902  0.919960 -0.042540
1   0.303878  0.061463  0.100417 -0.253028  0.159947 -0.738845
2   0.476498 -0.062287  0.212229 -0.134271  0.547821 -0.137597
3   0.331502 -0.181982 -0.234038 -0.416237  0.718279 -0.594118
4   0.528810  0.494498  0.494450  0.542449  0.514415  0.499363
5   0.594846  0.590594  0.521437  0.426508  0.593500  0.359752
6   0.015600  0.511924  0.542128 -0.158443 -0.267577  0.368793
7   0.249386  0.235286  0.212640  0.223525 -0.439164  0.260264
8   0.308536  0.299105  0.299449  0.289504  0.365034  0.297049
9  -0.280434 -0.768054  0.076350  0.883167  0.087161 -0.759399
10  0.064071 -0.179391  0.584232  0.774260  0.081957  0.673554
11  0.148841 -0.605187  0.540567  0.159104  0.460888 -0.489937
180            0         1         2         3         4         5
0  -0.001035 -0.301932  0.841892 -0.229902  0.918785 -0.042540
1   0.305512  0.163025  0.228786 -0.213438  0.052767 -0.738845
2   0.401582 -0.061361 -0.052264 -0.134271  0.448174 -0.137597
3   0.332214 -0.181982 -0.148111 -0.363264  0.720059 -0.594118
4   0.461869  0.456753  0.445705  0.434229  0.474599  0.443291
5   0.367468  0.506950  0.439428  0.418854  0.468822  0.412265
6   0.015600  0.499537  0.512447 -0.158443 -0.267577  0.404176
7   0.243426  0.216832  0.213165  0.221349 -0.439164  0.206827
8   0.345874  0.343869  0.335270  0.327636  0.410515  0.333769
9  -0.280434 -0.768054  0.076350  0.883167  0.087161 -0.759399
10  0.064071 -0.179391  0.584232  0.774260  0.081957  0.673554
11  0.148841 -0.605187  0.540567  0.159104  0.460888 -0.489937
200            0         1         2         3         4         5
0  -0.001035 -0.301932  0.841892 -0.229902  0.918785 -0.042540
1   0.141876 -0.066190  0.057684 -0.200229  0.325942 -0.738845
2   0.194021 -0.106240  0.034719 -0.134271  0.181799 -0.137597
3   0.332214 -0.181982 -0.148111 -0.363264  0.720059 -0.594118
4   0.440376  0.435756  0.413737  0.418948  0.470030  0.415747
5   0.351786  0.363547  0.423340  0.411638  0.441581  0.367356
6   0.015600  0.499537  0.512447 -0.158443 -0.267577  0.404176
7   0.184292  0.188889  0.187542  0.189370 -0.439164  0.183855
8   0.335937  0.283698  0.320256  0.332848  0.344013  0.338161
9  -0.280434 -0.768054  0.076350  0.883167  0.087161 -0.759399
10  0.064071 -0.179391  0.584232  0.774260  0.081957  0.673554
11  0.148841 -0.605187  0.540567  0.159104  0.460888 -0.489937
220            0         1         2         3         4         5
0  -0.001035 -0.301932  0.841892 -0.229902  0.918785 -0.042540
1   0.147708 -0.077640 -0.122707 -0.356646  0.215162 -0.738845
2   0.002844 -0.106240 -0.091264 -0.134271  0.085332 -0.137597
3   0.332214 -0.181982 -0.148111 -0.363264  0.720059 -0.594118
4   0.397068  0.416434  0.420052  0.387156  0.432959  0.391027
5   0.348847  0.391852  0.413584  0.305783  0.375562  0.375992
6   0.015600  0.499537  0.512447 -0.158443 -0.267577  0.404176
7   0.177374  0.187540  0.173891  0.172337 -0.439164  0.166378
8   0.328469  0.289113  0.303380  0.306790  0.313633  0.331626
9  -0.280434 -0.768054  0.076350  0.883167  0.087161 -0.759399
10  0.064071 -0.179391  0.584232  0.774260  0.081957  0.673554
11  0.148841 -0.605187  0.540567  0.159104  0.460888 -0.489937
240            0         1         2         3         4         5
0  -0.001035 -0.301932  0.841892 -0.229902  0.918785 -0.042540
1   0.232104  0.060637  0.015963 -0.334209  0.343094 -0.738845
2  -0.216295 -0.216969 -0.127955 -0.210548  0.204192 -0.234008
3   0.332214 -0.181982 -0.148111 -0.363264  0.720059 -0.594118
4   0.468421  0.504077  0.546810  0.447211  0.530356  0.450319
5   0.294515  0.297545  0.247902  0.243835  0.340728  0.248018
6   0.015600  0.499537  0.512447 -0.158443 -0.267577  0.404176
7   0.176913  0.168800  0.196643  0.167054 -0.439164  0.158594
8   0.255633  0.269356  0.263522  0.249367  0.263779  0.266519
9  -0.280434 -0.768054  0.076350  0.883167  0.087161 -0.759399
10  0.064071 -0.179391  0.584232  0.774260  0.081957  0.673554
11  0.148841 -0.605187  0.540567  0.159104  0.460888 -0.489937
260            0         1         2         3         4         5
0  -0.001035 -0.301932  0.841892 -0.229902  0.918785 -0.042540
1   0.429048  0.080753  0.140088 -0.192748  0.455483 -0.738845
2   0.102797 -0.216969 -0.034226 -0.210548  0.263898 -0.234008
3   0.332214 -0.181982 -0.148111 -0.363264  0.720059 -0.594118
4   0.655014  0.651200  0.617215  0.576754  0.630217  0.582148
5   0.433292  0.319604  0.287158  0.344594  0.413122  0.361882
6   0.015600  0.499537  0.512447 -0.158443 -0.267577  0.404176
7   0.214631  0.206014  0.234158  0.187688 -0.439164  0.195547
8   0.229916  0.246925  0.231496  0.231249  0.258436  0.241066
9  -0.280434 -0.768054  0.076350  0.883167  0.087161 -0.759399
10  0.064071 -0.179391  0.584232  0.774260  0.081957  0.673554
11  0.148841 -0.605187  0.540567  0.159104  0.460888 -0.489937
280            0         1         2         3         4         5
0  -0.001035 -0.301932  0.832111 -0.229902  0.905485 -0.042540
1   0.463910  0.144518  0.122287 -0.228245  0.181430 -0.738845
2  -0.019929 -0.216969 -0.101643 -0.233629  0.262888 -0.234008
3   0.533443  0.009296  0.020111 -0.264525  0.718079 -0.594118
4   0.639254  0.592949  0.570114  0.555865  0.601019  0.555944
5   0.309383  0.346392  0.285047  0.320285  0.337721  0.302592
6   0.037765  0.466956  0.499763 -0.128031 -0.267577  0.421856
7   0.206745  0.181129  0.207700  0.202169 -0.439164  0.192154
8   0.216751  0.211382  0.197256  0.207992  0.224367  0.221358
9  -0.280434 -0.768054  0.076350  0.883167  0.087161 -0.759399
10  0.064071 -0.179391  0.584232  0.774260  0.081957  0.673554
11  0.148841 -0.605187  0.540567  0.159104  0.460888 -0.489937
300            0         1         2         3         4         5
0  -0.001035 -0.301932  0.832111 -0.229902  0.905485 -0.042540
1   0.327026  0.176363  0.100057 -0.126035  0.240002 -0.738845
2   0.196268 -0.216969 -0.080598 -0.233629  0.211569 -0.234008
3   0.533443  0.009296  0.020111 -0.264525  0.661168 -0.594118
4   0.599073  0.609642  0.574001  0.555255  0.589967  0.577266
5   0.213807  0.399969  0.405653  0.357909  0.383754  0.310616
6   0.058254  0.464866  0.472401 -0.128031 -0.267577  0.421856
7   0.280040  0.239653  0.281957  0.243436 -0.439164  0.257189
8   0.228675  0.202824  0.210011  0.210952  0.212860  0.218916
9  -0.280434 -0.768054  0.076350  0.883167  0.087161 -0.759399
10  0.064071 -0.179391  0.584232  0.774260  0.081957  0.673554
11  0.148841 -0.605187  0.540567  0.159104  0.460888 -0.489937
320            0         1         2         3         4         5
0  -0.001035 -0.301932  0.832111 -0.229902  0.909412 -0.042540
1   0.349242  0.066758  0.048214 -0.191866  0.144916 -0.738845
2   0.148273 -0.216969 -0.128020 -0.233629  0.171002 -0.234008
3   0.479756  0.009296  0.101519 -0.264525  0.661168 -0.594118
4   0.536346  0.533222  0.562502  0.529630  0.574358  0.507722
5   0.318633  0.363896  0.342720  0.353932  0.293504  0.301700
6   0.058254  0.464866  0.472401 -0.128031 -0.267577  0.421856
7   0.209529  0.216256  0.211276  0.211739 -0.439164  0.217080
8   0.205533  0.195136  0.203969  0.205885  0.214604  0.209119
9  -0.280434 -0.768054  0.076350  0.883167  0.087161 -0.759399
10  0.064071 -0.179391  0.584232  0.774260  0.081957  0.673554
11  0.148841 -0.605187  0.540567  0.159104  0.460888 -0.489937
340            0         1         2         3         4         5
0   0.030006 -0.301932  0.832111 -0.229902  0.901603 -0.042540
1   0.313671  0.214109  0.016145 -0.168472  0.308107 -0.738845
2  -0.109978 -0.184187 -0.194624 -0.233629  0.082191 -0.234008
3   0.479756  0.067917  0.114470 -0.220772  0.684046 -0.594118
4   0.496658  0.491380  0.495767  0.481438  0.525115  0.489015
5   0.338381  0.235083  0.284458  0.264021  0.315956  0.265649
6   0.109979  0.453101  0.463024 -0.121630 -0.267577  0.421653
7   0.162954  0.194049  0.149683  0.181871 -0.439164  0.191468
8   0.215453  0.198895  0.202390  0.189044  0.215713  0.188895
9  -0.280434 -0.768054  0.076350  0.883167  0.087161 -0.759399
10  0.064071 -0.179391  0.584232  0.774260  0.081957  0.673554
11  0.148841 -0.605187  0.540567  0.159104  0.460888 -0.489937
360            0         1         2         3         4         5
0   0.030006 -0.301932  0.832111 -0.229902  0.901603 -0.042540
1   0.391776  0.239220  0.188481 -0.224737  0.444421 -0.738845
2   0.123917 -0.202816 -0.131915 -0.233629  0.228739 -0.234008
3   0.479756  0.067917  0.114470 -0.220772  0.684046 -0.594118
4   0.686382  0.614650  0.589545  0.622390  0.678552  0.593492
5   0.370262  0.321416  0.370701  0.340166  0.383730  0.308300
6   0.109979  0.453101  0.463024 -0.121630 -0.267577  0.421653
7   0.237629  0.182788  0.191107  0.178203 -0.439164  0.166044
8   0.189238  0.177602  0.170375  0.183093  0.198193  0.172206
9  -0.280434 -0.768054  0.076350  0.883167  0.087161 -0.759399
10  0.064071 -0.179391  0.584232  0.774260  0.081957  0.673554
11  0.148841 -0.605187  0.540567  0.159104  0.460888 -0.489937
380            0         1         2         3         4         5
0   0.030006 -0.301932  0.832111 -0.229902  0.899805 -0.042540
1   0.145891  0.078461  0.147806 -0.254689  0.276380 -0.738845
2   0.085800 -0.202816 -0.131915 -0.233629  0.142184 -0.234008
3   0.494436  0.096118  0.140343 -0.178136  0.631234 -0.594118
4   0.527132  0.526061  0.539407  0.523801  0.554847  0.516474
5   0.365963  0.336280  0.387640  0.339883  0.372361  0.258966
6   0.178795  0.421988  0.456113 -0.069245 -0.267577  0.420338
7   0.194454  0.198486  0.189422  0.163777 -0.439164  0.195160
8   0.188135  0.168759  0.170730  0.182333  0.207207  0.172721
9  -0.280434 -0.768054  0.076350  0.883167  0.087161 -0.759399
10  0.064071 -0.179391  0.584232  0.774260  0.081957  0.673554
11  0.148841 -0.605187  0.540567  0.159104  0.460888 -0.489937
400            0         1         2         3         4         5
0   0.030006 -0.301932  0.801255 -0.229902  0.899805 -0.042540
1   0.051653 -0.100961  0.079759 -0.265549  0.107097 -0.738845
2  -0.064267 -0.227007 -0.256442 -0.233629  0.025841 -0.234008
3   0.476277  0.246422  0.108506 -0.067321  0.568349 -0.594118
4   0.423142  0.430787  0.419105  0.414023  0.435929  0.409221
5   0.234848  0.289680  0.306668  0.156905  0.312352  0.206020
6   0.286677  0.419816  0.461810 -0.021255 -0.267577  0.401883
7   0.135337  0.124161  0.151409  0.136378 -0.439164  0.144451
8   0.176678  0.171292  0.187010  0.174294  0.194836  0.169578
9  -0.280434 -0.768054  0.076350  0.883167  0.087161 -0.759399
10  0.064071 -0.179391  0.584232  0.774260  0.081957  0.673554
11  0.148841 -0.605187  0.540567  0.159104  0.460888 -0.489937
420            0         1         2         3         4         5
0   0.030006 -0.301932  0.801255 -0.229902  0.899805 -0.042540
1   0.101776  0.090495 -0.093733 -0.317843  0.192048 -0.738845
2  -0.019075 -0.252709 -0.256442 -0.239221  0.089694 -0.257995
3   0.476277  0.246422  0.108506 -0.067321  0.568349 -0.594118
4   0.438486  0.428402  0.441101  0.407345  0.448053  0.396863
5   0.161835  0.203030  0.262804  0.231269  0.301591  0.194743
6   0.286677  0.419816  0.461810 -0.021255 -0.267577  0.401883
7   0.125915  0.138754  0.139160  0.137731 -0.439164  0.135946
8   0.163859  0.163449  0.162956  0.164941  0.179238  0.168508
9  -0.280434 -0.768054  0.076350  0.883167  0.087161 -0.759399
10  0.064071 -0.179391  0.584232  0.774260  0.081957  0.673554
11  0.148841 -0.605187  0.540567  0.159104  0.460888 -0.489937
