20            0         1         2         3         4         5
0   0.180014  0.874184  0.951301 -0.509302 -0.335424  0.814459
1   0.471532  0.839110  0.774021  0.207114  0.301681  0.117487
2   0.260254  0.064061  0.063144 -0.151047  0.588706  0.120274
3  -0.039838 -0.744503 -0.648378 -0.855869  0.544730 -0.380466
4   0.906606  0.856409  0.764061  0.725996  0.821228  0.640018
5   0.698797  0.676504  0.616082  0.613182  0.669319  0.639324
6   0.148227 -0.013143  0.616618  0.667277  0.113173  0.642092
7   0.375470  0.439937  0.469016  0.461438  0.489692  0.415693
8   0.504420  0.543019  0.528185  0.518392  0.513819  0.504983
9  -0.696659  0.456816  0.834546  0.916215  0.645481  0.462936
10  0.733520  0.897248  0.707564 -0.022689  0.046451  0.959779
11  0.246563  0.015000  0.288835 -0.821822 -0.231140  0.083465
40            0         1         2         3         4         5
0   0.180014  0.874184  0.951301 -0.509302 -0.335424  0.814459
1   0.431854  0.072368  0.197351  0.035452  0.279179  0.012173
2   0.313683  0.064174  0.192960 -0.151047  0.711845 -0.040442
3  -0.039838 -0.744503 -0.648378 -0.855869  0.544730 -0.380466
4   0.676937  0.597373  0.641105  0.617674  0.659126  0.620224
5   0.739765  0.597874  0.654815  0.586921  0.710855  0.541114
6   0.148227 -0.013143  0.616618  0.667277  0.113173  0.642092
7   0.328300  0.317060  0.307441  0.317055  0.346030  0.307616
8   0.490272  0.467167  0.484190  0.460908  0.551582  0.469914
9  -0.696659  0.456816  0.834546  0.916215  0.645481  0.462936
10  0.733520  0.897248  0.707564 -0.022689  0.046451  0.959779
11  0.246563  0.015000  0.288835 -0.821822 -0.231140  0.083465
60            0         1         2         3         4         5
0   0.251393  0.874184  0.951301 -0.509302 -0.335424  0.783290
1   0.296408  0.045978  0.215645  0.055122  0.412712 -0.010280
2   0.288285  0.114173  0.239262 -0.151047  0.589878 -0.040442
3   0.069513 -0.575938 -0.536875 -0.855869  0.496512 -0.156897
4   0.559082  0.560547  0.542085  0.508857  0.530423  0.517630
5   0.738160  0.581202  0.682435  0.576142  0.628360  0.584264
6   0.148227 -0.013143  0.579592  0.616740  0.159285  0.629673
7   0.231929  0.257480  0.253368  0.248448  0.266871  0.253972
8   0.470960  0.473448  0.485417  0.476115  0.537001  0.472111
9  -0.696659  0.456816  0.834546  0.916215  0.645481  0.462936
10  0.733520  0.897248  0.707564 -0.022689  0.046451  0.959779
11  0.246563  0.015000  0.288835 -0.821822 -0.231140  0.083465
80            0         1         2         3         4         5
0   0.251393  0.852968  0.951301 -0.509302 -0.335424  0.766915
1   0.338517  0.082077  0.109985 -0.014173  0.353408 -0.010280
2   0.435962  0.193349  0.267326 -0.151047  0.374932 -0.096524
3   0.120910 -0.468533 -0.487538 -0.855869  0.506429 -0.137358
4   0.558843  0.498766  0.513934  0.497698  0.543240  0.478903
5   0.603100  0.586185  0.560534  0.519703  0.640153  0.589064
6   0.148227 -0.013143  0.590536  0.606774  0.179656  0.581519
7   0.209833  0.210326  0.227651  0.215507  0.228857  0.216131
8   0.435058  0.441817  0.444415  0.435367  0.480095  0.442218
9  -0.696659  0.456816  0.834546  0.916215  0.645481  0.462936
10  0.733520  0.897248  0.707564 -0.022689  0.046451  0.959779
11  0.246563  0.015000  0.288835 -0.821822 -0.231140  0.083465
100            0         1         2         3         4         5
0   0.251393  0.852968  0.951301 -0.509302 -0.335424  0.766915
1   0.037530  0.003349 -0.044456 -0.076824  0.047076 -0.055000
2   0.308850  0.209927  0.194396 -0.151047  0.292950 -0.130951
3   0.120910 -0.468533 -0.487538 -0.855869  0.506429 -0.137358
4   0.446550  0.450515  0.437596  0.444151  0.498352  0.460091
5   0.563742  0.546466  0.522462  0.408471  0.593376  0.559329
6   0.148227 -0.013143  0.590536  0.606774  0.179656  0.581519
7   0.214286  0.200355  0.205332  0.202308  0.217089  0.207746
8   0.381267  0.391560  0.382068  0.374766  0.394181  0.359631
9  -0.696659  0.456816  0.834546  0.916215  0.645481  0.462936
10  0.733520  0.897248  0.707564 -0.022689  0.046451  0.959779
11  0.246563  0.015000  0.288835 -0.821822 -0.231140  0.083465
120            0         1         2         3         4         5
0   0.280363  0.833109  0.951301 -0.509302 -0.295810  0.766915
1   0.470545  0.148528 -0.090594 -0.077467 -0.075714 -0.068664
2   0.115465  0.182055  0.079517 -0.151047  0.491970 -0.130951
3   0.198844 -0.376518 -0.487538 -0.855869  0.528489 -0.046006
4   0.401838  0.402286  0.432770  0.383366  0.417515  0.406137
5   0.514037  0.530734  0.503364  0.408389  0.530292  0.402458
6   0.177281 -0.013143  0.570669  0.588797  0.261144  0.570593
7   0.196617  0.181430  0.206415  0.188769  0.182075  0.204430
8   0.351904  0.311953  0.320868  0.326676  0.348816  0.329615
9  -0.696659  0.456816  0.834546  0.916215  0.645481  0.462936
10  0.733520  0.897248  0.707564 -0.022689  0.046451  0.959779
11  0.246563  0.015000  0.288835 -0.821822 -0.231140  0.083465
140            0         1         2         3         4         5
0   0.280363  0.833109  0.951301 -0.509302 -0.295810  0.766915
1  -0.043532 -0.159736 -0.184752 -0.194824  0.200218 -0.171613
2   0.418594  0.217962  0.149460 -0.151047  0.567470 -0.141067
3   0.195574 -0.376518 -0.440719 -0.855869  0.533070 -0.046006
4   0.361015  0.359387  0.366206  0.346729  0.409214  0.334026
5   0.555574  0.541092  0.530562  0.475560  0.542728  0.545462
6   0.278261 -0.013143  0.550705  0.560010  0.344348  0.509845
7   0.172881  0.156789  0.154670  0.151657  0.160695  0.148489
8   0.344975  0.327794  0.301959  0.328644  0.410081  0.323329
9  -0.696659  0.456816  0.834546  0.916215  0.645481  0.462936
10  0.733520  0.897248  0.707564 -0.022689  0.046451  0.959779
11  0.246563  0.015000  0.288835 -0.821822 -0.231140  0.083465
160            0         1         2         3         4         5
0   0.280363  0.833109  0.951301 -0.509302 -0.295810  0.766915
1  -0.121588 -0.287044 -0.289686 -0.292857 -0.170037 -0.273080
2   0.377859  0.171964  0.159269 -0.151047  0.428906 -0.141067
3   0.195574 -0.376518 -0.440719 -0.855869  0.533070 -0.046006
4   0.249952  0.258852  0.255482  0.253247  0.223565  0.252660
5   0.525770  0.517090  0.455578  0.471867  0.384824  0.424089
6   0.278261 -0.013143  0.550705  0.560010  0.344348  0.509845
7   0.096383  0.095757  0.090881  0.103869  0.095651  0.102927
8   0.341215  0.338073  0.328484  0.338605  0.340972  0.337668
9  -0.696659  0.456816  0.834546  0.916215  0.645481  0.462936
10  0.733520  0.897248  0.707564 -0.022689  0.046451  0.959779
11  0.246563  0.015000  0.288835 -0.821822 -0.231140  0.083465
180            0         1         2         3         4         5
0   0.280363  0.833109  0.951301 -0.509302 -0.295810  0.766915
1   0.064862 -0.298544 -0.291555 -0.292857  0.156955 -0.272044
2   0.088266 -0.004276 -0.089020 -0.174944  0.251205 -0.171708
3   0.223282 -0.333704 -0.399759 -0.855869  0.533070 -0.046006
4   0.264249  0.232636  0.254779  0.236070  0.261561  0.247167
5   0.271908  0.400167  0.370463  0.315848  0.370697  0.288645
6   0.299536 -0.013143  0.543674  0.526703  0.352205  0.509553
7   0.112125  0.072778  0.072925  0.040470  0.099347  0.101835
8   0.306385  0.280347  0.284855  0.271469  0.282313  0.279966
9  -0.696659  0.456816  0.834546  0.916215  0.645481  0.462936
10  0.733520  0.897248  0.707564 -0.022689  0.046451  0.959779
11  0.246563  0.015000  0.288835 -0.821822 -0.231140  0.083465
200            0         1         2         3         4         5
0   0.280363  0.833109  0.951301 -0.509302 -0.295810  0.766915
1   0.035434 -0.312562 -0.314362 -0.327616  0.063390 -0.311305
2   0.019572 -0.074315 -0.132658 -0.174944  0.300396 -0.171708
3   0.223282 -0.333704 -0.399759 -0.855869  0.533070 -0.046006
4   0.269513  0.303488  0.252907  0.255663  0.314065  0.263677
5   0.336705  0.280142  0.277243  0.396226  0.390748  0.341010
6   0.299536 -0.013143  0.543674  0.526703  0.352205  0.509553
7   0.096096  0.121471  0.117202  0.094545  0.108361  0.104944
8   0.243876  0.240108  0.243674  0.250004  0.265180  0.249215
9  -0.696659  0.456816  0.834546  0.916215  0.645481  0.462936
10  0.733520  0.897248  0.707564 -0.022689  0.046451  0.959779
11  0.246563  0.015000  0.288835 -0.821822 -0.231140  0.083465
220            0         1         2         3         4         5
0   0.280363  0.833109  0.951301 -0.509302 -0.295810  0.766915
1  -0.272342 -0.322897 -0.235229 -0.350697 -0.355228 -0.353192
2  -0.091969 -0.014920 -0.183630 -0.162517  0.109133 -0.171708
3   0.223282 -0.333704 -0.399759 -0.855869  0.533070 -0.046006
4   0.206518  0.189200  0.188685  0.214224  0.223304  0.184445
5   0.342199  0.262260  0.343879  0.363780  0.304643  0.239734
6   0.299536 -0.013143  0.543674  0.526703  0.352205  0.509553
7   0.091315  0.086713  0.089772  0.075334  0.096845  0.084045
8   0.240307  0.220586  0.238420  0.240156  0.244867  0.244227
9  -0.696659  0.456816  0.834546  0.916215  0.645481  0.462936
10  0.733520  0.897248  0.707564 -0.022689  0.046451  0.959779
11  0.246563  0.015000  0.288835 -0.821822 -0.231140  0.083465
240            0         1         2         3         4         5
0   0.280363  0.833109  0.951301 -0.509302 -0.295810  0.766915
1  -0.029531 -0.148706 -0.126962 -0.350697 -0.355228 -0.353192
2  -0.076683 -0.199755 -0.177739 -0.230894  0.230160 -0.214538
3   0.223282 -0.333704 -0.399759 -0.855869  0.533070 -0.046006
4   0.307061  0.252618  0.289720  0.256325  0.307516  0.267726
5   0.309253  0.361066  0.262382  0.372897  0.380692  0.328367
6   0.299536 -0.013143  0.543674  0.526703  0.352205  0.509553
7   0.105362  0.100297  0.108779  0.098993  0.132024  0.103777
8   0.234304  0.233087  0.233885  0.232715  0.260251  0.234901
9  -0.696659  0.456816  0.834546  0.916215  0.645481  0.462936
10  0.733520  0.897248  0.707564 -0.022689  0.046451  0.959779
11  0.246563  0.015000  0.288835 -0.821822 -0.231140  0.083465
260            0         1         2         3         4         5
0   0.280363  0.833109  0.951301 -0.509302 -0.295810  0.766915
1  -0.055008 -0.140391 -0.220950 -0.362755 -0.276678 -0.365260
2  -0.116200 -0.200128 -0.176534 -0.265088 -0.022058 -0.255950
3   0.223282 -0.333704 -0.399759 -0.855869  0.533070 -0.046006
4   0.339857  0.341073  0.342417  0.363117  0.364851  0.331472
5   0.298876  0.216486  0.256187  0.218617  0.345986  0.239734
6   0.299536 -0.013143  0.543674  0.526703  0.352205  0.509553
7   0.170920  0.168342  0.165529  0.170739  0.173562  0.173348
8   0.195337  0.191580  0.184599  0.191325  0.190875  0.184800
9  -0.696659  0.456816  0.834546  0.916215  0.645481  0.462936
10  0.733520  0.897248  0.707564 -0.022689  0.046451  0.959779
11  0.246563  0.015000  0.288835 -0.821822 -0.231140  0.083465
280            0         1         2         3         4         5
0   0.290213  0.816617  0.951301 -0.509302 -0.295810  0.766915
1  -0.118685 -0.221675 -0.318203 -0.362755 -0.308005 -0.365260
2  -0.049082 -0.161843 -0.241343 -0.265088  0.086833 -0.255950
3   0.245046 -0.333704 -0.148288 -0.855869  0.559193  0.076085
4   0.233149  0.263559  0.263187  0.238867  0.254979  0.252926
5   0.308079  0.264054  0.081189  0.257015  0.253098  0.224342
6   0.326602 -0.013143  0.543674  0.518243  0.320971  0.481332
7   0.124666  0.131921  0.126416  0.130725  0.123665  0.079812
8   0.165970  0.177992  0.163102  0.164174  0.165745  0.175314
9  -0.696659  0.456816  0.834546  0.916215  0.645481  0.462936
10  0.733520  0.897248  0.707564 -0.022689  0.046451  0.959779
11  0.246563  0.015000  0.288835 -0.821822 -0.231140  0.083465
300            0         1         2         3         4         5
0   0.290213  0.816617  0.951301 -0.509302 -0.295810  0.766915
1  -0.180495 -0.242173 -0.227788 -0.382015 -0.086247 -0.376124
2  -0.097240 -0.127647 -0.242736 -0.287574 -0.087151 -0.279189
3   0.245046 -0.291855 -0.135342 -0.855869  0.567472  0.097569
4   0.235697  0.242201  0.241423  0.195883  0.238472  0.231918
5   0.298480  0.180305  0.184913  0.214824  0.316898  0.250882
6   0.334132 -0.013143  0.503707  0.512400  0.363152  0.481632
7   0.095243  0.095999  0.096740  0.092254  0.103515  0.097818
8   0.143861  0.151634  0.144381  0.146642  0.139920  0.145169
9  -0.696659  0.456816  0.834546  0.916215  0.645481  0.462936
10  0.733520  0.897248  0.707564 -0.022689  0.046451  0.959779
11  0.246563  0.015000  0.288835 -0.821822 -0.231140  0.083465
320            0         1         2         3         4         5
0   0.290213  0.816617  0.951301 -0.509302 -0.295810  0.766915
1  -0.128439 -0.135036 -0.271218 -0.382015 -0.169557 -0.376124
2  -0.212271 -0.280346 -0.278544 -0.287574  0.018211 -0.279189
3   0.245046 -0.291855 -0.135342 -0.855869  0.567472  0.097569
4   0.214346  0.201527  0.227841  0.207916  0.249101  0.214345
5   0.217283  0.153540  0.168338  0.186243  0.117964  0.139347
6   0.334132 -0.013143  0.503707  0.504752  0.368052  0.413711
7   0.101284  0.100505  0.097891  0.105909  0.111741  0.109136
8   0.147000  0.140345  0.132945  0.131746  0.148231  0.131759
9  -0.696659  0.456816  0.834546  0.916215  0.645481  0.462936
10  0.733520  0.897248  0.707564 -0.022689  0.046451  0.959779
11  0.246563  0.015000  0.288835 -0.821822 -0.231140  0.083465
340            0         1         2         3         4         5
0   0.290213  0.802413  0.932620 -0.509302 -0.250566  0.743905
1   0.028326  0.002463 -0.225031 -0.382015 -0.107318 -0.376124
2  -0.175805 -0.312232 -0.121845 -0.315429 -0.169758 -0.318149
3   0.274191 -0.211355 -0.051046 -0.855869  0.634980  0.210148
4   0.229619  0.209653  0.203070  0.201377  0.260708  0.217020
5   0.148492  0.249759  0.203081  0.243964  0.234809  0.229915
6   0.334132 -0.013143  0.498887  0.477117  0.384047  0.417402
7   0.109426  0.094995  0.089462  0.099768  0.063345  0.099024
8   0.153032  0.146060  0.141950  0.147307  0.157896  0.141413
9  -0.696659  0.456816  0.834546  0.916215  0.645481  0.462936
10  0.733520  0.897248  0.707564 -0.022689  0.046451  0.959779
11  0.246563  0.015000  0.288835 -0.821822 -0.231140  0.083465
360            0         1         2         3         4         5
0   0.290213  0.802413  0.932620 -0.509302 -0.250566  0.743905
1   0.031121 -0.145412 -0.211391 -0.382015 -0.038731 -0.376124
2  -0.013905 -0.312232 -0.313364 -0.315429  0.051489 -0.318149
3   0.274191 -0.211355 -0.051046 -0.855869  0.634980  0.210148
4   0.291862  0.275748  0.273125  0.259624  0.291609  0.252027
5   0.142804  0.095492  0.122841  0.008408  0.164929  0.189828
6   0.334132 -0.013143  0.498887  0.477117  0.384047  0.417402
7   0.118257  0.118105  0.117346  0.117833  0.115885  0.116326
8   0.105644  0.106485  0.106521  0.106074  0.105427  0.106904
9  -0.696659  0.456816  0.834546  0.916215  0.645481  0.462936
10  0.733520  0.897248  0.707564 -0.022689  0.046451  0.959779
11  0.246563  0.015000  0.288835 -0.821822 -0.231140  0.083465
380            0         1         2         3         4         5
0   0.290213  0.802413  0.932620 -0.509302 -0.250566  0.743905
1  -0.310322 -0.391310 -0.393617 -0.405658 -0.315075 -0.395998
2  -0.178975 -0.312232 -0.313364 -0.315429 -0.010547 -0.318149
3   0.274191 -0.211355 -0.051046 -0.855869  0.634980  0.210148
4   0.171538  0.179764  0.186694  0.180372  0.220504  0.181390
5   0.154438  0.098672  0.130709  0.015902  0.078822  0.175874
6   0.323892 -0.013143  0.496393  0.477117  0.384047  0.417402
7   0.065213  0.076789  0.068362  0.072527  0.077820  0.073261
8   0.103433  0.105450  0.106521  0.121838  0.105427  0.099884
9  -0.696659  0.456816  0.834546  0.916215  0.645481  0.462936
10  0.733520  0.897248  0.707564 -0.022689  0.046451  0.959779
11  0.246563  0.015000  0.288835 -0.821822 -0.231140  0.083465
400            0         1         2         3         4         5
0   0.290213  0.781718  0.932620 -0.509302 -0.250566  0.736934
1  -0.299364 -0.420720 -0.407910 -0.376127 -0.147652 -0.410804
2  -0.152157 -0.314490 -0.291181 -0.340677 -0.116716 -0.343261
3   0.358468 -0.133309  0.156880 -0.855869  0.564713  0.252220
4   0.220522  0.167933  0.177247  0.177713  0.207828  0.167532
5   0.136597  0.081632  0.162473  0.089699  0.159822  0.043555
6   0.326706 -0.013143  0.508957  0.405012  0.399481  0.427739
7   0.057007  0.059495  0.066138  0.065489  0.067232  0.063917
8   0.108748  0.097021  0.097928  0.098582  0.107422  0.097791
9  -0.696659  0.456816  0.834546  0.916215  0.645481  0.462936
10  0.733520  0.897248  0.707564 -0.022689  0.046451  0.959779
11  0.246563  0.015000  0.288835 -0.821822 -0.231140  0.083465
420            0         1         2         3         4         5
0   0.290213  0.781718  0.932620 -0.509302 -0.250566  0.736934
1  -0.356790 -0.456773 -0.407873 -0.403042 -0.306490 -0.446384
2  -0.093485 -0.364620 -0.313007 -0.340677 -0.022081 -0.343261
3   0.358468 -0.133309  0.156880 -0.855869  0.564713  0.252220
4   0.202231  0.197209  0.181775  0.194742  0.193059  0.164528
5   0.085031  0.040049  0.143566  0.079575  0.121373  0.072231
6   0.326706 -0.013143  0.508957  0.405012  0.399481  0.427739
7   0.037289  0.033914  0.045465  0.051796  0.049162  0.052272
8   0.095985  0.087603  0.094072  0.092787  0.098821  0.091657
9  -0.696659  0.456816  0.834546  0.916215  0.645481  0.462936
10  0.733520  0.897248  0.707564 -0.022689  0.046451  0.959779
11  0.246563  0.015000  0.288835 -0.821822 -0.231140  0.083465
