20            0         1         2         3         4         5
0   0.274096 -0.118370  0.413644 -0.262838  0.447239  0.466706
1   0.097066  0.423368  0.465545  0.288189  0.202451  0.091073
2   0.586611  0.125351  0.823062  0.294433  0.941539  0.071244
3   0.579156  0.113704  0.346093 -0.519497  0.586459  0.746541
4   0.830424  0.821561  0.691686  0.801160  0.863987  0.871295
5   0.943968  0.969679  0.995094  0.906213  1.014335  0.931818
6  -0.971764 -0.667426 -0.015847  0.562371  0.272378 -0.455346
7  -0.338931 -0.144446 -0.296198 -0.056277  0.245654 -0.542944
8   0.856979  0.267498  0.362349  0.520447  0.834882  0.593135
9   0.776324  0.078662 -0.367723  0.555037 -0.288179 -0.030205
10 -0.092628  0.772135 -0.585268 -0.747303  0.526260  0.970319
11  0.226827  0.096366 -0.712502  0.501877 -0.662874 -0.969642
40            0         1         2         3         4         5
0   0.274096 -0.118370  0.413644 -0.262838  0.447239  0.466706
1   0.469782  0.351683  0.306914  0.088894  0.407671  0.056649
2   0.608564  0.125351  0.698048  0.420125  1.110199  0.080656
3   0.579156  0.113704  0.346093 -0.519497  0.586459  0.746541
4   0.849693  0.826714  0.830055  0.824516  0.844775  0.792769
5   1.128486  1.057903  1.125220  1.071893  1.167234  1.081621
6  -0.971764 -0.667426 -0.015847  0.562371  0.272378 -0.455346
7   0.493600  0.477939  0.438300  0.467881  0.522930 -0.542944
8   0.898853  0.567611  0.570601  0.782026  0.837800  0.744577
9   0.776324  0.078662 -0.367723  0.555037 -0.288179 -0.030205
10 -0.092628  0.772135 -0.585268 -0.747303  0.526260  0.970319
11  0.226827  0.096366 -0.712502  0.501877 -0.662874 -0.969642
60            0         1         2         3         4         5
0   0.274096 -0.118370  0.413644 -0.262838  0.447239  0.493990
1   0.615271  0.482320  0.516488  0.272089  0.634155  0.183894
2   0.648380  0.128803  0.781948  0.582143  1.087105  0.080656
3   0.552175  0.184685  0.352823 -0.519497  0.560463  0.746541
4   1.029541  0.984676  1.018169  0.940379  0.991541  0.948989
5   1.086929  0.981472  1.133126  1.069787  1.040182  1.101090
6  -0.971764 -0.667426 -0.015847  0.562371  0.272378 -0.455346
7   0.543872  0.467850  0.454849  0.464222  0.554283 -0.542944
8   0.898853  0.567611  0.570601  0.782026  0.837800  0.744577
9   0.776324  0.078662 -0.367723  0.555037 -0.288179 -0.030205
10 -0.092628  0.772135 -0.585268 -0.747303  0.526260  0.970319
11  0.226827  0.096366 -0.712502  0.501877 -0.662874 -0.969642
80            0         1         2         3         4         5
0   0.274096 -0.118370  0.413644 -0.262838  0.447239  0.493990
1   0.715413  0.852109  0.683967  0.436589  1.061409  0.184610
2   0.744467  0.249513  0.901299  0.467332  1.108122  0.105449
3   0.577911  0.153570  0.372509 -0.519497  0.576910  0.746541
4   1.286708  1.126064  1.198478  1.056255  1.144636  1.116904
5   1.254711  1.173699  1.166291  1.179308  1.292299  1.108730
6  -0.971764 -0.667426 -0.015847  0.562371  0.258759 -0.455346
7   0.577352  0.429018  0.458727  0.484599  0.529275 -0.542944
8   0.883116  0.608338  0.553857  0.756260  0.807590  0.775171
9   0.776324  0.078662 -0.367723  0.555037 -0.288179 -0.030205
10 -0.092628  0.772135 -0.585268 -0.747303  0.526260  0.970319
11  0.226827  0.096366 -0.712502  0.501877 -0.662874 -0.969642
100            0         1         2         3         4         5
0   0.274096 -0.118370  0.413644 -0.262838  0.447239  0.493990
1   1.072073  0.829941  0.949599  0.535782  1.087859  0.453886
2   0.808725  0.266363  0.929082  0.540379  1.003798  0.117602
3   0.577911  0.153570  0.372509 -0.519497  0.576910  0.746541
4   1.358961  1.400183  1.385162  1.302819  1.382611  1.380699
5   1.224693  1.063650  1.166328  1.270456  1.321157  1.248457
6  -0.971764 -0.667426 -0.015847  0.529272  0.272285 -0.455346
7   0.775877  0.682190  0.754699  0.660801  0.806752 -0.542944
8   0.921259  0.697481  0.581857  0.776456  0.822253  0.822257
9   0.776324  0.078662 -0.367723  0.555037 -0.288179 -0.030205
10 -0.092628  0.772135 -0.585268 -0.747303  0.526260  0.970319
11  0.226827  0.096366 -0.712502  0.501877 -0.662874 -0.969642
120            0         1         2         3         4         5
0   0.274096 -0.118370  0.508759 -0.262838  0.447239  0.493990
1   1.270555  0.871242  1.103030  0.645254  1.045541  0.522855
2   1.286642  0.496962  0.997588  0.583249  1.452487  0.201658
3   0.577911  0.153570  0.372509 -0.519497  0.576910  0.746541
4   1.351301  1.400420  1.360993  1.291743  1.441685  1.377921
5   1.485695  1.402885  1.317442  1.271606  1.435605  1.321028
6  -0.971764 -0.667426 -0.015847  0.529272  0.272285 -0.455346
7   0.764522  0.727900  0.781165  0.721259  0.785950 -0.542944
8   0.843815  0.815377  0.785937  0.824494  0.959655  0.768637
9   0.776324  0.078662 -0.367723  0.555037 -0.288179 -0.030205
10 -0.092628  0.772135 -0.585268 -0.747303  0.526260  0.970319
11  0.226827  0.096366 -0.712502  0.501877 -0.662874 -0.969642
140            0         1         2         3         4         5
0   0.274096 -0.118370  0.508759 -0.262838  0.447239  0.493990
1   1.185854  1.027800  1.367985  0.632242  1.286972  0.559964
2   1.447611  0.930794  1.193579  0.790299  1.643168  0.469102
3   0.577911  0.153570  0.393452 -0.519497  0.576910  0.746541
4   1.600086  1.586663  1.547648  1.569995  1.609713  1.578190
5   1.657868  1.495159  1.488828  1.579263  1.685994  1.531070
6  -0.971764 -0.667426 -0.015847  0.529272  0.272285 -0.455346
7   0.895386  0.926202  0.934655  0.892095  1.050403 -0.542944
8   0.972459  0.899153  0.959357  0.928475  1.042116  0.972247
9   0.776324  0.078662 -0.367723  0.555037 -0.288179 -0.030205
10 -0.092628  0.772135 -0.585268 -0.747303  0.526260  0.970319
11  0.226827  0.096366 -0.712502  0.501877 -0.662874 -0.969642
160            0         1         2         3         4         5
0   0.274096 -0.118370  0.508759 -0.262838  0.447239  0.493990
1   1.498088  1.277168  1.362917  0.850454  1.372114  0.949826
2   1.570713  1.056300  1.164385  0.786772  1.635203  0.497860
3   0.577911  0.153570  0.393452 -0.519497  0.576910  0.746541
4   1.825002  1.786415  1.746825  1.752013  1.791317  1.758062
5   1.720895  1.517456  1.509898  1.592459  1.723853  1.560178
6  -0.971764 -0.667426 -0.015847  0.529272  0.272285 -0.455346
7   1.081343  0.967916  0.881719  0.943826  1.008010 -0.542944
8   0.972459  0.899153  0.959357  0.928475  1.042116  0.972247
9   0.776324  0.078662 -0.367723  0.555037 -0.288179 -0.030205
10 -0.092628  0.772135 -0.585268 -0.747303  0.526260  0.970319
11  0.226827  0.096366 -0.712502  0.501877 -0.662874 -0.969642
180            0         1         2         3         4         5
0   0.274096 -0.118370  0.520648 -0.262838  0.447239  0.518670
1   1.530138  1.305365  1.433407  1.138832  1.601468  0.941556
2   1.423841  1.212424  1.365202  0.908145  1.691121  0.758856
3   0.567971  0.238198  0.524299 -0.519497  0.576788  0.747665
4   1.812621  1.810216  1.791087  1.722267  1.685116  1.791864
5   1.732486  1.730004  1.738672  1.595445  1.720473  1.619898
6  -0.971764 -0.667426 -0.015847  0.529272  0.272285 -0.455346
7   0.977799  0.893525  0.915463  0.960155  1.047654 -0.542944
8   0.898866  0.713116  0.943486  0.947430  1.138603  0.998048
9   0.776324  0.078662 -0.367723  0.555037 -0.288179 -0.030205
10 -0.092628  0.772135 -0.585268 -0.747303  0.526260  0.970319
11  0.226827  0.096366 -0.712502  0.501877 -0.662874 -0.969642
200            0         1         2         3         4         5
0   0.274096 -0.118370  0.520648 -0.262838  0.447239  0.518670
1   1.615236  1.301262  1.620597  1.082256  1.715371  1.079713
2   1.505424  1.216870  1.456878  0.872003  1.745130  0.762880
3   0.567971  0.238198  0.524299 -0.519497  0.576788  0.747665
4   1.877604  1.936843  1.839165  1.897502  1.900836  1.810971
5   1.762498  1.811629  1.693790  1.745284  1.700063  1.693972
6  -0.971764 -0.667426 -0.015847  0.529272  0.272285 -0.455346
7   0.986813  0.991278  0.999941  0.925441  1.128274 -0.542944
8   0.920099  0.802346  0.980108  0.961530  1.086532  1.002584
9   0.776324  0.078662 -0.367723  0.555037 -0.288179 -0.030205
10 -0.092628  0.772135 -0.585268 -0.747303  0.526260  0.970319
11  0.226827  0.096366 -0.712502  0.501877 -0.662874 -0.969642
220            0         1         2         3         4         5
0   0.274096 -0.118370  0.520648 -0.262838  0.447239  0.518670
1   1.605099  1.529693  1.448294  1.079975  1.654854  1.247687
2   1.433152  1.167235  1.415386  0.961986  1.821832  0.779333
3   0.567971  0.238198  0.524299 -0.519497  0.576788  0.747665
4   1.872975  1.877314  1.860822  1.931959  1.816005  1.942032
5   1.781275  1.811629  1.776450  1.691097  1.852560  1.591416
6  -0.971764 -0.667426 -0.015847  0.529272  0.272285 -0.455346
7   1.204107  1.105271  1.234038  1.047185  1.167291 -0.542944
8   0.928420  0.816555  0.985429  0.913453  1.086532  1.002584
9   0.776324  0.078662 -0.367723  0.555037 -0.288179 -0.030205
10 -0.092628  0.772135 -0.585268 -0.747303  0.526260  0.970319
11  0.226827  0.096366 -0.712502  0.501877 -0.662874 -0.969642
240            0         1         2         3         4         5
0   0.274096 -0.118370  0.520648 -0.262838  0.447239  0.518670
1   1.811254  1.545690  1.729934  1.186722  1.755877  1.242104
2   1.763797  1.416800  1.791641  1.073557  1.972826  1.032989
3   0.567971  0.238198  0.524299 -0.519497  0.576788  0.747665
4   2.061093  2.060269  2.076421  1.993025  2.017686  2.025322
5   2.049187  2.060576  2.091241  1.969768  2.118167  1.967111
6  -0.971764 -0.667426 -0.015847  0.529272  0.272285 -0.455346
7   1.352068  1.123207  1.127010  1.190451  1.156428 -0.542944
8   1.156552  0.972775  1.080574  1.073572  1.109162  1.058050
9   0.776324  0.078662 -0.367723  0.555037 -0.288179 -0.030205
10 -0.092628  0.772135 -0.585268 -0.747303  0.526260  0.970319
11  0.226827  0.096366 -0.712502  0.501877 -0.662874 -0.969642
260            0         1         2         3         4         5
0   0.274096 -0.118370  0.520648 -0.262838  0.447239  0.518670
1   1.821511  1.627788  1.749908  1.434072  1.903288  1.350738
2   1.812721  1.467999  1.753852  1.162184  1.847658  1.211544
3   0.567971  0.238198  0.524299 -0.519497  0.576788  0.747665
4   2.258642  2.249718  2.232601  2.232012  2.275709  2.250900
5   2.119123  2.092979  2.045716  2.034097  2.040173  1.968545
6  -0.971764 -0.667426 -0.015847  0.529272  0.272285 -0.455346
7   1.609034  1.638839  1.625830  1.505980  1.697118 -0.542944
8   1.527802  1.475077  1.415051  1.289841  1.510904  1.427079
9   0.776324  0.078662 -0.367723  0.555037 -0.288179 -0.030205
10 -0.092628  0.772135 -0.585268 -0.747303  0.526260  0.970319
11  0.226827  0.096366 -0.712502  0.501877 -0.662874 -0.969642
280            0         1         2         3         4         5
0   0.274096 -0.118370  0.520648 -0.262838  0.447239  0.518670
1   1.847481  1.625697  1.761418  1.501717  1.928645  1.404163
2   1.840424  1.557778  1.753326  1.262712  1.879572  1.256921
3   0.567971  0.249941  0.535467 -0.519497  0.613449  0.710282
4   2.028736  2.246024  2.246757  2.182974  2.255523  2.211772
5   2.045903  1.964161  1.938278  2.009129  1.920110  1.914705
6  -0.971764 -0.667426 -0.015847  0.529272  0.272285 -0.455346
7   1.510653  1.376945  1.599167  1.413650  1.485440 -0.542944
8   1.527802  1.475077  1.434900  1.289841  1.535995  1.432115
9   0.776324  0.078662 -0.367723  0.555037 -0.288179 -0.030205
10 -0.092628  0.772135 -0.585268 -0.747303  0.526260  0.970319
11  0.226827  0.096366 -0.712502  0.501877 -0.662874 -0.969642
300            0         1         2         3         4         5
0   0.274096 -0.118370  0.520648 -0.262838  0.447239  0.518670
1   1.966086  1.864483  1.881928  1.528684  2.027278  1.447671
2   1.973590  1.591583  1.793617  1.254359  1.965637  1.281147
3   0.567971  0.249941  0.535467 -0.519497  0.613449  0.710282
4   2.263438  2.276821  2.281893  2.063240  2.256389  2.190798
5   2.215821  2.015032  2.160394  1.977587  2.110509  2.081961
6  -0.971764 -0.667426 -0.015847  0.529272  0.272285 -0.455346
7   1.455658  1.380773  1.283972  1.345963  1.503856 -0.542944
8   1.553727  1.351619  1.466378  1.278768  1.515208  1.375658
9   0.776324  0.078662 -0.367723  0.555037 -0.288179 -0.030205
10 -0.092628  0.772135 -0.585268 -0.747303  0.526260  0.970319
11  0.226827  0.096366 -0.712502  0.501877 -0.662874 -0.969642
320            0         1         2         3         4         5
0   0.274096 -0.118370  0.520648 -0.262838  0.447239  0.518670
1   2.086404  1.970055  1.978156  1.750398  2.167494  1.583822
2   1.941444  1.618674  1.769686  1.261663  1.992739  1.292031
3   0.567971  0.249941  0.535467 -0.519497  0.613449  0.710282
4   2.483646  2.431718  2.112919  2.402234  2.460229  2.367400
5   2.252728  2.149953  2.138624  1.973086  2.148521  2.167457
6  -0.971764 -0.667426 -0.015847  0.529272  0.272285 -0.455346
7   1.587350  1.342562  1.346408  1.415131  1.394913 -0.542944
8   1.476041  1.402936  1.407568  1.317614  1.542147  1.393020
9   0.776324  0.078662 -0.367723  0.555037 -0.288179 -0.030205
10 -0.092628  0.772135 -0.585268 -0.747303  0.526260  0.970319
11  0.226827  0.096366 -0.712502  0.501877 -0.662874 -0.969642
340            0         1         2         3         4         5
0   0.274096 -0.118370  0.520648 -0.262838  0.480391  0.518670
1   2.102862  1.966860  1.967353  1.802652  2.304126  1.722031
2   2.090172  1.556430  1.853598  1.419028  2.016720  1.332671
3   0.585086  0.294825  0.569900 -0.519497  0.543496  0.710282
4   2.385393  2.411390  2.303698  2.426759  2.463454  2.393141
5   2.300788  2.291771  2.289995  2.278978  2.352818  2.101991
6  -0.971764 -0.667426 -0.015847  0.529272  0.272285 -0.455346
7   1.587350  1.224245  1.369900  1.500463  1.399878 -0.542944
8   1.561316  1.420595  1.462696  1.369806  1.688894  1.548837
9   0.776324  0.078662 -0.367723  0.555037 -0.288179 -0.030205
10 -0.092628  0.772135 -0.585268 -0.747303  0.526260  0.970319
11  0.226827  0.096366 -0.712502  0.501877 -0.662874 -0.969642
360            0         1         2         3         4         5
0   0.274096 -0.118370  0.520648 -0.262838  0.480391  0.518670
1   2.343879  2.102007  2.307453  1.753251  2.395552  1.681670
2   2.209615  1.867100  1.992562  1.549553  2.220636  1.513226
3   0.585086  0.294825  0.569900 -0.519497  0.543496  0.710282
4   2.599022  2.577560  2.594591  2.589488  2.620855  2.604692
5   2.517636  2.306274  2.339937  2.273182  2.392022  2.400341
6  -0.971764 -0.667426 -0.015847  0.529272  0.272285 -0.455346
7   1.788228  1.620091  1.702112  1.660848  1.696503 -0.542944
8   1.809114  1.598876  1.654422  1.706235  1.816303  1.584814
9   0.776324  0.078662 -0.367723  0.555037 -0.288179 -0.030205
10 -0.092628  0.772135 -0.585268 -0.747303  0.526260  0.970319
11  0.226827  0.096366 -0.712502  0.501877 -0.662874 -0.969642
380            0         1         2         3         4         5
0   0.274096 -0.118370  0.520648 -0.262838  0.480391  0.518670
1   2.313704  2.201114  2.089885  1.905091  2.370742  1.866534
2   2.209615  1.843040  1.969329  1.549553  2.220636  1.558597
3   0.585086  0.294825  0.569900 -0.519497  0.543496  0.710282
4   2.608724  2.682259  2.664519  2.601947  2.649315  2.609165
5   2.442319  2.355992  2.247316  2.340261  2.403453  2.428779
6  -0.971764 -0.667426 -0.015847  0.529272  0.272285 -0.455346
7   1.612758  1.790848  1.651464  1.779471  1.689454 -0.542944
8   1.809114  1.598876  1.654422  1.706235  1.816303  1.584814
9   0.776324  0.078662 -0.367723  0.555037 -0.288179 -0.030205
10 -0.092628  0.772135 -0.585268 -0.747303  0.526260  0.970319
11  0.226827  0.096366 -0.712502  0.501877 -0.662874 -0.969642
400            0         1         2         3         4         5
0   0.274096 -0.118370  0.520648 -0.262838  0.480391  0.518670
1   2.374220  2.097797  2.211986  1.924941  2.600388  1.854252
2   2.538245  1.976188  2.087216  1.547027  2.376535  1.562330
3   0.547742  0.294825  0.541405 -0.519497  0.543496  0.710282
4   2.610440  2.552558  2.628729  2.508884  2.581078  2.574177
5   2.698459  2.500679  2.355254  2.393568  2.661040  2.621222
6  -0.971764 -0.667426  0.010838  0.529272  0.285134 -0.455346
7   1.567806  1.712531  1.796628  1.617457  1.738090 -0.542944
8   1.790601  1.508737  1.736065  1.646355  1.955018  1.525526
9   0.776324  0.078662 -0.367723  0.555037 -0.288179 -0.030205
10 -0.092628  0.772135 -0.585268 -0.747303  0.526260  0.970319
11  0.226827  0.096366 -0.712502  0.501877 -0.662874 -0.969642
420            0         1         2         3         4         5
0   0.274096 -0.118370  0.520648 -0.262838  0.480391  0.518670
1   2.492862  2.300515  2.438407  1.975442  2.560490  1.936369
2   2.518901  2.115278  2.199465  1.599073  2.445078  1.648880
3   0.547742  0.294825  0.541405 -0.519497  0.543496  0.710282
4   2.719419  2.780019  2.755309  2.751212  2.885222  2.813951
5   2.714071  2.697190  2.497272  2.646961  2.746935  2.723779
6  -0.971764 -0.667426  0.010838  0.529272  0.285134 -0.455346
7   1.653497  1.943276  1.887048  1.879692  2.082153 -0.542944
8   1.853017  1.563552  1.814598  1.641716  2.004640  1.563169
9   0.776324  0.078662 -0.367723  0.555037 -0.288179 -0.030205
10 -0.092628  0.772135 -0.585268 -0.747303  0.526260  0.970319
11  0.226827  0.096366 -0.712502  0.501877 -0.662874 -0.969642
