20            0         1         2         3         4         5
0  -0.779127  0.470802 -0.547926  0.133962  0.797511 -0.655010
1   0.434758  0.076219  0.113665 -0.074189  0.476186  0.106123
2  -0.050691 -0.132647 -0.024962 -0.548354  0.198458 -0.444481
3   0.291625 -0.768450  0.181210 -0.516045 -0.816663 -0.533642
4   0.481579  0.466420  0.440999  0.402730  0.464766  0.427862
5   0.348308  0.243127  0.459589  0.265074  0.298891  0.353297
6  -0.451317  0.247448 -0.618323 -0.147802  0.705903  0.556861
7   0.294391  0.263135  0.290643  0.272543  0.316329  0.300176
8   0.199165  0.198405  0.212705  0.191243  0.232382  0.182938
9  -0.820178  0.065312 -0.863097  0.754807  0.696587 -0.973677
10 -0.605510 -0.036617 -0.756280 -0.281979 -0.888620  0.759758
11 -0.507974 -0.762860 -0.265094  0.489176  0.432315  0.799927
40            0         1         2         3         4         5
0  -0.779127  0.470802 -0.547926  0.133962  0.797511 -0.655010
1  -0.246914 -0.266766 -0.294968 -0.273533 -0.200328 -0.270346
2  -0.056200  0.006217 -0.040633 -0.548354  0.289842 -0.379923
3   0.291625 -0.768450  0.181210 -0.516045 -0.816663 -0.533642
4   0.241260  0.215198  0.192862  0.210848  0.225333  0.190841
5   0.348486  0.289068  0.207522  0.298170  0.384891  0.257857
6  -0.451317  0.247448 -0.618323 -0.147802  0.705903  0.556861
7  -0.007437  0.022331  0.019333  0.022058  0.019772  0.020839
8   0.178802  0.171456  0.156861  0.175495  0.192482  0.180296
9  -0.820178  0.065312 -0.863097  0.754807  0.696587 -0.973677
10 -0.605510 -0.036617 -0.756280 -0.281979 -0.888620  0.759758
11 -0.507974 -0.762860 -0.265094  0.489176  0.432315  0.799927
60            0         1         2         3         4         5
0  -0.779127  0.447051 -0.547926  0.133962  0.797511 -0.655010
1  -0.278959 -0.556238 -0.386883 -0.552517 -0.400987 -0.540251
2  -0.133855 -0.216103  0.045776 -0.548354 -0.012355 -0.384428
3   0.188176 -0.768450  0.204891 -0.440244 -0.816663 -0.386276
4   0.068941  0.078615  0.120476  0.087503  0.070372  0.080204
5   0.404912  0.342351  0.195119  0.132565  0.349123  0.286236
6  -0.281369  0.367817 -0.618323  0.017517  0.542855  0.468094
7  -0.002640  0.006391  0.004259  0.006747 -0.015213  0.007531
8   0.136570  0.160525  0.153601  0.166379  0.173989  0.142000
9  -0.820178  0.065312 -0.863097  0.754807  0.696587 -0.973677
10 -0.605510 -0.036617 -0.756280 -0.281979 -0.888620  0.759758
11 -0.507974 -0.762860 -0.265094  0.489176  0.432315  0.799927
80            0         1         2         3         4         5
0  -0.779127  0.447051 -0.547926  0.133962  0.797511 -0.655010
1   0.147191 -0.405917 -0.545266 -0.574680  0.511140 -0.576970
2  -0.203464 -0.131168 -0.284818 -0.548354 -0.128573 -0.502300
3   0.188176 -0.768450  0.204891 -0.440244 -0.816663 -0.386276
4   0.240600  0.242489  0.208553  0.250084 -0.021664  0.200421
5   0.266507  0.042694  0.331160  0.129067  0.278621  0.082696
6  -0.159515  0.374464 -0.618323  0.116633  0.385514  0.428004
7   0.172028  0.027891  0.140527  0.115696 -0.095027  0.147702
8   0.102840  0.081954  0.091823  0.095136  0.079974  0.088271
9  -0.820178  0.065312 -0.863097  0.754807  0.696587 -0.973677
10 -0.605510 -0.036617 -0.756280 -0.281979 -0.888620  0.759758
11 -0.507974 -0.762860 -0.265094  0.489176  0.432315  0.799927
100            0         1         2         3         4         5
0  -0.779127  0.447051 -0.547926  0.133962  0.797511 -0.655010
1  -0.288894 -0.348703 -0.498292 -0.596370 -0.361085 -0.596335
2  -0.191538 -0.100569 -0.118459 -0.548354  0.058790 -0.502300
3   0.188176 -0.768450  0.204891 -0.440244 -0.816663 -0.386276
4   0.159521  0.183493  0.151046  0.165104 -0.021664  0.169399
5   0.141644  0.158636  0.062002  0.122691  0.171234  0.006148
6  -0.109323  0.356310 -0.618323  0.189343  0.259368  0.394777
7   0.021219  0.028801  0.028049  0.024350 -0.095027  0.025908
8   0.066727  0.069652  0.066945  0.065038  0.059732  0.068761
9  -0.820178  0.065312 -0.863097  0.754807  0.696587 -0.973677
10 -0.605510 -0.036617 -0.756280 -0.281979 -0.888620  0.759758
11 -0.507974 -0.762860 -0.265094  0.489176  0.432315  0.799927
120            0         1         2         3         4         5
0  -0.779127  0.423461 -0.547926  0.133962  0.797511 -0.655010
1   0.032838  0.067752 -0.460484 -0.596370 -0.195701 -0.596335
2  -0.309937 -0.355191 -0.404786 -0.469389  0.067189 -0.572674
3   0.151225 -0.768450  0.204891 -0.440244 -0.816663 -0.386276
4   0.112299  0.123179  0.140543  0.137356 -0.021664  0.107412
5   0.203883  0.109246  0.193367 -0.132015 -0.009385 -0.130786
6  -0.109323  0.356310 -0.618323  0.189343  0.259368  0.394777
7  -0.000298  0.018667  0.019142  0.017103 -0.095027  0.017638
8   0.076107  0.074371  0.074210  0.074281  0.075151  0.075943
9  -0.820178  0.065312 -0.863097  0.754807  0.696587 -0.973677
10 -0.605510 -0.036617 -0.756280 -0.281979 -0.888620  0.759758
11 -0.507974 -0.762860 -0.265094  0.489176  0.432315  0.799927
140            0         1         2         3         4         5
0  -0.779127  0.423461 -0.547926  0.136957  0.797511 -0.655010
1  -0.194753 -0.299783 -0.308477 -0.596370 -0.054871 -0.596335
2  -0.217427 -0.373666 -0.194550 -0.528341  0.345433 -0.572674
3   0.161328 -0.678562  0.212008 -0.325167 -0.816663 -0.281453
4   0.196285  0.202472  0.124808  0.140380 -0.021664  0.148158
5   0.194620  0.085051 -0.058389 -0.132015  0.176049 -0.130786
6  -0.109323  0.356310 -0.618323  0.189343  0.185258  0.364130
7   0.044361  0.055829  0.052840  0.053555 -0.095027  0.056215
8   0.062996  0.062215  0.055927  0.060630  0.067089  0.063080
9  -0.820178  0.065312 -0.863097  0.754807  0.696587 -0.973677
10 -0.605510 -0.036617 -0.756280 -0.281979 -0.888620  0.759758
11 -0.507974 -0.762860 -0.265094  0.489176  0.432315  0.799927
160            0         1         2         3         4         5
0  -0.779127  0.423461 -0.547926  0.136957  0.797511 -0.655010
1   0.065789 -0.266756 -0.311435 -0.596370 -0.087987 -0.596335
2  -0.217427 -0.373666 -0.087587 -0.528341  0.345433 -0.572674
3   0.161328 -0.678562  0.212008 -0.325167 -0.816663 -0.281453
4   0.214235  0.147553  0.184645  0.145464 -0.021664  0.181672
5   0.194620  0.085051 -0.058389 -0.132015  0.177986 -0.130786
6  -0.109323  0.356310 -0.618323  0.189343  0.185258  0.364130
7   0.025538  0.032875  0.030825  0.032671 -0.095027  0.029062
8   0.062996  0.062215  0.055927  0.060630  0.067089  0.063080
9  -0.820178  0.065312 -0.863097  0.754807  0.696587 -0.973677
10 -0.605510 -0.036617 -0.756280 -0.281979 -0.888620  0.759758
11 -0.507974 -0.762860 -0.265094  0.489176  0.432315  0.799927
180            0         1         2         3         4         5
0  -0.779127  0.423461 -0.547926  0.136957  0.797511 -0.655010
1   0.390493 -0.439583 -0.309654 -0.596370  0.189574 -0.596335
2  -0.309471 -0.495467 -0.377376 -0.555867 -0.141391 -0.572674
3  -0.014030 -0.678562  0.114408 -0.276029 -0.816663 -0.281453
4   0.173911  0.238358  0.187912  0.156972 -0.021664  0.175914
5   0.075060  0.104750  0.005333 -0.132015  0.084119  0.007038
6  -0.002818  0.314076 -0.618323  0.245754  0.224726  0.299673
7   0.015229 -0.070404 -0.046582  0.014901 -0.095027 -0.024037
8   0.039327  0.039233  0.037156  0.041285  0.063085  0.040302
9  -0.820178  0.065312 -0.863097  0.754807  0.696587 -0.973677
10 -0.605510 -0.036617 -0.756280 -0.281979 -0.888620  0.759758
11 -0.507974 -0.762860 -0.265094  0.489176  0.432315  0.799927
200            0         1         2         3         4         5
0  -0.779127  0.390084 -0.483981  0.136957  0.831561 -0.655010
1  -0.078432 -0.198972  0.038177 -0.596370  0.118651 -0.596335
2  -0.226203 -0.537770 -0.530443 -0.555867 -0.352029 -0.572674
3   0.121026 -0.678562  0.025853 -0.276029 -0.816663 -0.244155
4   0.192773  0.175303  0.221543  0.182332 -0.021664  0.180315
5   0.064160  0.070642  0.043512 -0.132015 -0.115594 -0.140360
6  -0.002818  0.314076 -0.618323  0.245754  0.224726  0.299673
7   0.010604  0.009020  0.011190  0.010104 -0.132828  0.010341
8   0.024348  0.027804  0.028878  0.026383  0.025464  0.026107
9  -0.820178  0.065312 -0.863097  0.754807  0.696587 -0.973677
10 -0.605510 -0.036617 -0.756280 -0.281979 -0.888620  0.759758
11 -0.507974 -0.762860 -0.265094  0.489176  0.432315  0.799927
220            0         1         2         3         4         5
0  -0.779127  0.390084 -0.483981  0.136957  0.831561 -0.655010
1  -0.389986 -0.460352 -0.068061 -0.596370 -0.327469 -0.596335
2  -0.355361 -0.595394 -0.649447 -0.642908 -0.289325 -0.618805
3   0.121026 -0.678562  0.025853 -0.276029 -0.816663 -0.244155
4   0.056997  0.062487  0.070131  0.060599 -0.021664  0.073556
5  -0.091130 -0.057663 -0.113414 -0.147288  0.038563 -0.070076
6  -0.002818  0.314076 -0.618323  0.245754  0.224726  0.299673
7   0.011677  0.013200  0.011045  0.012486 -0.132828  0.008907
8   0.043060  0.039396  0.038559  0.033755  0.053327  0.040820
9  -0.820178  0.065312 -0.863097  0.754807  0.696587 -0.973677
10 -0.605510 -0.036617 -0.756280 -0.281979 -0.888620  0.759758
11 -0.507974 -0.762860 -0.265094  0.489176  0.432315  0.799927
240            0         1         2         3         4         5
0  -0.779127  0.390084 -0.483981  0.136957  0.831561 -0.655010
1   0.099946 -0.085603  0.378728 -0.596370  0.184953 -0.596335
2  -0.106887 -0.451647 -0.672272 -0.659255 -0.251069 -0.653839
3   0.121026 -0.678562  0.025853 -0.276029 -0.816663 -0.244155
4   0.382552  0.324156  0.376009  0.292282 -0.021664  0.320068
5   0.006252  0.012934 -0.039234 -0.147288  0.137945  0.146826
6  -0.002818  0.314076 -0.618323  0.245754  0.224726  0.299673
7   0.107110  0.098170  0.105248  0.099165 -0.132828  0.098452
8   0.050951  0.048568  0.050485  0.048040  0.056604  0.054118
9  -0.820178  0.065312 -0.863097  0.754807  0.696587 -0.973677
10 -0.605510 -0.036617 -0.756280 -0.281979 -0.888620  0.759758
11 -0.507974 -0.762860 -0.265094  0.489176  0.432315  0.799927
260            0         1         2         3         4         5
0  -0.779127  0.390084 -0.483981  0.136957  0.831561 -0.655010
1  -0.226588 -0.313687 -0.517636 -0.596370 -0.345074 -0.596335
2  -0.575865 -0.658759 -0.683858 -0.690487 -0.561902 -0.669578
3   0.121026 -0.678562  0.025853 -0.276029 -0.816663 -0.244155
4   0.137782  0.153729  0.102409  0.139503 -0.021664  0.128724
5  -0.034493 -0.220518 -0.040706 -0.083487 -0.114385 -0.217032
6  -0.002818  0.314076 -0.618323  0.245754  0.224726  0.299673
7   0.024422  0.022875  0.022477  0.024929 -0.132828  0.026329
8  -0.013635  0.002967  0.002605  0.003115 -0.064133  0.003312
9  -0.820178  0.065312 -0.863097  0.754807  0.696587 -0.973677
10 -0.605510 -0.036617 -0.756280 -0.281979 -0.888620  0.759758
11 -0.507974 -0.762860 -0.265094  0.489176  0.432315  0.799927
280            0         1         2         3         4         5
0  -0.779127  0.390084 -0.483981  0.136957  0.831561 -0.655010
1  -0.082152 -0.617238 -0.468728 -0.596370 -0.196751 -0.596335
2  -0.302989 -0.558006 -0.665046 -0.727832 -0.708691 -0.720719
3   0.039661 -0.678562  0.025853 -0.289743 -0.816663 -0.261979
4   0.089645  0.053920  0.060812  0.059072 -0.021664  0.060678
5   0.005327 -0.220518 -0.151966 -0.200640 -0.050824 -0.243028
6   0.114505  0.307794 -0.618323  0.246292  0.196417  0.272062
7   0.003245  0.003349  0.002712  0.003203 -0.132828  0.003092
8  -0.006419 -0.004346  0.001548  0.001743 -0.064133  0.001651
9  -0.820178  0.065312 -0.863097  0.754807  0.696587 -0.973677
10 -0.605510 -0.036617 -0.756280 -0.281979 -0.888620  0.759758
11 -0.507974 -0.762860 -0.265094  0.489176  0.432315  0.799927
300            0         1         2         3         4         5
0  -0.779127  0.264133 -0.483981  0.136957  0.831561 -0.655010
1  -0.091049 -0.437898 -0.341193 -0.596370 -0.267344 -0.625126
2  -0.296282 -0.576877 -0.443970 -0.727832 -0.557430 -0.735401
3  -0.040395 -0.678562 -0.004683 -0.257596 -0.816663 -0.232672
4   0.151884  0.137399  0.132741  0.137010 -0.021664  0.127653
5   0.101608  0.113653  0.079822  0.092238  0.027780 -0.243028
6   0.157053  0.267204 -0.618323  0.244928  0.193489  0.251953
7   0.045760  0.032898  0.045490  0.040922 -0.132828  0.039370
8   0.015905  0.014006  0.011603  0.014614 -0.064133  0.015049
9  -0.820178  0.065312 -0.863097  0.754807  0.696587 -0.973677
10 -0.605510 -0.036617 -0.756280 -0.281979 -0.888620  0.759758
11 -0.507974 -0.762860 -0.265094  0.489176  0.432315  0.799927
320            0         1         2         3         4         5
0  -0.779127  0.237345 -0.483981  0.136957  0.831561 -0.655010
1  -0.416428 -0.368304 -0.330450 -0.614896 -0.173311 -0.625126
2  -0.278502 -0.548882 -0.575922 -0.727832 -0.493123 -0.735401
3  -0.129345 -0.678562 -0.004683 -0.257596 -0.816663 -0.189176
4   0.162609  0.119245  0.143260  0.146659 -0.021664  0.154813
5   0.015704 -0.084649 -0.088421  0.014387  0.017234 -0.243028
6   0.157053  0.267204 -0.618323  0.244928  0.193489  0.251953
7   0.036681  0.036340  0.035023  0.036565 -0.132828  0.031306
8   0.006689  0.003827  0.006901  0.006808 -0.064133  0.008516
9  -0.820178  0.065312 -0.863097  0.754807  0.696587 -0.973677
10 -0.605510 -0.036617 -0.756280 -0.281979 -0.888620  0.759758
11 -0.507974 -0.762860 -0.265094  0.489176  0.432315  0.799927
340            0         1         2         3         4         5
0  -0.779127  0.237345 -0.483981  0.110223  0.831561 -0.655010
1  -0.059324 -0.233538  0.140968 -0.614896 -0.339312 -0.625126
2  -0.349440 -0.632238 -0.404473 -0.661694 -0.269031 -0.735401
3  -0.080467 -0.628596  0.011835 -0.209365 -0.816663 -0.234247
4   0.135739  0.113156  0.124377  0.112768 -0.021664  0.105189
5   0.069697  0.050004  0.082905  0.007248  0.129347 -0.243028
6   0.186552  0.227312 -0.618323  0.227526  0.193489  0.243089
7   0.046760  0.029699 -0.005805  0.029176 -0.132828  0.032157
8   0.013578  0.013872  0.017625  0.015763 -0.064133  0.014895
9  -0.820178  0.065312 -0.863097  0.754807  0.696587 -0.973677
10 -0.605510 -0.036617 -0.756280 -0.281979 -0.888620  0.759758
11 -0.507974 -0.762860 -0.265094  0.489176  0.432315  0.799927
360            0         1         2         3         4         5
0  -0.779127  0.237345 -0.483981  0.110223  0.831561 -0.655010
1  -0.019027 -0.515583 -0.293384 -0.614896 -0.139478 -0.625126
2  -0.186990 -0.570921 -0.477311 -0.707814 -0.034335 -0.735401
3  -0.080467 -0.628596  0.011835 -0.209365 -0.816663 -0.234247
4   0.109292  0.154619  0.123010  0.113991 -0.021664  0.118866
5   0.031863  0.132382  0.124046  0.159019  0.120780 -0.243028
6   0.186552  0.227312 -0.618323  0.227526  0.193489  0.243089
7   0.061236  0.068418 -0.145820  0.067406  0.078532  0.067103
8   0.009371  0.008812  0.010455  0.010585 -0.064133  0.009548
9  -0.820178  0.065312 -0.863097  0.754807  0.696587 -0.973677
10 -0.605510 -0.036617 -0.756280 -0.281979 -0.888620  0.759758
11 -0.507974 -0.762860 -0.265094  0.489176  0.432315  0.799927
380            0         1         2         3         4         5
0  -0.779127  0.237345 -0.483981  0.110223  0.831561 -0.655010
1  -0.460789 -0.424461 -0.628905 -0.639318 -0.443000 -0.597331
2  -0.186990 -0.601362 -0.451565 -0.707814 -0.118928 -0.735401
3  -0.080467 -0.628596  0.011835 -0.209365 -0.816663 -0.234247
4   0.032342  0.030290  0.042874  0.024439 -0.021664  0.034194
5  -0.015769  0.126422  0.123004  0.136236  0.122265 -0.243028
6   0.186552  0.227312 -0.618323  0.227526  0.193489  0.243089
7   0.001890  0.002110 -0.145820  0.002022 -0.000250  0.001720
8   0.008322  0.008524  0.009544  0.009962 -0.064133  0.009310
9  -0.820178  0.065312 -0.863097  0.754807  0.696587 -0.973677
10 -0.605510 -0.036617 -0.756280 -0.281979 -0.888620  0.759758
11 -0.507974 -0.762860 -0.265094  0.489176  0.432315  0.799927
400            0         1         2         3         4         5
0  -0.779127  0.208019 -0.483981  0.110223  0.831561 -0.655010
1  -0.303832 -0.550671 -0.628905 -0.639318 -0.141955 -0.573152
2  -0.225001 -0.420837 -0.152958 -0.728201 -0.098032 -0.735401
3  -0.059829 -0.628596 -0.017911 -0.233676 -0.816663 -0.144225
4   0.062229  0.049293  0.055794  0.051243 -0.021664  0.041127
5   0.045536  0.108577  0.148726  0.090003  0.097129 -0.243028
6   0.189784  0.203534 -0.618323  0.194173  0.194259  0.206369
7   0.010524 -0.003735 -0.145820  0.010475  0.012830 -0.000191
8   0.018987  0.017483  0.016764  0.016800 -0.064133  0.017448
9  -0.820178  0.065312 -0.863097  0.754807  0.696587 -0.973677
10 -0.605510 -0.036617 -0.756280 -0.281979 -0.888620  0.759758
11 -0.507974 -0.762860 -0.265094  0.489176  0.432315  0.799927
420            0         1         2         3         4         5
0  -0.779127  0.208019 -0.483981  0.110223  0.831561 -0.655010
1  -0.055884 -0.421797 -0.628905 -0.639318 -0.252555 -0.630156
2  -0.183467 -0.374010 -0.366441 -0.728201 -0.089234 -0.735401
3  -0.059829 -0.628596 -0.017911 -0.233676 -0.816663 -0.144225
4   0.149273  0.159635  0.141756  0.168458 -0.021664  0.138485
5   0.020408  0.074517  0.066116  0.098335  0.118077 -0.243028
6   0.189784  0.203534 -0.618323  0.194173  0.194259  0.206369
7   0.033297  0.027480 -0.145820  0.026435  0.028810  0.023228
8   0.009993  0.010543  0.010447  0.009552 -0.064133  0.010393
9  -0.820178  0.065312 -0.863097  0.754807  0.696587 -0.973677
10 -0.605510 -0.036617 -0.756280 -0.281979 -0.888620  0.759758
11 -0.507974 -0.762860 -0.265094  0.489176  0.432315  0.799927
