20            0         1         2         3         4         5
0  -0.938371  0.604303  0.499924  0.870505  0.589255 -0.313630
1   0.430815  0.636116 -0.631414  0.433365  0.558850  0.198638
2   0.024388 -0.128433  0.756912 -0.659772  0.640438  0.009793
3  -0.178574  0.260451 -0.943949  0.399105 -0.572810 -0.980787
4   0.504106  0.250048  0.342677 -0.430623 -0.193500 -0.289789
5   0.656654  0.576422  0.352031  0.646235  0.314034  0.425495
6  -0.213784  0.958281  0.161347 -0.070023 -0.842334 -0.714992
7   0.915423  0.482080 -0.717979 -0.257540  0.541295  0.007732
8  -0.628102 -0.591207  0.213570 -0.168036 -0.150891  0.616654
9   0.790262  0.689505  0.439669 -0.832898  0.755999 -0.334612
10  0.478973  0.433207  0.508669 -0.159163 -0.170423  0.145674
11 -0.368779 -0.423740  0.033933 -0.274561  0.637626 -0.135194
40            0         1         2         3         4         5
0  -0.938371  0.604303  0.499924  0.870505  0.589255 -0.313630
1   0.290518  0.403560 -0.631414  0.116843  0.414749  0.048248
2   0.077581 -0.147072  0.636199 -0.659772  0.611545 -0.044990
3  -0.178574  0.260451 -0.943949  0.399105 -0.572810 -0.980787
4   0.467488  0.395634  0.425830 -0.430623  0.259318  0.008606
5   0.628437  0.575836  0.379272  0.595820  0.409812  0.441221
6  -0.213784  0.958281  0.161347 -0.070023 -0.842334 -0.714992
7   0.724911  0.559916 -0.717979  0.083504  0.578997  0.306886
8  -0.628102 -0.591207  0.300326 -0.024276  0.005795  0.558761
9   0.790262  0.689505  0.439669 -0.832898  0.755999 -0.334612
10  0.478973  0.433207  0.508669 -0.159163 -0.170423  0.145674
11 -0.368779 -0.423740  0.033933 -0.274561  0.637626 -0.135194
60            0         1         2         3         4         5
0  -0.938371  0.604303  0.500611  0.870505  0.589255 -0.313630
1   0.164392  0.269542 -0.631414  0.050227  0.317488 -0.054205
2   0.107896 -0.144166  0.603479 -0.659772  0.579275 -0.031328
3  -0.161432  0.259336 -0.943949  0.388058 -0.549532 -0.980787
4   0.493778  0.403819  0.444914 -0.430623  0.406671  0.221935
5   0.594645  0.555330  0.377443  0.592753  0.414754  0.446752
6  -0.213784  0.958281  0.161347 -0.070023 -0.842334 -0.714992
7   0.653774  0.547017 -0.717979  0.201390  0.530728  0.355925
8  -0.628102 -0.591207  0.300326 -0.024276  0.005795  0.558761
9   0.790262  0.689505  0.439669 -0.832898  0.755999 -0.334612
10  0.478973  0.433207  0.508669 -0.159163 -0.170423  0.145674
11 -0.368779 -0.423740  0.033933 -0.274561  0.637626 -0.135194
80            0         1         2         3         4         5
0  -0.938371  0.604303  0.500611  0.870505  0.589255 -0.313630
1   0.182770  0.247925 -0.631414 -0.031492  0.308075 -0.123263
2   0.124434 -0.165670  0.509912 -0.659772  0.557513 -0.061896
3  -0.148294  0.259841 -0.943949  0.386508 -0.539271 -0.980787
4   0.487480  0.408881  0.454931 -0.430623  0.441058  0.287950
5   0.587308  0.499664  0.406682  0.525206  0.459162  0.434798
6  -0.213784  0.943017  0.161347 -0.061779 -0.842334 -0.714992
7   0.640363  0.539183 -0.717979  0.208799  0.531248  0.355123
8  -0.628102 -0.591207  0.298620 -0.001675  0.035713  0.535735
9   0.790262  0.689505  0.439669 -0.832898  0.755999 -0.334612
10  0.478973  0.433207  0.508669 -0.159163 -0.170423  0.145674
11 -0.368779 -0.423740  0.033933 -0.274561  0.637626 -0.135194
100            0         1         2         3         4         5
0  -0.938371  0.604303  0.500611  0.870505  0.589255 -0.313630
1   0.238594  0.199648 -0.631414 -0.141761  0.299165 -0.153390
2   0.154880 -0.148990  0.498501 -0.659772  0.561174 -0.064903
3  -0.148294  0.259841 -0.943949  0.386508 -0.539271 -0.980787
4   0.485729  0.420488  0.434699 -0.430623  0.474622  0.348416
5   0.560712  0.500627  0.397537  0.505398  0.467113  0.419415
6  -0.213784  0.943017  0.161347 -0.061779 -0.842334 -0.714992
7   0.587221  0.507463 -0.717979  0.254477  0.513431  0.372492
8  -0.628102 -0.591207  0.315963  0.026681  0.077107  0.517662
9   0.790262  0.689505  0.439669 -0.832898  0.755999 -0.334612
10  0.478973  0.433207  0.508669 -0.159163 -0.170423  0.145674
11 -0.368779 -0.423740  0.033933 -0.274561  0.637626 -0.135194
120            0         1         2         3         4         5
0  -0.938371  0.604303  0.500611  0.870505  0.589255 -0.313630
1   0.223643  0.206457 -0.631414 -0.124354  0.299255 -0.146750
2   0.200609 -0.130814  0.420471 -0.659772  0.531974 -0.104694
3  -0.148294  0.259841 -0.943949  0.386508 -0.539271 -0.980787
4   0.474878  0.408807  0.435293 -0.430623  0.460697  0.354171
5   0.537057  0.450732  0.407768  0.444284  0.523185  0.404592
6  -0.214097  0.939249  0.161347 -0.061779 -0.842334 -0.714992
7   0.554994  0.499451 -0.717979  0.272190  0.508630  0.374512
8  -0.628102 -0.581601  0.331211  0.064505  0.130856  0.455280
9   0.790262  0.689505  0.439669 -0.832898  0.755999 -0.334612
10  0.478973  0.433207  0.508669 -0.159163 -0.170423  0.145674
11 -0.368779 -0.423740  0.033933 -0.274561  0.637626 -0.135194
140            0         1         2         3         4         5
0  -0.938371  0.604303  0.500611  0.870505  0.589255 -0.313630
1   0.215840  0.117426 -0.631414 -0.181180  0.325518 -0.197391
2   0.229904 -0.123683  0.355001 -0.659772  0.515381 -0.160968
3  -0.148294  0.259841 -0.943949  0.386508 -0.539271 -0.980787
4   0.470052  0.421232  0.439032 -0.430623  0.457959  0.371452
5   0.540512  0.472849  0.366778  0.432693  0.518872  0.389323
6  -0.214097  0.927997  0.167248 -0.053647 -0.842334 -0.714992
7   0.507606  0.473883 -0.717979  0.294851  0.479561  0.383544
8  -0.628102 -0.572560  0.328993  0.166277  0.215715  0.389612
9   0.790262  0.689505  0.439669 -0.832898  0.755999 -0.334612
10  0.478973  0.433207  0.508669 -0.159163 -0.170423  0.145674
11 -0.368779 -0.423740  0.033933 -0.274561  0.637626 -0.135194
160            0         1         2         3         4         5
0  -0.938371  0.604303  0.500611  0.870505  0.589255 -0.313630
1   0.123370  0.066348 -0.631414 -0.258273  0.278514 -0.245784
2   0.229904 -0.123683  0.374858 -0.659772  0.523100 -0.160968
3  -0.148294  0.259841 -0.943949  0.386508 -0.539271 -0.980787
4   0.435275  0.396102  0.406344 -0.430623  0.448102  0.377336
5   0.540512  0.472849  0.366778  0.432693  0.520368  0.389754
6  -0.214097  0.927997  0.167248 -0.053647 -0.842334 -0.714992
7   0.421596  0.408191 -0.717979  0.316569  0.420251  0.362800
8  -0.628102 -0.572560  0.328993  0.166277  0.215715  0.389612
9   0.790262  0.689505  0.439669 -0.832898  0.755999 -0.334612
10  0.478973  0.433207  0.508669 -0.159163 -0.170423  0.145674
11 -0.368779 -0.423740  0.033933 -0.274561  0.637626 -0.135194
180            0         1         2         3         4         5
0  -0.938371  0.604303  0.500611  0.870505  0.589255 -0.313630
1   0.155959  0.116822 -0.631414 -0.245974  0.279736 -0.229925
2   0.214901 -0.098765  0.372930 -0.659772  0.463039 -0.204212
3  -0.142282  0.260335 -0.943949  0.380067 -0.539271 -0.980787
4   0.427700  0.388981  0.395746 -0.430623  0.449979  0.371723
5   0.486549  0.438237  0.366788  0.395110  0.519758  0.400073
6  -0.214097  0.927997  0.167248 -0.053647 -0.842334 -0.714992
7   0.415470  0.401441 -0.717979  0.311138  0.419410  0.362026
8  -0.628102 -0.563780  0.313963  0.179591  0.228991  0.370547
9   0.790262  0.689505  0.439669 -0.832898  0.755999 -0.334612
10  0.478973  0.433207  0.508669 -0.159163 -0.170423  0.145674
11 -0.368779 -0.423740  0.033933 -0.274561  0.637626 -0.135194
200            0         1         2         3         4         5
0  -0.938371  0.604303  0.500611  0.870505  0.589255 -0.313630
1   0.200822  0.113551 -0.631414 -0.270216  0.255942 -0.257078
2   0.215158 -0.108718  0.306447 -0.659772  0.477215 -0.224739
3  -0.142282  0.260335 -0.943949  0.380067 -0.539271 -0.980787
4   0.436639  0.387751  0.384779 -0.430623  0.453638  0.359529
5   0.440018  0.399384  0.381090  0.383172  0.496736  0.393575
6  -0.214097  0.927997  0.167248 -0.053647 -0.842334 -0.714992
7   0.397295  0.381944 -0.717979  0.308193  0.406677  0.350156
8  -0.628102 -0.546975  0.299657  0.195137  0.243706  0.342599
9   0.790262  0.689505  0.439669 -0.832898  0.755999 -0.334612
10  0.478973  0.433207  0.508669 -0.159163 -0.170423  0.145674
11 -0.368779 -0.423740  0.033933 -0.274561  0.637626 -0.135194
220            0         1         2         3         4         5
0  -0.938371  0.604303  0.500611  0.870505  0.589255 -0.313630
1   0.151855  0.004575 -0.631414 -0.278166  0.244985 -0.278075
2   0.220908 -0.108718  0.312223 -0.659772  0.464766 -0.220440
3  -0.142282  0.260335 -0.943949  0.380067 -0.539271 -0.980787
4   0.372689  0.367767  0.359029 -0.430623  0.398789  0.341141
5   0.437754  0.399386  0.376134  0.371062  0.495676  0.394014
6  -0.214097  0.927997  0.167248 -0.053647 -0.842334 -0.714992
7   0.364057  0.362642 -0.717979  0.298129  0.371566  0.332820
8  -0.628102 -0.546975  0.299657  0.195137  0.241873  0.341230
9   0.790262  0.689505  0.439669 -0.832898  0.755999 -0.334612
10  0.478973  0.433207  0.508669 -0.159163 -0.170423  0.145674
11 -0.368779 -0.423740  0.033933 -0.274561  0.637626 -0.135194
240            0         1         2         3         4         5
0  -0.938371  0.604303  0.500611  0.870505  0.589255 -0.313630
1   0.166567  0.068685 -0.631414 -0.275056  0.306145 -0.309297
2   0.180997 -0.086979  0.224214 -0.659772  0.428285 -0.279417
3  -0.142282  0.260335 -0.943949  0.380067 -0.539271 -0.980787
4   0.418690  0.352895  0.366082 -0.430623  0.405001  0.337128
5   0.433197  0.420910  0.351741  0.389908  0.484371  0.370828
6  -0.214097  0.927997  0.167248 -0.053647 -0.842334 -0.714992
7   0.345952  0.342885 -0.717979  0.293760  0.355819  0.324339
8  -0.628102 -0.507443  0.277234  0.208549  0.287004  0.300772
9   0.790262  0.689505  0.439669 -0.832898  0.755999 -0.334612
10  0.478973  0.433207  0.508669 -0.159163 -0.170423  0.145674
11 -0.368779 -0.423740  0.033933 -0.274561  0.637626 -0.135194
260            0         1         2         3         4         5
0  -0.938371  0.604303  0.500611  0.870505  0.589255 -0.313630
1   0.139735 -0.006277 -0.631414 -0.335138  0.192490 -0.354972
2   0.148052 -0.091409  0.177413 -0.659772  0.326205 -0.294265
3  -0.142282  0.260335 -0.943949  0.370255 -0.539271 -0.980787
4   0.388506  0.360710  0.351634 -0.430623  0.400779  0.336405
5   0.450957  0.390200  0.367500  0.365653  0.448496  0.339414
6  -0.214097  0.927997  0.167248 -0.053647 -0.842334 -0.714992
7   0.312691  0.296544 -0.717979  0.266689  0.313821  0.288308
8  -0.628102 -0.478255  0.248444  0.214992  0.286941  0.273485
9   0.790262  0.689505  0.439669 -0.832898  0.755999 -0.334612
10  0.478973  0.433207  0.508669 -0.159163 -0.170423  0.145674
11 -0.368779 -0.423740  0.033933 -0.274561  0.637626 -0.135194
280            0         1         2         3         4         5
0  -0.938371  0.604303  0.500611  0.864727  0.589255 -0.313630
1   0.173491  0.014625 -0.631414 -0.316086  0.142721 -0.361647
2   0.144437 -0.060391  0.113547 -0.659772  0.331200 -0.292335
3  -0.120269  0.258872 -0.943949  0.355261 -0.539271 -0.980787
4   0.378249  0.337619  0.346677 -0.430623  0.385396  0.320971
5   0.439968  0.366350  0.355223  0.345012  0.435112  0.334073
6  -0.214097  0.927997  0.167248 -0.053647 -0.842334 -0.714992
7   0.307127  0.287647 -0.717979  0.257522  0.298262  0.274291
8  -0.628102 -0.478255  0.248232  0.215282  0.284072  0.273045
9   0.790262  0.689505  0.439669 -0.832898  0.755999 -0.334612
10  0.478973  0.433207  0.508669 -0.159163 -0.170423  0.145674
11 -0.368779 -0.423740  0.033933 -0.274561  0.637626 -0.135194
300            0         1         2         3         4         5
0  -0.938371  0.604303  0.500611  0.864727  0.589255 -0.313630
1   0.119794 -0.019678 -0.631414 -0.296451  0.120738 -0.399881
2   0.140364 -0.086384  0.114073 -0.659772  0.314316 -0.310908
3  -0.120269  0.258872 -0.943949  0.355261 -0.539271 -0.980787
4   0.373798  0.332549  0.334207 -0.430623  0.373097  0.304980
5   0.392269  0.379273  0.370515  0.323417  0.422716  0.336238
6  -0.214097  0.927997  0.167248 -0.053647 -0.842334 -0.714992
7   0.294889  0.278621 -0.717979  0.244917  0.285835  0.265157
8  -0.628102 -0.478255  0.241579  0.214018  0.281785  0.258121
9   0.790262  0.689505  0.439669 -0.832898  0.755999 -0.334612
10  0.478973  0.433207  0.508669 -0.159163 -0.170423  0.145674
11 -0.368779 -0.423740  0.033933 -0.274561  0.637626 -0.135194
320            0         1         2         3         4         5
0  -0.938371  0.604303  0.500611  0.864727  0.589255 -0.313630
1   0.119318 -0.060119 -0.631414 -0.330766  0.142490 -0.423936
2   0.150865 -0.087631  0.083381 -0.659772  0.278956 -0.321511
3  -0.120269  0.258872 -0.943949  0.355261 -0.539271 -0.980787
4   0.335650  0.317202  0.316920 -0.430623  0.342518  0.289904
5   0.403276  0.358355  0.363751  0.324158  0.399110  0.324016
6  -0.214097  0.927997  0.167248 -0.053647 -0.842334 -0.714992
7   0.257588  0.251211 -0.717979  0.236561  0.265882  0.249448
8  -0.628102 -0.466506  0.240176  0.215546  0.277373  0.255060
9   0.790262  0.689505  0.439669 -0.832898  0.755999 -0.334612
10  0.478973  0.433207  0.508669 -0.159163 -0.170423  0.145674
11 -0.368779 -0.423740  0.033933 -0.274561  0.637626 -0.135194
340            0         1         2         3         4         5
0  -0.938371  0.601020  0.500611  0.864727  0.594710 -0.313630
1   0.120795 -0.048138 -0.631414 -0.343945  0.129999 -0.420432
2   0.188738 -0.155756  0.038199 -0.659772  0.263928 -0.344961
3  -0.098166  0.259856 -0.943949  0.334843 -0.539271 -0.980787
4   0.330240  0.306960  0.314139 -0.430623  0.335371  0.284908
5   0.364455  0.291894  0.315709  0.294708  0.389895  0.306423
6  -0.214097  0.927997  0.167248 -0.053647 -0.842334 -0.714992
7   0.254131  0.246822 -0.717979  0.234840  0.260601  0.242710
8  -0.628102 -0.377237  0.226859  0.211577  0.289516  0.245906
9   0.790262  0.689505  0.439669 -0.832898  0.755999 -0.334612
10  0.478973  0.433207  0.508669 -0.159163 -0.170423  0.145674
11 -0.368779 -0.423740  0.033933 -0.274561  0.637626 -0.135194
360            0         1         2         3         4         5
0  -0.938371  0.601020  0.500611  0.864727  0.594710 -0.313630
1   0.078178 -0.038899 -0.631414 -0.360353  0.166886 -0.416234
2   0.189913 -0.180712  0.001248 -0.659772  0.297325 -0.363915
3  -0.098166  0.259856 -0.943949  0.334843 -0.539271 -0.980787
4   0.325143  0.293537  0.300390 -0.430623  0.329961  0.274606
5   0.368515  0.292969  0.297450  0.273242  0.370373  0.295695
6  -0.214097  0.927997  0.167248 -0.053647 -0.842334 -0.714992
7   0.233994  0.225956 -0.717979  0.213850  0.236715  0.216371
8  -0.628102 -0.284253  0.226958  0.213379  0.279091  0.239852
9   0.790262  0.689505  0.439669 -0.832898  0.755999 -0.334612
10  0.478973  0.433207  0.508669 -0.159163 -0.170423  0.145674
11 -0.368779 -0.423740  0.033933 -0.274561  0.637626 -0.135194
380            0         1         2         3         4         5
0  -0.938371  0.601020  0.500611  0.864727  0.594710 -0.313630
1   0.055889 -0.151458 -0.631414 -0.399259  0.121371 -0.449023
2   0.185977 -0.180712  0.001248 -0.659772  0.306730 -0.363915
3  -0.098166  0.259856 -0.943949  0.334843 -0.539271 -0.980787
4   0.299699  0.277425  0.304507 -0.430623  0.307739  0.261567
5   0.363407  0.293002  0.297439  0.273927  0.370373  0.284976
6  -0.214097  0.927997  0.167248 -0.053647 -0.842334 -0.714992
7   0.216265  0.201739 -0.717979  0.204552  0.228391  0.199055
8  -0.628102 -0.284253  0.226958  0.213379  0.279091  0.239852
9   0.790262  0.689505  0.439669 -0.832898  0.755999 -0.334612
10  0.478973  0.433207  0.508669 -0.159163 -0.170423  0.145674
11 -0.368779 -0.423740  0.033933 -0.274561  0.637626 -0.135194
400            0         1         2         3         4         5
0  -0.938371  0.601020  0.500611  0.864727  0.594710 -0.313630
1   0.059679 -0.152799 -0.631414 -0.413477  0.101042 -0.432498
2   0.152603 -0.183399  0.047145 -0.659772  0.289726 -0.389619
3  -0.098166  0.256405 -0.943949  0.331508 -0.539271 -0.980787
4   0.292884  0.267742  0.296347 -0.430623  0.301335  0.247097
5   0.367742  0.280348  0.317733  0.253639  0.374907  0.275238
6  -0.195092  0.911389  0.172999 -0.053111 -0.842334 -0.700462
7   0.215920  0.199334 -0.717979  0.200281  0.226773  0.198230
8  -0.628102 -0.254860  0.224124  0.211838  0.267346  0.238506
9   0.790262  0.689505  0.439669 -0.832898  0.755999 -0.334612
10  0.478973  0.433207  0.508669 -0.159163 -0.170423  0.145674
11 -0.368779 -0.423740  0.033933 -0.274561  0.637626 -0.135194
420            0         1         2         3         4         5
0  -0.938371  0.601020  0.500611  0.864727  0.594710 -0.313630
1   0.006826 -0.182103 -0.631414 -0.409230  0.092903 -0.434484
2   0.154912 -0.203984  0.015967 -0.659772  0.309395 -0.389682
3  -0.098166  0.256405 -0.943949  0.331508 -0.539271 -0.980787
4   0.285390  0.272946  0.296852 -0.430623  0.310168  0.245958
5   0.360592  0.280863  0.316082  0.247771  0.362280  0.285784
6  -0.195092  0.911389  0.172999 -0.053111 -0.842334 -0.700462
7   0.200727  0.186540 -0.717979  0.186205  0.210538  0.190497
8  -0.628102 -0.243074  0.222937  0.208056  0.265296  0.237309
9   0.790262  0.689505  0.439669 -0.832898  0.755999 -0.334612
10  0.478973  0.433207  0.508669 -0.159163 -0.170423  0.145674
11 -0.368779 -0.423740  0.033933 -0.274561  0.637626 -0.135194
