20            0         1         2         3         4         5
0  -0.142229  0.748531 -0.037584  0.515143 -0.458377 -0.224905
1   0.389217 -0.126455  0.245833  0.050596  0.417303 -0.024167
2   0.015417  0.460060  0.195996 -0.420015  0.141568 -0.391468
3   0.615772  0.816378  0.516230  0.535178 -0.449267 -0.470957
4   0.549707  0.475943  0.415406  0.515238  0.632573  0.511482
5   0.470207  0.313971  0.609649  0.475525  0.564651  0.405342
6  -0.211775 -0.444078  0.848357  0.433891  0.473894  0.446999
7   0.181991  0.179922  0.192607  0.175073  0.222611  0.171810
8   0.176035  0.174116  0.192229  0.167383  0.204251  0.193931
9  -0.308785 -0.106199  0.845129 -0.795929 -0.171762  0.304020
10  0.715505  0.797486 -0.825996 -0.700185 -0.150285 -0.540733
11  0.738975  0.633874  0.011621  0.591509 -0.964596 -0.671729
40            0         1         2         3         4         5
0  -0.142229  0.748531 -0.037584  0.515143 -0.458377 -0.224905
1  -0.120631 -0.151329 -0.206034 -0.210473 -0.220078 -0.232296
2   0.126617 -0.044610  0.046802 -0.420015  0.162018 -0.391468
3   0.615772  0.816378  0.516230  0.535178 -0.449267 -0.470957
4   0.210547  0.198878  0.198507  0.199583  0.213389  0.202424
5   0.240338  0.321709  0.346481  0.185337  0.317056  0.272773
6  -0.211775 -0.444078  0.848357  0.433891  0.473894  0.446999
7   0.053170  0.055577  0.056388  0.056371  0.064344  0.057948
8   0.135960  0.122294  0.122049  0.124074  0.141981  0.124686
9  -0.308785 -0.106199  0.845129 -0.795929 -0.171762  0.304020
10  0.715505  0.797486 -0.825996 -0.700185 -0.150285 -0.540733
11  0.738975  0.633874  0.011621  0.591509 -0.964596 -0.671729
60            0         1         2         3         4         5
0  -0.142229  0.748894 -0.037584  0.527371 -0.458377 -0.224905
1  -0.437275 -0.439245 -0.252584 -0.444127 -0.065434 -0.425061
2   0.185035 -0.101415 -0.027527 -0.420015  0.039960 -0.391468
3   0.650338  0.636239  0.536385  0.534090 -0.449267 -0.470957
4   0.089099  0.097455  0.075171  0.091671  0.097582  0.079104
5   0.248339  0.257525  0.228259  0.161462  0.258072  0.267894
6  -0.055916 -0.444078  0.737007  0.441407  0.514243  0.518384
7   0.011086  0.017194  0.014347  0.010902  0.009575  0.013217
8   0.120505  0.113845  0.115488  0.110412  0.135386  0.111848
9  -0.308785 -0.106199  0.845129 -0.795929 -0.171762  0.304020
10  0.715505  0.797486 -0.825996 -0.700185 -0.150285 -0.540733
11  0.738975  0.633874  0.011621  0.591509 -0.964596 -0.671729
80            0         1         2         3         4         5
0  -0.142229  0.748894 -0.037584  0.527371 -0.458377 -0.224905
1  -0.437275 -0.439245 -0.060989 -0.444127  0.043948 -0.438730
2  -0.121452 -0.303228 -0.213233 -0.420015 -0.077960 -0.412914
3   0.650338  0.636239  0.536385  0.534090 -0.449267 -0.470957
4   0.145317  0.244466  0.133723  0.161589  0.215936  0.169586
5   0.187219  0.130888  0.139927  0.030935  0.133463  0.083180
6  -0.055916 -0.444078  0.737007  0.441407  0.514243  0.518384
7  -0.027407  0.036976  0.045141  0.036815  0.057911  0.036191
8   0.079717  0.073932  0.076435  0.068397  0.087842  0.073044
9  -0.308785 -0.106199  0.845129 -0.795929 -0.171762  0.304020
10  0.715505  0.797486 -0.825996 -0.700185 -0.150285 -0.540733
11  0.738975  0.633874  0.011621  0.591509 -0.964596 -0.671729
100            0         1         2         3         4         5
0  -0.142229  0.748894 -0.037584  0.527371 -0.458377 -0.224905
1  -0.453434 -0.441814 -0.323504 -0.469728 -0.225440 -0.456735
2   0.052006 -0.360021 -0.342076 -0.420015 -0.230722 -0.434780
3   0.650338  0.636239  0.536385  0.534090 -0.449267 -0.470957
4   0.107418  0.119309  0.117812  0.106647  0.142675  0.112100
5   0.096932  0.076901  0.056169  0.088516  0.172751 -0.004361
6  -0.055916 -0.444078  0.737007  0.441407  0.514243  0.518384
7  -0.027407  0.011689  0.011932  0.011169  0.013432  0.008971
8   0.063979  0.063978  0.055052  0.062807  0.081272  0.065049
9  -0.308785 -0.106199  0.845129 -0.795929 -0.171762  0.304020
10  0.715505  0.797486 -0.825996 -0.700185 -0.150285 -0.540733
11  0.738975  0.633874  0.011621  0.591509 -0.964596 -0.671729
120            0         1         2         3         4         5
0  -0.142229  0.748894 -0.037584  0.527371 -0.458377 -0.224905
1  -0.362562 -0.438997 -0.061431 -0.469728 -0.136996 -0.468827
2  -0.298315 -0.427733 -0.397831 -0.445558 -0.197093 -0.434780
3   0.650338  0.636239  0.536385  0.534090 -0.449267 -0.470957
4   0.148049  0.118502  0.101174  0.111817  0.116450  0.104097
5  -0.000916  0.052021 -0.043267  0.040582  0.052250 -0.065498
6  -0.026459 -0.444078  0.633209  0.457032  0.532938  0.532266
7  -0.013177 -0.033976 -0.022502  0.009215  0.013969  0.009102
8   0.035042  0.036095  0.035591  0.035310  0.033417  0.037122
9  -0.308785 -0.106199  0.845129 -0.795929 -0.171762  0.304020
10  0.715505  0.797486 -0.825996 -0.700185 -0.150285 -0.540733
11  0.738975  0.633874  0.011621  0.591509 -0.964596 -0.671729
140            0         1         2         3         4         5
0  -0.142229  0.748894 -0.037584  0.527371 -0.458377 -0.224905
1  -0.263777 -0.476023 -0.412886 -0.469728 -0.226228 -0.468827
2  -0.294347 -0.441944 -0.207268 -0.445558 -0.131302 -0.434780
3   0.650338  0.636239  0.536385  0.534090 -0.449267 -0.470957
4   0.090678  0.094969  0.085569  0.089769  0.092997  0.081465
5  -0.043055  0.039700 -0.096388  0.060588 -0.014837 -0.043213
6  -0.026459 -0.444078  0.626877  0.457032  0.466795  0.532266
7   0.027981 -0.033976  0.010642  0.027783  0.031778  0.028558
8   0.062294  0.051288  0.055660  0.050953  0.051147  0.050478
9  -0.308785 -0.106199  0.845129 -0.795929 -0.171762  0.304020
10  0.715505  0.797486 -0.825996 -0.700185 -0.150285 -0.540733
11  0.738975  0.633874  0.011621  0.591509 -0.964596 -0.671729
160            0         1         2         3         4         5
0  -0.142229  0.748894 -0.037584  0.527371 -0.458377 -0.224905
1  -0.257701 -0.489415 -0.386292 -0.511740 -0.273999 -0.504200
2  -0.294347 -0.441944 -0.280065 -0.445558 -0.185045 -0.434780
3   0.650338  0.636239  0.536385  0.534090 -0.449267 -0.470957
4   0.102784  0.105946  0.087775  0.072812  0.107606  0.104976
5  -0.038527  0.004940 -0.096388  0.052635  0.016026 -0.084365
6  -0.026459 -0.444078  0.626877  0.457032  0.466795  0.532266
7   0.010799  0.010903  0.006225  0.010642  0.009702 -0.041897
8   0.043267  0.045439  0.044844  0.046708  0.045613  0.045396
9  -0.308785 -0.106199  0.845129 -0.795929 -0.171762  0.304020
10  0.715505  0.797486 -0.825996 -0.700185 -0.150285 -0.540733
11  0.738975  0.633874  0.011621  0.591509 -0.964596 -0.671729
180            0         1         2         3         4         5
0  -0.142229  0.722434 -0.037584  0.525669 -0.458377 -0.224905
1  -0.027278 -0.473289 -0.231444 -0.511740 -0.131954 -0.504200
2  -0.388028 -0.486734 -0.430397 -0.516712 -0.518805 -0.514206
3   0.559329  0.492292  0.383639  0.472229 -0.449267 -0.470957
4   0.135240  0.118342  0.094415  0.102092  0.153068  0.097954
5  -0.109620 -0.082507 -0.072850 -0.105512 -0.054293 -0.150857
6   0.170453 -0.444078  0.502524  0.451835  0.465832  0.486745
7   0.007318  0.007598  0.007172  0.007798  0.007102 -0.041897
8   0.012488  0.017121  0.017012  0.016658  0.012040  0.017015
9  -0.308785 -0.106199  0.845129 -0.795929 -0.171762  0.304020
10  0.715505  0.797486 -0.825996 -0.700185 -0.150285 -0.540733
11  0.738975  0.633874  0.011621  0.591509 -0.964596 -0.671729
200            0         1         2         3         4         5
0  -0.142229  0.722434 -0.037584  0.525669 -0.458377 -0.224905
1  -0.025911 -0.492555 -0.158723 -0.511740 -0.025860 -0.504200
2  -0.351014 -0.553902 -0.514437 -0.536783 -0.429879 -0.539785
3   0.558735  0.490051  0.318659  0.472229 -0.449267 -0.470957
4   0.233973  0.178071  0.192059  0.172429  0.213462  0.179533
5  -0.150347 -0.043334 -0.066925 -0.149937 -0.002394 -0.150857
6   0.170453 -0.444078  0.502524  0.451835  0.465832  0.486745
7   0.044687 -0.042490  0.040140  0.036317  0.037960 -0.041897
8   0.001229  0.007015  0.006782  0.006864 -0.005874  0.001535
9  -0.308785 -0.106199  0.845129 -0.795929 -0.171762  0.304020
10  0.715505  0.797486 -0.825996 -0.700185 -0.150285 -0.540733
11  0.738975  0.633874  0.011621  0.591509 -0.964596 -0.671729
220            0         1         2         3         4         5
0  -0.142229  0.722434 -0.037584  0.525669 -0.458377 -0.224905
1  -0.263931 -0.488856 -0.393673 -0.511740 -0.252069 -0.504200
2  -0.426287 -0.553902 -0.504919 -0.560561 -0.486546 -0.562891
3   0.558735  0.490051  0.318659  0.472229 -0.449267 -0.470957
4   0.083033  0.083539  0.078974  0.084291  0.025314  0.082287
5  -0.126548 -0.096910 -0.015420 -0.149937 -0.027768 -0.150857
6   0.170453 -0.444078  0.502524  0.451835  0.465832  0.486745
7  -0.021420 -0.042490  0.016280  0.012673  0.013997 -0.003845
8   0.004979  0.005714 -0.001324  0.005360 -0.005874  0.002675
9  -0.308785 -0.106199  0.845129 -0.795929 -0.171762  0.304020
10  0.715505  0.797486 -0.825996 -0.700185 -0.150285 -0.540733
11  0.738975  0.633874  0.011621  0.591509 -0.964596 -0.671729
240            0         1         2         3         4         5
0  -0.142229  0.722434 -0.037584  0.525669 -0.458377 -0.224905
1   0.076221 -0.510904 -0.238555 -0.511740  0.262465 -0.518869
2  -0.227735 -0.435949 -0.504752 -0.570715  0.148088 -0.578364
3   0.558735  0.490051  0.318659  0.472229 -0.449267 -0.470957
4   0.264233  0.239487  0.250270  0.180538 -0.010524  0.172679
5   0.170300  0.017022  0.133870 -0.149937  0.171524 -0.150857
6   0.124092 -0.444078  0.487598  0.443566  0.459013  0.465876
7   0.101620  0.074230  0.083342  0.078762 -0.062897  0.075274
8   0.022760  0.021449  0.030646  0.027985 -0.005874  0.021930
9  -0.308785 -0.106199  0.845129 -0.795929 -0.171762  0.304020
10  0.715505  0.797486 -0.825996 -0.700185 -0.150285 -0.540733
11  0.738975  0.633874  0.011621  0.591509 -0.964596 -0.671729
260            0         1         2         3         4         5
0  -0.142229  0.722434 -0.037584  0.525669 -0.458377 -0.224905
1  -0.005413 -0.482161 -0.162142 -0.506595  0.095078 -0.518869
2  -0.111451 -0.406641 -0.483213 -0.584802 -0.018351 -0.578364
3   0.558735  0.490051  0.318659  0.472229 -0.449267 -0.470957
4   0.284837  0.268964  0.273964  0.262944 -0.010524  0.267749
5   0.106006  0.115711  0.118837 -0.135091  0.104157 -0.150857
6   0.124092 -0.444078  0.487598  0.443566  0.459013  0.465876
7   0.094056  0.090048  0.107447  0.093906 -0.062897  0.092166
8   0.018290  0.016771  0.018453  0.017162 -0.005874  0.017314
9  -0.308785 -0.106199  0.845129 -0.795929 -0.171762  0.304020
10  0.715505  0.797486 -0.825996 -0.700185 -0.150285 -0.540733
11  0.738975  0.633874  0.011621  0.591509 -0.964596 -0.671729
280            0         1         2         3         4         5
0  -0.104442  0.722434 -0.037584  0.525669 -0.458377 -0.224905
1  -0.120645 -0.338176 -0.151192 -0.506595 -0.098697 -0.518869
2  -0.133184 -0.336511 -0.429734 -0.584802 -0.055333 -0.595305
3   0.558558  0.436202  0.309536  0.465511 -0.449267 -0.470957
4   0.165553  0.164515  0.179563  0.166291 -0.010524  0.160417
5   0.091576  0.098457  0.057222 -0.092913  0.014807 -0.150857
6   0.201381 -0.444078  0.431750  0.368016  0.440503  0.435384
7   0.046539  0.041025  0.046258  0.045064 -0.062897  0.044800
8   0.015598  0.014080  0.015161  0.015241 -0.005874  0.015095
9  -0.308785 -0.106199  0.845129 -0.795929 -0.171762  0.304020
10  0.715505  0.797486 -0.825996 -0.700185 -0.150285 -0.540733
11  0.738975  0.633874  0.011621  0.591509 -0.964596 -0.671729
300            0         1         2         3         4         5
0  -0.104442  0.722434 -0.037584  0.525669 -0.458377 -0.224905
1  -0.116263 -0.454476 -0.290394 -0.523595 -0.149317 -0.518869
2  -0.308472 -0.304410 -0.313990 -0.584802 -0.053859 -0.595305
3   0.558558  0.436202  0.309536  0.465511 -0.449267 -0.470957
4   0.211641  0.186899  0.179834  0.170149 -0.010524  0.172338
5   0.051329  0.051420  0.039507 -0.157190  0.203542 -0.150857
6   0.201381 -0.444078  0.431750  0.368016  0.440503  0.435384
7   0.034616  0.031861  0.030830  0.031185 -0.062897  0.034359
8   0.016038  0.015019  0.014924  0.014822 -0.005874  0.013919
9  -0.308785 -0.106199  0.845129 -0.795929 -0.171762  0.304020
10  0.715505  0.797486 -0.825996 -0.700185 -0.150285 -0.540733
11  0.738975  0.633874  0.011621  0.591509 -0.964596 -0.671729
320            0         1         2         3         4         5
0  -0.104442  0.722434 -0.037584  0.525669 -0.458377 -0.224905
1   0.077953 -0.480490 -0.364273 -0.523595  0.062883 -0.518869
2  -0.347565 -0.393600 -0.318361 -0.589965 -0.011742 -0.595305
3   0.558558  0.436202  0.309536  0.465511 -0.449267 -0.470957
4   0.203367  0.195079  0.163759  0.182530 -0.010524  0.155240
5   0.073791  0.081296  0.077030 -0.157190  0.097610 -0.076841
6   0.201381 -0.444078  0.431750  0.368016  0.440503  0.435384
7   0.046058  0.046866  0.042219  0.046232 -0.062897  0.045620
8   0.012857  0.012264  0.013374  0.011411 -0.005874  0.012186
9  -0.308785 -0.106199  0.845129 -0.795929 -0.171762  0.304020
10  0.715505  0.797486 -0.825996 -0.700185 -0.150285 -0.540733
11  0.738975  0.633874  0.011621  0.591509 -0.964596 -0.671729
340            0         1         2         3         4         5
0  -0.104442  0.722434 -0.037584  0.525669 -0.458377 -0.224905
1   0.055639 -0.499573 -0.432532 -0.523595  0.130007 -0.534913
2  -0.159295 -0.418911 -0.149816 -0.589965  0.016362 -0.595305
3   0.558558  0.436734  0.268202  0.463691 -0.449267 -0.470957
4   0.176158  0.200796  0.220834  0.158312 -0.010524  0.184823
5   0.144043  0.099847  0.090991 -0.157190  0.161899  0.031423
6   0.221411 -0.444078  0.397986  0.365287  0.410907  0.418656
7  -0.029209  0.029042  0.044882  0.027553 -0.062897  0.036288
8   0.013249  0.013995  0.015521  0.014700 -0.005874  0.014268
9  -0.308785 -0.106199  0.845129 -0.795929 -0.171762  0.304020
10  0.715505  0.797486 -0.825996 -0.700185 -0.150285 -0.540733
11  0.738975  0.633874  0.011621  0.591509 -0.964596 -0.671729
360            0         1         2         3         4         5
0  -0.104442  0.722434 -0.037584  0.525669 -0.458377 -0.224905
1  -0.099542 -0.215343 -0.097566 -0.523595 -0.037586 -0.534913
2  -0.146047 -0.358992 -0.136393 -0.589965  0.275383 -0.595305
3   0.558558  0.436734  0.268202  0.463691 -0.449267 -0.470957
4   0.239386  0.198905  0.198591  0.197988 -0.010524  0.198695
5   0.155860  0.070939  0.167374 -0.157190  0.189106  0.130994
6   0.221411 -0.444078  0.397986  0.365287  0.410907  0.418656
7   0.032858  0.032165  0.037321  0.032596 -0.062897  0.030899
8   0.026743  0.020188  0.019857  0.018410 -0.005874  0.020884
9  -0.308785 -0.106199  0.845129 -0.795929 -0.171762  0.304020
10  0.715505  0.797486 -0.825996 -0.700185 -0.150285 -0.540733
11  0.738975  0.633874  0.011621  0.591509 -0.964596 -0.671729
380            0         1         2         3         4         5
0  -0.104442  0.722434 -0.037584  0.525669 -0.458377 -0.224905
1  -0.105497 -0.119882 -0.122588 -0.523595 -0.031456 -0.534913
2  -0.191627 -0.358992 -0.216664 -0.589965  0.056660 -0.595305
3   0.558558  0.436734  0.268202  0.463691 -0.449267 -0.470957
4   0.187113  0.198648  0.195872  0.165932 -0.010524  0.185372
5   0.159553  0.043128  0.098457 -0.157190  0.126508  0.132416
6   0.221411 -0.444078  0.397986  0.365287  0.410907  0.418656
7   0.020998  0.020457  0.024599  0.019133 -0.062897  0.020803
8   0.025415  0.021607  0.021018  0.033036 -0.005874  0.027205
9  -0.308785 -0.106199  0.845129 -0.795929 -0.171762  0.304020
10  0.715505  0.797486 -0.825996 -0.700185 -0.150285 -0.540733
11  0.738975  0.633874  0.011621  0.591509 -0.964596 -0.671729
400            0         1         2         3         4         5
0  -0.104442  0.695218 -0.037584  0.511392 -0.458377 -0.224905
1  -0.088012 -0.300294  0.073848 -0.523595  0.164878 -0.534913
2  -0.203659 -0.434020 -0.276137 -0.589965  0.185137 -0.595305
3   0.399035  0.431396  0.295135  0.389296 -0.449267 -0.470957
4   0.151332  0.144835  0.146771  0.150361 -0.010524  0.146825
5   0.200836  0.134114  0.133550 -0.157190  0.204759  0.161757
6   0.279991 -0.444078  0.228934  0.344015  0.384843  0.352090
7   0.016165  0.015479  0.015479  0.017653 -0.062897  0.003465
8   0.041974  0.038102  0.035810  0.034459 -0.005874  0.035025
9  -0.308785 -0.106199  0.845129 -0.795929 -0.171762  0.304020
10  0.715505  0.797486 -0.825996 -0.700185 -0.150285 -0.540733
11  0.738975  0.633874  0.011621  0.591509 -0.964596 -0.671729
420            0         1         2         3         4         5
0  -0.104442  0.695218 -0.037584  0.511392 -0.458377 -0.224905
1  -0.008872 -0.333773 -0.204810 -0.537485 -0.151556 -0.534913
2  -0.095015 -0.396089 -0.208480 -0.589965  0.216262 -0.595305
3   0.399035  0.431396  0.295135  0.389296 -0.449267 -0.470957
4   0.169241  0.148808  0.152820  0.152799 -0.010524  0.155598
5   0.217709  0.075098  0.149944 -0.157190  0.213449  0.122432
6   0.279991 -0.444078  0.228934  0.344015  0.384843  0.352090
7   0.050632  0.048696  0.058343  0.049385 -0.062897  0.047171
8   0.038988  0.035075  0.035936  0.034636 -0.005874  0.032390
9  -0.308785 -0.106199  0.845129 -0.795929 -0.171762  0.304020
10  0.715505  0.797486 -0.825996 -0.700185 -0.150285 -0.540733
11  0.738975  0.633874  0.011621  0.591509 -0.964596 -0.671729
