20            0         1         2         3         4         5
0  -0.316831 -0.168386  0.444874  0.901492 -0.338100  0.318844
1   0.434344  0.320165  0.047992 -0.385638  0.532067 -0.232214
2   0.697869  0.092197  0.440453 -0.133534  0.745747 -0.160409
3   0.368366  0.498066 -0.460333  0.175378  0.752772  0.735085
4   0.623561  0.619401  0.632621  0.633911  0.694751  0.617874
5   0.940408  0.859468  0.937189  0.883776  1.011350  0.868320
6   0.949203  0.237463 -0.177363 -0.674601 -0.415166  0.718704
7   0.222706  0.542484  0.371906  0.241018  0.416373  0.066140
8   0.579870  0.719300  0.783705  0.740397  0.889104  0.735967
9   0.262151  0.899805  0.217892 -0.697352  0.537068  0.273302
10  0.187786  0.322218  0.442598  0.217145  0.531765 -0.449027
11  0.663377  0.962284 -0.582866 -0.358000 -0.175679 -0.318108
40            0         1         2         3         4         5
0  -0.316831 -0.168386  0.444874  0.901492 -0.338100  0.318844
1   0.113872  0.054647  0.069531 -0.385638  0.136049 -0.285738
2   0.667664  0.294202  0.289469 -0.137556  0.659129 -0.160409
3   0.368366  0.498066 -0.460333  0.175378  0.752772  0.735085
4   0.566485  0.549150  0.524753  0.512749  0.536146  0.533894
5   0.829728  0.811181  0.845890  0.816718  0.922693  0.720907
6   0.949203  0.237463 -0.177363 -0.674601 -0.415166  0.718704
7   0.367268  0.364580  0.358980  0.359227  0.343664  0.374651
8   0.712369  0.611031  0.748116  0.720239  0.717601  0.657651
9   0.262151  0.899805  0.217892 -0.697352  0.537068  0.273302
10  0.187786  0.322218  0.442598  0.217145  0.531765 -0.449027
11  0.663377  0.962284 -0.582866 -0.358000 -0.175679 -0.318108
60            0         1         2         3         4         5
0  -0.316831 -0.168386  0.444874  0.901492 -0.338100  0.318844
1   0.423290  0.120439  0.323805 -0.385638  0.616815 -0.081977
2   0.355257  0.170741  0.310326 -0.064478  0.685871 -0.160409
3   0.429009  0.498066 -0.460333  0.224242  0.737792  0.727978
4   0.662634  0.609283  0.569799  0.543644  0.544203  0.548637
5   0.703237  0.661966  0.722045  0.614326  0.748155  0.687881
6   0.949203  0.237463 -0.177363 -0.674601 -0.415166  0.718704
7   0.298889  0.250322  0.323527  0.349329  0.311348  0.326631
8   0.712369  0.611031  0.748116  0.720239  0.717601  0.657651
9   0.262151  0.899805  0.217892 -0.697352  0.537068  0.273302
10  0.187786  0.322218  0.442598  0.217145  0.531765 -0.449027
11  0.663377  0.962284 -0.582866 -0.358000 -0.175679 -0.318108
80            0         1         2         3         4         5
0  -0.316831 -0.168386  0.444874  0.901492 -0.338100  0.318844
1   1.225331  0.730992  0.946738 -0.385638  1.213750 -0.094741
2   0.461807  0.432893  0.216398 -0.128669  0.673596 -0.160409
3   0.429009  0.498066 -0.460333  0.224242  0.737792  0.727978
4   0.864619  0.844636  0.729299  0.703503  0.664700  0.686092
5   0.630978  0.607025  0.736820  0.674661  0.693094  0.708799
6   0.949203  0.237463 -0.177363 -0.674601 -0.415166  0.718704
7   0.299371  0.234692  0.316194  0.300991  0.319320  0.311273
8   0.599119  0.536049  0.530150  0.621411  0.633448  0.540376
9   0.262151  0.899805  0.217892 -0.697352  0.537068  0.273302
10  0.187786  0.322218  0.442598  0.217145  0.531765 -0.449027
11  0.663377  0.962284 -0.582866 -0.358000 -0.175679 -0.318108
100            0         1         2         3         4         5
0  -0.316831 -0.168386  0.444874  0.901492 -0.338100  0.318844
1   0.535245  0.490048  0.334909 -0.385638  0.492819  0.050395
2   0.399465  0.255033  0.361859 -0.128669  0.768269 -0.160409
3   0.429009  0.498066 -0.460333  0.224242  0.737792  0.727978
4   0.791593  0.780075  0.741343  0.740727  0.800302  0.795007
5   0.583848  0.659108  0.590525  0.658191  0.681827  0.651406
6   0.949203  0.237463 -0.177363 -0.674601 -0.415166  0.718704
7   0.442266  0.345315  0.358269  0.337459  0.365402  0.367473
8   0.584762  0.475286  0.495775  0.564996  0.656246  0.555491
9   0.262151  0.899805  0.217892 -0.697352  0.537068  0.273302
10  0.187786  0.322218  0.442598  0.217145  0.531765 -0.449027
11  0.663377  0.962284 -0.582866 -0.358000 -0.175679 -0.318108
120            0         1         2         3         4         5
0  -0.316831 -0.168386  0.444874  0.901492 -0.338100  0.318844
1   0.805649  0.329866  0.508381 -0.385638  0.578561  0.168761
2   0.648035  0.317657  0.199934 -0.136185  0.774657 -0.160409
3   0.429009  0.498066 -0.460333  0.224242  0.737792  0.727978
4   0.686771  0.645236  0.646491  0.658406  0.615238  0.627091
5   0.721899  0.677413  0.624628  0.561187  0.779342  0.487439
6   0.949203  0.237463 -0.177363 -0.674601 -0.415166  0.718704
7   0.382355  0.323818  0.364946  0.324650  0.403218  0.340530
8   0.493898  0.454152  0.437614  0.430672  0.460841  0.510180
9   0.262151  0.899805  0.217892 -0.697352  0.537068  0.273302
10  0.187786  0.322218  0.442598  0.217145  0.531765 -0.449027
11  0.663377  0.962284 -0.582866 -0.358000 -0.175679 -0.318108
140            0         1         2         3         4         5
0  -0.316831 -0.168386  0.468835  0.875383 -0.338100  0.353361
1   0.215978  0.276259  0.363064 -0.385638  0.332397  0.060995
2   0.565808  0.159890  0.354005 -0.072550  0.617243 -0.160409
3   0.497211  0.563908 -0.460333  0.192904  0.673721  0.690422
4   0.637699  0.655228  0.596940  0.590336  0.665790  0.639310
5   0.606838  0.641238  0.617507  0.532385  0.581341  0.603447
6   0.716005  0.477699  0.623547 -0.674601 -0.068044  0.789627
7   0.401264  0.442929  0.434544  0.391790  0.474427  0.444129
8   0.494545  0.468007  0.477513  0.458018  0.511332  0.467554
9   0.262151  0.899805  0.217892 -0.697352  0.537068  0.273302
10  0.187786  0.322218  0.442598  0.217145  0.531765 -0.449027
11  0.663377  0.962284 -0.582866 -0.358000 -0.175679 -0.318108
160            0         1         2         3         4         5
0  -0.316831 -0.168386  0.468835  0.875383 -0.338100  0.353361
1   0.258890  0.321300  0.196563 -0.385638  0.409900 -0.185917
2   0.565808  0.112564  0.354005 -0.072550  0.617243 -0.160409
3   0.497211  0.563908 -0.460333  0.192904  0.673721  0.690422
4   0.617293  0.582135  0.574210  0.580344  0.593423  0.589746
5   0.606838  0.641238  0.617507  0.532385  0.581341  0.603447
6   0.716005  0.477699  0.623547 -0.674601 -0.068044  0.789627
7   0.271724  0.314077  0.298339  0.308337  0.326586  0.366561
8   0.494545  0.468007  0.477513  0.458018  0.511332  0.467554
9   0.262151  0.899805  0.217892 -0.697352  0.537068  0.273302
10  0.187786  0.322218  0.442598  0.217145  0.531765 -0.449027
11  0.663377  0.962284 -0.582866 -0.358000 -0.175679 -0.318108
180            0         1         2         3         4         5
0  -0.316831 -0.089409  0.468835  0.875383 -0.338100  0.353361
1   0.511635  0.172207  0.362795 -0.385638  0.391579 -0.232764
2   0.162602  0.194280  0.358861 -0.169678  0.105316 -0.186892
3   0.529680  0.507517 -0.460333  0.273693  0.572705  0.676682
4   0.648882  0.608586  0.594531  0.562585  0.625386  0.536655
5   0.434370  0.585602  0.572282  0.545090  0.486144  0.434100
6   0.716005  0.477699  0.623547 -0.674601 -0.068044  0.789627
7   0.244552  0.287576  0.301165  0.279147  0.324855  0.355673
8   0.421820  0.374304  0.425446  0.446155  0.366274  0.413224
9   0.262151  0.899805  0.217892 -0.697352  0.537068  0.273302
10  0.187786  0.322218  0.442598  0.217145  0.531765 -0.449027
11  0.663377  0.962284 -0.582866 -0.358000 -0.175679 -0.318108
200            0         1         2         3         4         5
0  -0.316831 -0.089409  0.468835  0.875383 -0.338100  0.353361
1   0.495370  0.416117  0.274725 -0.385638  0.877478 -0.136650
2   0.309012 -0.058868  0.142783 -0.179300  0.438932 -0.186892
3   0.529680  0.507517 -0.460333  0.273693  0.572705  0.676682
4   0.789672  0.647448  0.737206  0.652358  0.814693  0.736611
5   0.338151  0.450064  0.416283  0.513622  0.463609  0.475278
6   0.716005  0.477699  0.623547 -0.674601 -0.068044  0.789627
7   0.237617  0.164748  0.331891  0.294552  0.406375  0.296293
8   0.376608  0.360635  0.370997  0.360519  0.411524  0.335631
9   0.262151  0.899805  0.217892 -0.697352  0.537068  0.273302
10  0.187786  0.322218  0.442598  0.217145  0.531765 -0.449027
11  0.663377  0.962284 -0.582866 -0.358000 -0.175679 -0.318108
220            0         1         2         3         4         5
0  -0.316831 -0.089409  0.468835  0.875383 -0.338100  0.353361
1   0.550521  0.131045  0.336682 -0.385638  0.698680 -0.237322
2   0.422887 -0.110570 -0.034590 -0.179300  0.502212 -0.186892
3   0.529680  0.507517 -0.460333  0.273693  0.572705  0.676682
4   0.634547  0.587101  0.540914  0.567955  0.626974  0.614215
5   0.478131  0.503720  0.382657  0.380869  0.469451  0.432909
6   0.716005  0.477699  0.623547 -0.674601 -0.068044  0.789627
7   0.468684  0.456256  0.384724  0.490924  0.510128  0.354660
8   0.375984  0.326236  0.370934  0.325354  0.411524  0.345046
9   0.262151  0.899805  0.217892 -0.697352  0.537068  0.273302
10  0.187786  0.322218  0.442598  0.217145  0.531765 -0.449027
11  0.663377  0.962284 -0.582866 -0.358000 -0.175679 -0.318108
240            0         1         2         3         4         5
0  -0.316831 -0.089409  0.468835  0.875383 -0.338100  0.353361
1   0.594498  0.346422  0.794640 -0.385638  0.960641 -0.174720
2   0.346752  0.064987  0.619232 -0.152279  0.784460 -0.186892
3   0.529680  0.507517 -0.460333  0.273693  0.572705  0.676682
4   0.902042  0.947655  0.998870  0.859427  0.987660  0.794440
5   0.865465  0.664650  0.663410  0.834228  0.838774  0.771413
6   0.716005  0.477699  0.623547 -0.674601 -0.068044  0.789627
7   0.506376  0.429368  0.422245  0.456469  0.556851  0.400178
8   0.397259  0.518248  0.507531  0.489173  0.645739  0.490313
9   0.262151  0.899805  0.217892 -0.697352  0.537068  0.273302
10  0.187786  0.322218  0.442598  0.217145  0.531765 -0.449027
11  0.663377  0.962284 -0.582866 -0.358000 -0.175679 -0.318108
260            0         1         2         3         4         5
0  -0.316831 -0.089409  0.468835  0.875383 -0.338100  0.353361
1   1.009801  0.607170  0.765724 -0.385638  0.818984  0.030931
2   0.322254 -0.048509  0.178444 -0.078847  0.201431 -0.186892
3   0.529680  0.507517 -0.460333  0.273693  0.572705  0.676682
4   0.996982  1.022883  1.061200  0.963182  1.005824  0.942786
5   0.464168  0.453409  0.565669  0.459869  0.545633  0.564809
6   0.716005  0.477699  0.623547 -0.674601 -0.068044  0.789627
7   0.560334  0.553265  0.534754  0.449776  0.543582  0.529900
8   0.466751  0.472639  0.455485  0.448015  0.506170  0.413483
9   0.262151  0.899805  0.217892 -0.697352  0.537068  0.273302
10  0.187786  0.322218  0.442598  0.217145  0.531765 -0.449027
11  0.663377  0.962284 -0.582866 -0.358000 -0.175679 -0.318108
280            0         1         2         3         4         5
0  -0.316831 -0.089409  0.468835  0.814135 -0.338100  0.353361
1   0.902404  0.870403  0.694378 -0.385638  0.752008  0.043493
2   0.263296 -0.037941 -0.015446 -0.121829  0.452129 -0.186892
3   0.572165  0.520193 -0.460333  0.289378  0.627592  0.568451
4   0.985083  0.908377  0.887215  0.889801  0.902502  0.838202
5   0.605451  0.414644  0.479882  0.333074  0.480781  0.406318
6   0.716005  0.477699  0.623547 -0.674601 -0.068044  0.789627
7   0.561045  0.471041  0.521714  0.366415  0.455930  0.475760
8   0.465631  0.469392  0.409937  0.448769  0.506170  0.413483
9   0.262151  0.899805  0.217892 -0.697352  0.537068  0.273302
10  0.187786  0.322218  0.442598  0.217145  0.531765 -0.449027
11  0.663377  0.962284 -0.582866 -0.358000 -0.175679 -0.318108
300            0         1         2         3         4         5
0  -0.316831 -0.089409  0.468835  0.814135 -0.338100  0.353361
1   0.968222  0.627178  0.874904 -0.385638  0.878506  0.001629
2   0.662606  0.065234  0.196772 -0.149926  0.570160 -0.186892
3   0.590409  0.520193 -0.460333  0.289378  0.539250  0.482672
4   0.924121  0.920101  0.910591  0.930853  1.016177  0.825386
5   0.719730  0.522349  0.648707  0.561553  0.641245  0.532179
6   0.716005  0.450896  0.640099 -0.674601  0.009827  0.789627
7   0.428261  0.393544  0.402593  0.267694  0.510718  0.456927
8   0.521552  0.519264  0.491950  0.388983  0.629611  0.477633
9   0.262151  0.899805  0.217892 -0.697352  0.537068  0.273302
10  0.187786  0.322218  0.442598  0.217145  0.531765 -0.449027
11  0.663377  0.962284 -0.582866 -0.358000 -0.175679 -0.318108
320            0         1         2         3         4         5
0  -0.316831 -0.089409  0.475088  0.814135 -0.338100  0.353361
1   0.719555  0.243490  0.490405 -0.385638  1.016910  0.070701
2   0.201350 -0.061441  0.029084 -0.184714  0.389511 -0.186892
3   0.590409  0.439240 -0.460333  0.289378  0.546789  0.495869
4   0.902239  0.942675  0.917307  0.798182  0.921875  0.876727
5   0.516284  0.591455  0.572266  0.480980  0.628374  0.544209
6   0.715471  0.450896  0.640099 -0.674601  0.102116  0.781731
7   0.497530  0.376650  0.441367  0.443903  0.529871  0.445877
8   0.450997  0.501493  0.500830  0.441207  0.536928  0.440102
9   0.262151  0.899805  0.217892 -0.697352  0.537068  0.273302
10  0.187786  0.322218  0.442598  0.217145  0.531765 -0.449027
11  0.663377  0.962284 -0.582866 -0.358000 -0.175679 -0.318108
340            0         1         2         3         4         5
0  -0.316831 -0.089409  0.475088  0.814135 -0.338100  0.353361
1   0.764363  0.325628  0.593069 -0.385638  0.838300  0.087264
2   0.486082  0.028966  0.384163 -0.184714  0.346602 -0.186892
3   0.590409  0.439240 -0.460333  0.289378  0.546789  0.416638
4   0.924460  0.835536  0.923561  0.847762  0.874884  0.830769
5   0.717828  0.590710  0.618147  0.722820  0.718228  0.765119
6   0.715471  0.450896  0.640099 -0.674601  0.102116  0.781731
7   0.447154  0.364399  0.377949  0.442708  0.512018  0.453331
8   0.377788  0.410715  0.467111  0.410709  0.509180  0.428010
9   0.262151  0.899805  0.217892 -0.697352  0.537068  0.273302
10  0.187786  0.322218  0.442598  0.217145  0.531765 -0.449027
11  0.663377  0.962284 -0.582866 -0.358000 -0.175679 -0.318108
360            0         1         2         3         4         5
0  -0.316831 -0.089409  0.475088  0.814135 -0.338100  0.371161
1   0.852117  0.417584  0.554449 -0.385638  0.571120  0.339366
2   0.291400  0.022807  0.213937 -0.184714  0.159424 -0.186892
3   0.590409  0.439240 -0.460333  0.289378  0.546789  0.335119
4   0.977675  0.986672  0.965195  0.976059  0.916075  0.904871
5   0.575618  0.449003  0.587199  0.545234  0.538218  0.364772
6   0.715471  0.450896  0.640099 -0.674601  0.102116  0.781731
7   0.539484  0.540088  0.502895  0.456712  0.665905  0.510043
8   0.417320  0.414121  0.415473  0.428963  0.369177  0.421730
9   0.262151  0.899805  0.217892 -0.697352  0.537068  0.273302
10  0.187786  0.322218  0.442598  0.217145  0.531765 -0.449027
11  0.663377  0.962284 -0.582866 -0.358000 -0.175679 -0.318108
380            0         1         2         3         4         5
0  -0.316831 -0.089409  0.475088  0.814135 -0.338100  0.371161
1   0.536132  0.330013  0.548878 -0.385638  0.384394  0.245020
2   0.263080  0.006707  0.311673 -0.184714  0.201255 -0.186892
3   0.590409  0.439240 -0.460333  0.289378  0.546789  0.335119
4   0.760641  0.749732  0.734655  0.737632  0.803896  0.753421
5   0.564672  0.428982  0.420830  0.535261  0.430689  0.388675
6   0.715471  0.450896  0.640099 -0.674601  0.102116  0.781731
7   0.564706  0.419976  0.481745  0.528289  0.530423  0.514947
8   0.417320  0.414121  0.415473  0.428963  0.369177  0.421730
9   0.262151  0.899805  0.217892 -0.697352  0.537068  0.273302
10  0.187786  0.322218  0.442598  0.217145  0.531765 -0.449027
11  0.663377  0.962284 -0.582866 -0.358000 -0.175679 -0.318108
400            0         1         2         3         4         5
0  -0.316831 -0.089409  0.475088  0.814135 -0.338100  0.387182
1   0.531102  0.294552  0.661915 -0.385638  0.553349  0.039159
2   0.094849 -0.155437  0.257482 -0.184714  0.267268 -0.186892
3   0.588560  0.458287 -0.460333  0.335189  0.546789  0.214826
4   0.738283  0.701808  0.617918  0.625194  0.760071  0.711333
5   0.499667  0.375672  0.377255  0.461625  0.427661  0.236132
6   0.715471  0.450896  0.640099 -0.674601  0.102116  0.781731
7   0.423973  0.387221  0.481745  0.476735  0.521427  0.469142
8   0.350595  0.346859  0.327270  0.315321  0.382589  0.397378
9   0.262151  0.899805  0.217892 -0.697352  0.537068  0.273302
10  0.187786  0.322218  0.442598  0.217145  0.531765 -0.449027
11  0.663377  0.962284 -0.582866 -0.358000 -0.175679 -0.318108
420            0         1         2         3         4         5
0  -0.316831 -0.089409  0.475088  0.814135 -0.338100  0.387182
1   0.419376  0.110977  0.391983 -0.385638  0.719306  0.073414
2  -0.021651 -0.150876  0.042247 -0.184714  0.112860 -0.186892
3   0.588560  0.458287 -0.460333  0.335189  0.546789  0.214826
4   0.750542  0.561953  0.684096  0.633767  0.625977  0.624605
5   0.520929  0.490062  0.370871  0.310072  0.321438  0.462048
6   0.715471  0.450896  0.640099 -0.674601  0.102116  0.781731
7   0.371757  0.386189  0.326671  0.391035  0.420085  0.329884
8   0.348764  0.333418  0.300349  0.333606  0.383981  0.314639
9   0.262151  0.899805  0.217892 -0.697352  0.537068  0.273302
10  0.187786  0.322218  0.442598  0.217145  0.531765 -0.449027
11  0.663377  0.962284 -0.582866 -0.358000 -0.175679 -0.318108
