20            0         1         2         3         4         5
0  -0.989139 -0.236942 -0.012265  0.864692 -0.553559  0.132813
1   0.252362  0.069163  0.214396 -0.073024  0.260858  0.126293
2   0.061424  0.076573  0.203620 -0.163117  0.324957 -0.178734
3   0.680026  0.572562  0.646121 -0.172480 -0.095274 -0.067285
4   0.804271  0.812548  0.816721  0.864755  0.827614  0.860803
5   0.683810  0.577783  0.687338  0.762944  0.811736  0.662144
6   0.491975  0.113653  0.348834  0.897392  0.130717  0.300927
7   0.661162  0.666240  0.604646  0.664093  0.670426  0.636015
8   0.666309  0.689052  0.687770  0.688817  0.677271  0.676090
9  -0.114816 -0.642625 -0.864023  0.028326  0.672632 -0.367072
10  0.332579 -0.984244 -0.805196  0.774695  0.358116 -0.801771
11 -0.920222  0.724798 -0.140493 -0.637320  0.369087 -0.092888
40            0         1         2         3         4         5
0  -0.989139 -0.236942 -0.012265  0.864692 -0.553559  0.132813
1   0.419274  0.604461  0.345415 -0.073024  0.598838  0.086325
2   0.404913  0.152115  0.644025 -0.109922  0.721184 -0.178734
3   0.680026  0.572562  0.646121 -0.172480 -0.095274 -0.067285
4   1.079413  1.049747  1.040319  1.059779  1.010165  1.026311
5   1.041850  0.784346  0.841084  1.005115  1.084073  0.834150
6   0.491975  0.113653  0.348834  0.897392  0.130717  0.300927
7   0.872031  0.738026  0.868682  0.867633  0.867689  0.867508
8   0.788612  0.733747  0.816072  0.803386  0.823944  0.820550
9  -0.114816 -0.642625 -0.864023  0.028326  0.672632 -0.367072
10  0.332579 -0.984244 -0.805196  0.774695  0.358116 -0.801771
11 -0.920222  0.724798 -0.140493 -0.637320  0.369087 -0.092888
60            0         1         2         3         4         5
0  -0.989139 -0.145245 -0.012265  0.835224 -0.553559  0.132813
1   0.765934  0.535762  0.587122 -0.073024  0.741093  0.674563
2   0.428750  0.169370  0.726229 -0.109922  0.712228 -0.178734
3   0.771806  0.625318  0.636157 -0.172480 -0.095274 -0.067285
4   1.257864  1.256983  1.275399  1.287312  1.269532  1.209643
5   1.100158  0.915291  1.052482  1.031798  1.046922  1.035828
6   0.782890  0.262563  0.545279  0.897392  0.130717  0.472496
7   1.021216  0.902248  0.996336  0.966606  0.933591  1.003025
8   0.818756  0.775558  0.839352  0.814478  0.693277  0.822629
9  -0.114816 -0.642625 -0.864023  0.028326  0.672632 -0.367072
10  0.332579 -0.984244 -0.805196  0.774695  0.358116 -0.801771
11 -0.920222  0.724798 -0.140493 -0.637320  0.369087 -0.092888
80            0         1         2         3         4         5
0  -0.989139 -0.145245 -0.012265  0.835224 -0.406309  0.132813
1   1.131037  0.995637  0.895872 -0.073024  0.948840  0.524741
2   0.858750  0.545870  0.902635  0.000947  0.625319 -0.178734
3   0.768938  0.672144  0.713048 -0.172480 -0.095274 -0.070818
4   1.560625  1.497140  1.470234  1.457109  1.457773  1.407494
5   1.185447  1.202104  1.043188  0.980002  1.258640  1.125365
6   0.873817  0.480881  0.620525  0.897392  0.276385  0.714473
7   1.052535  1.126089  1.133029  1.125262  1.150075  1.092174
8   0.828437  0.786251  0.905318  0.907943  0.928700  0.894905
9  -0.114816 -0.642625 -0.864023  0.028326  0.672632 -0.367072
10  0.332579 -0.984244 -0.805196  0.774695  0.358116 -0.801771
11 -0.920222  0.724798 -0.140493 -0.637320  0.369087 -0.092888
100            0         1         2         3         4         5
0  -0.989139 -0.145245 -0.012265  0.835224 -0.406309  0.132813
1   1.165501  1.132204  1.270325 -0.073024  1.233252  0.960530
2   1.050387  0.466107  0.673966  0.047507  0.676015 -0.178734
3   0.768938  0.672144  0.713048 -0.172480 -0.095274 -0.070818
4   1.718667  1.754347  1.771073  1.760487  1.725956  1.781337
5   1.123889  1.313306  1.238528  1.210607  1.295345  1.259441
6   0.873817  0.480881  0.620525  0.897392  0.276385  0.714473
7   1.374309  1.365803  1.369475  1.301290  1.363434  1.217557
8   1.009364  0.998262  0.970406  0.998486  1.054581  0.983221
9  -0.114816 -0.642625 -0.864023  0.028326  0.672632 -0.367072
10  0.332579 -0.984244 -0.805196  0.774695  0.358116 -0.801771
11 -0.920222  0.724798 -0.140493 -0.637320  0.369087 -0.092888
120            0         1         2         3         4         5
0  -0.989139 -0.145245 -0.012265  0.828595 -0.406309  0.132813
1   1.469981  1.184020  1.369805 -0.073024  1.419271  0.972416
2   1.195383  1.139175  1.124855  0.350958  1.342481 -0.178734
3   0.781438  0.628496  0.719887 -0.172480 -0.095274  0.014408
4   1.789480  1.809632  1.727152  1.805711  1.769089  1.768860
5   1.587927  1.609611  1.399109  1.558382  1.609837  1.408135
6   0.891999  0.624119  0.733905  0.897392  0.530694  0.752847
7   1.483699  1.467690  1.484842  1.485481  1.291606  1.339156
8   1.485704  1.484336  1.414428  1.339032  1.524221  1.467972
9  -0.114816 -0.642625 -0.864023  0.028326  0.672632 -0.367072
10  0.332579 -0.984244 -0.805196  0.774695  0.358116 -0.801771
11 -0.920222  0.724798 -0.140493 -0.637320  0.369087 -0.092888
140            0         1         2         3         4         5
0  -0.989139 -0.145245 -0.012265  0.828595 -0.406309  0.132813
1   1.454834  1.395468  1.403878 -0.073024  1.575324  1.172805
2   1.323043  1.016596  1.258923  0.665972  1.114352 -0.178734
3   0.781438  0.628496  0.719887 -0.172480 -0.095274  0.014408
4   2.069462  2.093384  2.072393  2.052062  2.052741  2.060490
5   1.715008  1.666385  1.724821  1.626771  1.638048  1.390687
6   0.895699  0.827929  0.827016  0.897392  0.782318  0.797101
7   1.764596  1.768944  1.593349  1.765762  1.770268  1.762574
8   1.542014  1.550594  1.549192  1.538598  1.483764  1.553964
9  -0.114816 -0.642625 -0.864023  0.028326  0.672632 -0.367072
10  0.332579 -0.984244 -0.805196  0.774695  0.358116 -0.801771
11 -0.920222  0.724798 -0.140493 -0.637320  0.369087 -0.092888
160            0         1         2         3         4         5
0  -0.989139 -0.145245 -0.012265  0.828595 -0.406309  0.132813
1   1.747628  1.672603  1.578208 -0.073024  1.636731  1.306540
2   1.323043  1.020008  1.258923  0.675613  1.329208 -0.178734
3   0.781438  0.628496  0.719887 -0.172480 -0.095274  0.014408
4   2.144318  2.150927  2.104013  2.143342  2.114141  2.134430
5   1.832962  1.666385  1.762382  1.626771  1.684011  1.390687
6   0.895699  0.827929  0.827016  0.897392  0.782318  0.797101
7   1.896478  1.793630  1.933433  1.706747  1.896766  1.934854
8   1.542014  1.550594  1.549192  1.538598  1.483764  1.553964
9  -0.114816 -0.642625 -0.864023  0.028326  0.672632 -0.367072
10  0.332579 -0.984244 -0.805196  0.774695  0.358116 -0.801771
11 -0.920222  0.724798 -0.140493 -0.637320  0.369087 -0.092888
180            0         1         2         3         4         5
0  -0.989139 -0.145245 -0.012265  0.828595 -0.168430  0.132813
1   1.673921  1.735089  1.783982 -0.073024  1.712432  1.387428
2   1.210984  1.170088  1.207879  0.790748  1.491772 -0.178734
3   0.692864  0.628496  0.719887 -0.172480 -0.095274  0.014408
4   2.055010  2.153050  2.131860  2.168374  2.134820  2.125480
5   1.842321  1.692978  1.808073  1.777305  1.830528  1.773005
6   0.895699  0.766112  0.859198  0.816457  0.813044  0.815987
7   1.830854  1.907869  1.766082  1.898885  1.930621  1.722738
8   1.540653  1.618721  1.439071  1.618248  1.549978  1.591929
9  -0.114816 -0.642625 -0.864023  0.028326  0.672632 -0.367072
10  0.332579 -0.984244 -0.805196  0.774695  0.358116 -0.801771
11 -0.920222  0.724798 -0.140493 -0.637320  0.369087 -0.092888
200            0         1         2         3         4         5
0  -0.989139 -0.145245 -0.012265  0.828595 -0.168430  0.132813
1   2.089719  1.607015  1.631533 -0.073024  1.896678  1.443315
2   1.509341  1.218657  1.415604  0.916747  1.787113 -0.178734
3   0.692864  0.628496  0.719887 -0.172480 -0.095274  0.014408
4   2.358497  2.357962  2.314507  2.333102  2.440943  2.253021
5   1.993239  1.676418  1.938293  1.897190  2.022693  1.909535
6   0.895699  0.778026  0.859198  0.824381  0.813044  0.823958
7   2.009035  2.007249  1.805472  1.833006  2.013338  2.013469
8   1.759620  1.730737  1.528255  1.752844  1.768625  1.675479
9  -0.114816 -0.642625 -0.864023  0.028326  0.672632 -0.367072
10  0.332579 -0.984244 -0.805196  0.774695  0.358116 -0.801771
11 -0.920222  0.724798 -0.140493 -0.637320  0.369087 -0.092888
220            0         1         2         3         4         5
0  -0.989139 -0.145245 -0.012265  0.828595 -0.168430  0.132813
1   2.066137  1.948020  1.898329 -0.073024  1.913249  1.581804
2   1.554968  1.410704  1.369218  0.967552  1.926958 -0.178734
3   0.692864  0.628496  0.719887 -0.172480 -0.095274  0.014408
4   2.465956  2.476777  2.490651  2.500584  2.511572  2.521597
5   2.165781  1.860029  1.934617  2.078206  2.131886  2.042405
6   0.895699  0.778026  0.859198  0.824381  0.813044  0.823958
7   2.195922  2.298080  2.059427  2.241967  2.293118  2.311522
8   1.637838  1.763506  1.541561  1.533012  1.768625  1.757300
9  -0.114816 -0.642625 -0.864023  0.028326  0.672632 -0.367072
10  0.332579 -0.984244 -0.805196  0.774695  0.358116 -0.801771
11 -0.920222  0.724798 -0.140493 -0.637320  0.369087 -0.092888
240            0         1         2         3         4         5
0  -0.989139 -0.145245 -0.012265  0.828595 -0.168430  0.132813
1   2.667022  2.386377  2.526936 -0.073024  2.760987  2.117378
2   2.295830  2.206602  2.279155  1.927696  2.554587 -0.178734
3   0.692864  0.628496  0.719887 -0.172480 -0.095274  0.014408
4   3.081294  3.136551  3.107587  3.120271  3.024624  3.131377
5   2.609257  2.821545  2.819725  2.656525  2.775590  2.669263
6   0.895699  0.778026  0.859198  0.824381  0.813044  0.823958
7   2.686453  2.426004  2.688016  2.689565  2.691619  2.684834
8   2.620225  2.627529  2.587766  2.342616  2.639309  2.630625
9  -0.114816 -0.642625 -0.864023  0.028326  0.672632 -0.367072
10  0.332579 -0.984244 -0.805196  0.774695  0.358116 -0.801771
11 -0.920222  0.724798 -0.140493 -0.637320  0.369087 -0.092888
260            0         1         2         3         4         5
0  -0.989139 -0.145245 -0.012265  0.828595 -0.168430  0.132813
1   3.539250  3.134088  3.256869 -0.073024  3.423119  2.850321
2   2.439218  2.060960  2.134053  1.981878  2.393404 -0.178734
3   0.692864  0.628496  0.719887 -0.172480 -0.095274  0.014408
4   3.842448  3.838430  3.826616  3.815813  3.799864  3.795661
5   2.737028  2.871597  2.698897  2.752535  2.850740  2.825622
6   0.895699  0.778026  0.859198  0.824381  0.813044  0.823958
7   3.537224  3.539662  3.540957  3.323919  3.189601  3.538455
8   2.784121  2.783732  2.784090  2.720556  2.782925  2.533655
9  -0.114816 -0.642625 -0.864023  0.028326  0.672632 -0.367072
10  0.332579 -0.984244 -0.805196  0.774695  0.358116 -0.801771
11 -0.920222  0.724798 -0.140493 -0.637320  0.369087 -0.092888
280            0         1         2         3         4         5
0  -0.989139 -0.048401  0.066099  0.822873 -0.168430  0.132813
1   3.828657  3.240632  3.250582 -0.073024  3.641263  3.122750
2   2.463613  2.127063  2.296090  2.030725  2.449401 -0.178734
3   0.730442  0.776554  0.699416 -0.172480 -0.095274  0.338435
4   3.999446  4.052471  3.987936  3.997478  4.044694  3.950469
5   2.661350  2.845526  2.682398  2.671576  2.942031  2.683762
6   0.895699  0.732242  0.871751  0.843709  0.835444  0.837589
7   3.469054  3.399226  3.298899  3.554638  3.683108  3.604520
8   2.696257  2.344233  2.849413  2.764544  2.814117  2.792683
9  -0.114816 -0.642625 -0.864023  0.028326  0.672632 -0.367072
10  0.332579 -0.984244 -0.805196  0.774695  0.358116 -0.801771
11 -0.920222  0.724798 -0.140493 -0.637320  0.369087 -0.092888
300            0         1         2         3         4         5
0  -0.989139 -0.048401  0.066099  0.836231 -0.168430  0.132813
1   3.713234  3.631067  3.648985 -0.073024  3.824466  3.278204
2   2.673625  2.647647  2.768963  2.129679  2.856418 -0.178734
3   0.892295  0.912926  0.671120 -0.172480 -0.095274  0.494122
4   4.174553  4.228309  4.177965  4.211094  4.222327  4.207108
5   3.039197  3.189989  3.232852  3.117004  3.148379  3.199735
6   0.895699  0.817518  0.881558  0.879384  0.856166  0.771816
7   3.860029  3.658364  3.873844  3.873738  3.670187  3.433096
8   2.610178  2.889922  2.716113  2.903784  2.915171  2.899638
9  -0.114816 -0.642625 -0.864023  0.028326  0.672632 -0.367072
10  0.332579 -0.984244 -0.805196  0.774695  0.358116 -0.801771
11 -0.920222  0.724798 -0.140493 -0.637320  0.369087 -0.092888
320            0         1         2         3         4         5
0  -0.989139 -0.048401  0.066099  0.836231 -0.168430  0.132813
1   3.721905  3.758357  3.572695 -0.073024  3.600464  3.437589
2   2.724570  2.821232  2.705620  2.240737  2.864073 -0.178734
3   0.892295  0.912926  0.671120 -0.172480 -0.095274  0.494122
4   4.278096  4.277328  4.304996  4.301187  4.292677  4.308529
5   3.285262  3.250320  3.095541  3.318361  3.346393  3.196689
6   0.935089  0.964067  0.991886  0.900759  0.902840  0.813629
7   4.046123  3.482143  4.065487  3.774699  4.087995  3.926838
8   3.091421  2.562354  3.033803  3.072287  3.058949  3.043088
9  -0.114816 -0.642625 -0.864023  0.028326  0.672632 -0.367072
10  0.332579 -0.984244 -0.805196  0.774695  0.358116 -0.801771
11 -0.920222  0.724798 -0.140493 -0.637320  0.369087 -0.092888
340            0         1         2         3         4         5
0  -0.989139 -0.048401  0.066099  1.028513 -0.010294  0.132813
1   3.836952  3.594992  3.582887 -0.073024  3.998082  3.526123
2   2.905119  2.784694  3.001144  2.725554  2.990892 -0.178734
3   0.817850  0.820822  0.799183 -0.172480 -0.095274  0.607618
4   4.261925  4.239052  4.263792  4.255446  4.242643  4.250179
5   3.440504  3.536244  3.417473  3.425214  3.500634  3.565386
6   0.964947  0.876271  0.991886  0.943458  0.944563  0.861937
7   4.069222  3.921215  4.065693  4.050930  3.635704  3.592613
8   3.461800  3.256773  3.461053  3.415652  3.111685  3.462543
9  -0.114816 -0.642625 -0.864023  0.028326  0.672632 -0.367072
10  0.332579 -0.984244 -0.805196  0.774695  0.358116 -0.801771
11 -0.920222  0.724798 -0.140493 -0.637320  0.369087 -0.092888
360            0         1         2         3         4         5
0  -0.989139 -0.048401  0.066099  1.028513 -0.010294  0.132813
1   4.164376  4.052036  4.055737 -0.073024  4.250568  3.852880
2   3.019018  2.971710  3.041587  2.717397  3.026693 -0.178734
3   1.198978  0.820822  1.025117 -0.172480 -0.095274  0.607618
4   4.785115  4.778108  4.725527  4.744177  4.745228  4.754744
5   3.511370  3.432647  3.445196  3.403471  3.498008  3.487663
6   0.977570  0.831255  0.991886  0.963290  0.957388  0.861937
7   4.084024  4.540707  4.533992  4.536729  4.539693  4.540337
8   3.618940  3.622530  3.622706  3.608940  3.245609  3.622055
9  -0.114816 -0.642625 -0.864023  0.028326  0.672632 -0.367072
10  0.332579 -0.984244 -0.805196  0.774695  0.358116 -0.801771
11 -0.920222  0.724798 -0.140493 -0.637320  0.369087 -0.092888
380            0         1         2         3         4         5
0  -0.989139 -0.048401  0.066099  1.028513 -0.010294  0.132813
1   4.708326  4.344912  4.680220 -0.073024  4.827014  4.403197
2   3.052731  2.971710  2.924429  2.696794  3.249924 -0.178734
3   1.198978  0.820822  1.025117 -0.172480 -0.095274  0.607618
4   5.148952  5.086770  5.217544  5.201221  5.195347  5.103771
5   3.550785  3.504976  3.562117  3.522198  3.472486  3.450390
6   0.977570  0.831255  0.991886  0.963290  0.957388  0.861937
7   4.562952  4.709006  4.815680  4.784962  4.802044  4.277691
8   3.660322  3.738555  3.319817  3.645972  3.445666  3.705701
9  -0.114816 -0.642625 -0.864023  0.028326  0.672632 -0.367072
10  0.332579 -0.984244 -0.805196  0.774695  0.358116 -0.801771
11 -0.920222  0.724798 -0.140493 -0.637320  0.369087 -0.092888
400            0         1         2         3         4         5
0  -0.989139 -0.048401  0.066099  1.028513 -0.010294  0.132813
1   4.393175  4.314785  4.329345 -0.073024  4.610237  3.909789
2   3.350460  3.334413  3.194372  2.898658  3.478638 -0.178734
3   1.198978  0.820822  0.977698 -0.172480 -0.095274  0.607618
4   5.034628  5.056750  5.049858  5.037137  4.944953  5.075612
5   4.087067  3.891307  3.837810  3.927167  3.855048  3.843990
6   0.987393  0.897035  0.991886  0.880388  0.969252  0.906626
7   4.681389  4.795800  4.849507  4.512330  4.342133  4.835686
8   3.795515  3.688453  3.789242  3.438608  3.733387  3.732491
9  -0.114816 -0.642625 -0.864023  0.028326  0.672632 -0.367072
10  0.332579 -0.984244 -0.805196  0.774695  0.358116 -0.801771
11 -0.920222  0.724798 -0.140493 -0.637320  0.369087 -0.092888
420            0         1         2         3         4         5
0  -0.989139 -0.048401  0.066099  1.028513 -0.010294  0.132813
1   4.977766  4.709525  4.763428 -0.073024  5.044245  4.585672
2   3.600836  3.325947  3.318326  3.049944  3.381454 -0.178734
3   1.198978  0.820822  0.977698 -0.172480 -0.095274  0.607618
4   5.386371  5.362784  5.398083  5.380670  5.370161  5.377495
5   4.098199  3.978090  3.915621  4.037348  3.974627  3.966494
6   0.987393  0.897035  0.991886  0.880388  0.969252  0.906626
7   5.126257  5.131961  4.609369  5.048285  4.859344  5.159743
8   3.822270  3.822062  3.784294  3.820533  3.477910  3.432783
9  -0.114816 -0.642625 -0.864023  0.028326  0.672632 -0.367072
10  0.332579 -0.984244 -0.805196  0.774695  0.358116 -0.801771
11 -0.920222  0.724798 -0.140493 -0.637320  0.369087 -0.092888
