20            0         1         2         3         4         5
0  -0.537794 -0.117488  0.155581  0.694027  0.694415  0.904785
1   0.085413  0.750158 -0.167823 -0.591932  0.403337  0.662294
2   0.192548 -0.492292 -0.035374  0.127544 -0.449540 -0.811113
3  -0.575826  0.355181 -0.903139 -0.284851  0.121989 -0.397340
4   0.852973 -0.047638  0.554063  0.853809  0.877936  0.608339
5  -0.025726  0.272598  0.339714  0.239932  0.415195  0.011474
6  -0.608483 -0.516343 -0.555445  0.602867 -0.747990  0.570460
7  -0.417660  0.780443  0.059222  0.202880  0.311810  0.257879
8   0.750714  0.654446  0.379660  0.827660  0.327618  0.176583
9   0.837573  0.101113 -0.060353 -0.333417 -0.088503  0.120987
10  0.483464  0.867902  0.130103 -0.584855 -0.849504  0.921563
11 -0.109952 -0.260939  0.215350 -0.731100 -0.248946 -0.662203
40            0         1         2         3         4         5
0  -0.537794 -0.117488  0.155581  0.694027  0.694415  0.904785
1   0.217285  0.557064  0.009676 -0.591932  0.518984  0.419798
2   0.162474 -0.439128 -0.034849  0.060360 -0.414004 -0.811113
3  -0.575826  0.355181 -0.903139 -0.284851  0.121989 -0.397340
4   0.915073 -0.047638  0.839952  0.894824  0.917123  0.839530
5  -0.025726  0.329444  0.406770  0.297931  0.449839  0.056710
6  -0.608483 -0.516343 -0.555445  0.602867 -0.747990  0.570460
7  -0.417660  0.760763  0.682001  0.679403  0.717370  0.696532
8   0.779187  0.716768  0.529178  0.803077  0.457879  0.304317
9   0.837573  0.101113 -0.060353 -0.333417 -0.088503  0.120987
10  0.483464  0.867902  0.130103 -0.584855 -0.849504  0.921563
11 -0.109952 -0.260939  0.215350 -0.731100 -0.248946 -0.662203
60            0         1         2         3         4         5
0  -0.537794 -0.117488  0.155581  0.690639  0.694415  0.904785
1   0.311911  0.521723  0.131303 -0.591932  0.497415  0.347891
2   0.150546 -0.429280 -0.026039  0.027001 -0.397859 -0.811113
3  -0.575826  0.347658 -0.903139 -0.267289  0.141297 -0.382514
4   0.921838 -0.047638  0.893835  0.907873  0.917077  0.877310
5  -0.025726  0.344994  0.413330  0.306826  0.456352  0.072396
6  -0.608483 -0.494071 -0.532395  0.596838 -0.747990  0.566888
7  -0.417660  0.750646  0.711117  0.723604  0.724095  0.721860
8   0.775929  0.714600  0.542602  0.803077  0.468131  0.306292
9   0.837573  0.101113 -0.060353 -0.333417 -0.088503  0.120987
10  0.483464  0.867902  0.130103 -0.584855 -0.849504  0.921563
11 -0.109952 -0.260939  0.215350 -0.731100 -0.248946 -0.662203
80            0         1         2         3         4         5
0  -0.537794 -0.117488  0.155581  0.690639  0.694415  0.904785
1   0.392448  0.500412  0.224455 -0.591932  0.530171  0.260245
2   0.136248 -0.380727  0.015923 -0.055319 -0.281929 -0.811113
3  -0.575826  0.339715 -0.903139 -0.261140  0.141297 -0.382514
4   0.896288 -0.047638  0.887340  0.899055  0.907423  0.877492
5  -0.025726  0.405275  0.440069  0.387250  0.484919  0.157005
6  -0.608483 -0.494071 -0.532395  0.596838 -0.747990  0.566888
7  -0.417660  0.728161  0.705681  0.707629  0.717357  0.706309
8   0.756084  0.737981  0.599588  0.787096  0.521118  0.436259
9   0.837573  0.101113 -0.060353 -0.333417 -0.088503  0.120987
10  0.483464  0.867902  0.130103 -0.584855 -0.849504  0.921563
11 -0.109952 -0.260939  0.215350 -0.731100 -0.248946 -0.662203
100            0         1         2         3         4         5
0  -0.537794 -0.117488  0.155581  0.690639  0.694415  0.899134
1   0.450709  0.496669  0.301943 -0.591932  0.554577  0.225186
2   0.141261 -0.372388  0.042618 -0.088130 -0.249815 -0.811113
3  -0.575826  0.339715 -0.903139 -0.261140  0.141574 -0.382514
4   0.912747 -0.047638  0.891509  0.897788  0.909216  0.887168
5  -0.025726  0.436246  0.437618  0.405007  0.475115  0.240113
6  -0.608483 -0.494071 -0.532395  0.596838 -0.747990  0.566888
7  -0.417660  0.708134  0.694856  0.697232  0.721909  0.705267
8   0.731866  0.746645  0.659112  0.787096  0.575890  0.530177
9   0.837573  0.101113 -0.060353 -0.333417 -0.088503  0.120987
10  0.483464  0.867902  0.130103 -0.584855 -0.849504  0.921563
11 -0.109952 -0.260939  0.215350 -0.731100 -0.248946 -0.662203
120            0         1         2         3         4         5
0  -0.537794 -0.117488  0.155581  0.687130  0.694521  0.899134
1   0.475195  0.474785  0.307159 -0.591932  0.583433  0.209136
2   0.149096 -0.316277  0.017775 -0.148006 -0.139273 -0.811113
3  -0.575826  0.339715 -0.903139 -0.261140  0.141574 -0.369698
4   0.895448 -0.047638  0.898661  0.888218  0.910935  0.890156
5  -0.025726  0.449784  0.436870  0.417682  0.490110  0.389579
6  -0.596430 -0.494071 -0.509923  0.596838 -0.747990  0.564055
7  -0.417660  0.715424  0.683071  0.681962  0.724636  0.705183
8   0.732822  0.743000  0.717943  0.779225  0.648051  0.640054
9   0.837573  0.101113 -0.060353 -0.333417 -0.088503  0.120987
10  0.483464  0.867902  0.130103 -0.584855 -0.849504  0.921563
11 -0.109952 -0.260939  0.215350 -0.731100 -0.248946 -0.662203
140            0         1         2         3         4         5
0  -0.537794 -0.112916  0.155581  0.683655  0.694521  0.893540
1   0.506249  0.493182  0.278954 -0.591932  0.598899  0.156025
2   0.161508 -0.276114  0.027833 -0.173477 -0.045516 -0.811113
3  -0.575826  0.339715 -0.903139 -0.220321  0.161098 -0.356056
4   0.912397 -0.047638  0.887390  0.897144  0.911846  0.894799
5  -0.025726  0.450109  0.470317  0.450597  0.494241  0.431300
6  -0.572684 -0.494071 -0.455681  0.596838 -0.747990  0.559296
7  -0.417660  0.715033  0.701055  0.695333  0.740713  0.714073
8   0.739540  0.748400  0.738270  0.748521  0.682671  0.700646
9   0.837573  0.101113 -0.060353 -0.333417 -0.088503  0.120987
10  0.483464  0.867902  0.130103 -0.584855 -0.849504  0.921563
11 -0.109952 -0.260939  0.215350 -0.731100 -0.248946 -0.662203
160            0         1         2         3         4         5
0  -0.537794 -0.112916  0.155581  0.683655  0.694521  0.893540
1   0.638008  0.506738  0.301272 -0.591932  0.603844  0.139498
2   0.158753 -0.276114  0.051698 -0.166281 -0.043965 -0.811113
3  -0.575826  0.339715 -0.903139 -0.220321  0.161098 -0.356056
4   0.937379 -0.047638  0.920904  0.912935  0.935380  0.908711
5  -0.025726  0.450109  0.474738  0.450597  0.501441  0.436312
6  -0.572684 -0.494071 -0.455681  0.596838 -0.747990  0.559296
7  -0.417660  0.719530  0.732626  0.724026  0.742234  0.724070
8   0.739540  0.748400  0.738270  0.748521  0.682671  0.700646
9   0.837573  0.101113 -0.060353 -0.333417 -0.088503  0.120987
10  0.483464  0.867902  0.130103 -0.584855 -0.849504  0.921563
11 -0.109952 -0.260939  0.215350 -0.731100 -0.248946 -0.662203
180            0         1         2         3         4         5
0  -0.537794 -0.112916  0.155581  0.683655  0.694521  0.893540
1   0.618842  0.510004  0.332913 -0.591932  0.658839  0.144193
2   0.158398 -0.236641  0.011705 -0.213687 -0.027073 -0.811113
3  -0.575826  0.339715 -0.903139 -0.220321  0.161098 -0.356056
4   0.940966 -0.047638  0.915008  0.916477  0.947627  0.902138
5  -0.025726  0.458724  0.478922  0.467267  0.492930  0.440039
6  -0.560989 -0.494071 -0.440704  0.596838 -0.747990  0.560043
7  -0.417660  0.715317  0.733076  0.726154  0.723834  0.707002
8   0.720965  0.729715  0.713138  0.720718  0.682327  0.716706
9   0.837573  0.101113 -0.060353 -0.333417 -0.088503  0.120987
10  0.483464  0.867902  0.130103 -0.584855 -0.849504  0.921563
11 -0.109952 -0.260939  0.215350 -0.731100 -0.248946 -0.662203
200            0         1         2         3         4         5
0  -0.537794 -0.112916  0.155581  0.683655  0.694521  0.893540
1   0.676310  0.501416  0.309264 -0.591932  0.646981  0.129662
2   0.132298 -0.226971  0.008754 -0.220452  0.021997 -0.811113
3  -0.575826  0.339715 -0.903139 -0.220321  0.161098 -0.356056
4   0.960731 -0.047638  0.935875  0.931881  0.972562  0.917684
5  -0.025726  0.468393  0.471123  0.455548  0.498427  0.430277
6  -0.560989 -0.494071 -0.430417  0.588021 -0.747990  0.551595
7  -0.417660  0.702254  0.692491  0.712373  0.722234  0.711024
8   0.710621  0.715193  0.703311  0.711966  0.683440  0.714593
9   0.837573  0.101113 -0.060353 -0.333417 -0.088503  0.120987
10  0.483464  0.867902  0.130103 -0.584855 -0.849504  0.921563
11 -0.109952 -0.260939  0.215350 -0.731100 -0.248946 -0.662203
220            0         1         2         3         4         5
0  -0.537794 -0.112916  0.155581  0.683655  0.694521  0.893540
1   0.666795  0.515768  0.334655 -0.591932  0.651804  0.114635
2   0.122021 -0.210956  0.022707 -0.229288  0.027421 -0.811113
3  -0.575826  0.339715 -0.903139 -0.220321  0.161098 -0.356056
4   0.977825 -0.047638  0.952534  0.948464  0.965200  0.939684
5  -0.025726  0.478618  0.468946  0.464197  0.511404  0.432540
6  -0.560989 -0.494071 -0.430417  0.588021 -0.747990  0.551595
7  -0.417660  0.689704  0.703868  0.687301  0.706649  0.694494
8   0.706771  0.708165  0.704336  0.712198  0.679468  0.707600
9   0.837573  0.101113 -0.060353 -0.333417 -0.088503  0.120987
10  0.483464  0.867902  0.130103 -0.584855 -0.849504  0.921563
11 -0.109952 -0.260939  0.215350 -0.731100 -0.248946 -0.662203
240            0         1         2         3         4         5
0  -0.537794 -0.112916  0.155581  0.683655  0.694521  0.893540
1   0.711110  0.541839  0.414329 -0.591932  0.731499  0.116731
2   0.179923 -0.209580  0.053198 -0.271928  0.058191 -0.811113
3  -0.575826  0.339715 -0.903139 -0.220321  0.161098 -0.356056
4   0.992025 -0.047638  0.970991  0.955264  0.976878  0.955729
5  -0.025726  0.475854  0.468111  0.461345  0.525143  0.431431
6  -0.560989 -0.494071 -0.430417  0.588021 -0.747990  0.551595
7  -0.417660  0.697171  0.690859  0.686975  0.721500  0.698170
8   0.681141  0.696089  0.701244  0.705076  0.676296  0.698142
9   0.837573  0.101113 -0.060353 -0.333417 -0.088503  0.120987
10  0.483464  0.867902  0.130103 -0.584855 -0.849504  0.921563
11 -0.109952 -0.260939  0.215350 -0.731100 -0.248946 -0.662203
260            0         1         2         3         4         5
0  -0.537794 -0.112916  0.155581  0.683655  0.694521  0.893540
1   0.759396  0.612354  0.409536 -0.591932  0.764129  0.146418
2   0.173320 -0.201555  0.019321 -0.280695  0.074459 -0.811113
3  -0.575826  0.339715 -0.903139 -0.220321  0.161098 -0.356056
4   1.026546 -0.047638  1.004777  0.990662  1.001379  0.978135
5  -0.025726  0.472070  0.481333  0.483116  0.544243  0.468497
6  -0.560989 -0.494071 -0.430417  0.588021 -0.747990  0.551595
7  -0.417660  0.731802  0.733102  0.703760  0.757799  0.712195
8   0.665977  0.694400  0.697389  0.693304  0.673717  0.692276
9   0.837573  0.101113 -0.060353 -0.333417 -0.088503  0.120987
10  0.483464  0.867902  0.130103 -0.584855 -0.849504  0.921563
11 -0.109952 -0.260939  0.215350 -0.731100 -0.248946 -0.662203
280            0         1         2         3         4         5
0  -0.537794 -0.112916  0.157248  0.683655  0.694521  0.887770
1   0.798915  0.630477  0.413829 -0.591932  0.743624  0.137013
2   0.163524 -0.193045  0.013436 -0.284472  0.069219 -0.811113
3  -0.566845  0.322263 -0.903139 -0.178551  0.160054 -0.317122
4   1.016291 -0.047638  1.012787  1.001963  1.014827  0.997170
5  -0.025726  0.487318  0.490698  0.489634  0.551589  0.455164
6  -0.538151 -0.494071 -0.400282  0.579403 -0.747990  0.544762
7  -0.417660  0.729173  0.720703  0.711798  0.740088  0.710746
8   0.664704  0.668350  0.687129  0.674339  0.677780  0.692429
9   0.837573  0.101113 -0.060353 -0.333417 -0.088503  0.120987
10  0.483464  0.867902  0.130103 -0.584855 -0.849504  0.921563
11 -0.109952 -0.260939  0.215350 -0.731100 -0.248946 -0.662203
300            0         1         2         3         4         5
0  -0.537794 -0.112916  0.157248  0.683655  0.694521  0.887770
1   0.771128  0.599957  0.460430 -0.591932  0.730495  0.158353
2   0.173040 -0.174203  0.102935 -0.290692  0.108122 -0.811113
3  -0.566845  0.322263 -0.903139 -0.180971  0.168396 -0.310728
4   1.034462 -0.047638  1.010301  1.004464  1.035532  1.000719
5  -0.025726  0.529248  0.510644  0.520501  0.552041  0.490945
6  -0.538151 -0.483336 -0.400282  0.579403 -0.747990  0.541964
7  -0.417660  0.715153  0.730342  0.723685  0.742693  0.710730
8   0.665694  0.667510  0.682242  0.671045  0.677867  0.685505
9   0.837573  0.101113 -0.060353 -0.333417 -0.088503  0.120987
10  0.483464  0.867902  0.130103 -0.584855 -0.849504  0.921563
11 -0.109952 -0.260939  0.215350 -0.731100 -0.248946 -0.662203
320            0         1         2         3         4         5
0  -0.537794 -0.112916  0.157248  0.683655  0.694521  0.887770
1   0.785661  0.562713  0.487237 -0.591932  0.761291  0.179001
2   0.190635 -0.192524  0.096890 -0.287056  0.107115 -0.811113
3  -0.566845  0.322263 -0.903139 -0.180971  0.168396 -0.310728
4   1.036047 -0.047638  1.025539  1.011874  1.034933  1.009087
5  -0.025726  0.554945  0.513811  0.525363  0.543847  0.484777
6  -0.538151 -0.483336 -0.400282  0.579403 -0.747990  0.541964
7  -0.417660  0.718518  0.715052  0.720242  0.736699  0.701707
8   0.664981  0.659497  0.680298  0.669142  0.669844  0.685505
9   0.837573  0.101113 -0.060353 -0.333417 -0.088503  0.120987
10  0.483464  0.867902  0.130103 -0.584855 -0.849504  0.921563
11 -0.109952 -0.260939  0.215350 -0.731100 -0.248946 -0.662203
340            0         1         2         3         4         5
0  -0.537794 -0.108564  0.157248  0.683655  0.690799  0.887770
1   0.766563  0.572944  0.508448 -0.591932  0.763015  0.188578
2   0.213901 -0.198691  0.099205 -0.280914  0.212838 -0.811113
3  -0.545851  0.314835 -0.903139 -0.166025  0.201435 -0.304398
4   1.023710 -0.047638  1.021997  1.015240  1.036132  1.013697
5  -0.025726  0.525891  0.522202  0.522751  0.538272  0.464631
6  -0.526976 -0.472709 -0.400282  0.579403 -0.747990  0.538063
7  -0.417660  0.716219  0.722471  0.701558  0.732699  0.695441
8   0.657233  0.662040  0.666818  0.654879  0.657149  0.685505
9   0.837573  0.101113 -0.060353 -0.333417 -0.088503  0.120987
10  0.483464  0.867902  0.130103 -0.584855 -0.849504  0.921563
11 -0.109952 -0.260939  0.215350 -0.731100 -0.248946 -0.662203
360            0         1         2         3         4         5
0  -0.537794 -0.108564  0.157248  0.683655  0.690799  0.887770
1   0.780281  0.540111  0.573264 -0.591932  0.776768  0.191985
2   0.240056 -0.186729  0.090550 -0.288701  0.263711 -0.811113
3  -0.545851  0.314835 -0.903139 -0.166025  0.201435 -0.304398
4   1.041379 -0.047638  1.043298  1.041938  1.074139  1.028119
5  -0.025726  0.520013  0.518296  0.493710  0.547440  0.483812
6  -0.526976 -0.472709 -0.400282  0.579403 -0.747990  0.538063
7  -0.417660  0.723416  0.724937  0.723165  0.745920  0.725541
8   0.660040  0.674756  0.672356  0.664536  0.637835  0.678650
9   0.837573  0.101113 -0.060353 -0.333417 -0.088503  0.120987
10  0.483464  0.867902  0.130103 -0.584855 -0.849504  0.921563
11 -0.109952 -0.260939  0.215350 -0.731100 -0.248946 -0.662203
380            0         1         2         3         4         5
0  -0.537794 -0.108564  0.157248  0.683655  0.690799  0.887770
1   0.801552  0.545661  0.565086 -0.591932  0.793611  0.193750
2   0.240056 -0.169155  0.090550 -0.290339  0.263711 -0.811113
3  -0.545851  0.314835 -0.903139 -0.166025  0.201435 -0.304398
4   1.054563 -0.047638  1.067278  1.068328  1.092568  1.039653
5  -0.025726  0.520666  0.518296  0.503882  0.552851  0.485810
6  -0.526976 -0.472709 -0.400282  0.579403 -0.747990  0.538063
7  -0.417660  0.734827  0.740479  0.734164  0.742237  0.724481
8   0.660040  0.674756  0.672356  0.664536  0.637835  0.678650
9   0.837573  0.101113 -0.060353 -0.333417 -0.088503  0.120987
10  0.483464  0.867902  0.130103 -0.584855 -0.849504  0.921563
11 -0.109952 -0.260939  0.215350 -0.731100 -0.248946 -0.662203
400            0         1         2         3         4         5
0  -0.537794 -0.108564  0.157248  0.683655  0.690799  0.882108
1   0.823131  0.545822  0.556767 -0.591932  0.784713  0.212144
2   0.228925 -0.114845  0.082953 -0.292188  0.261216 -0.811113
3  -0.545851  0.315133 -0.903139 -0.151533  0.208022 -0.298129
4   1.064146 -0.047638  1.056544  1.065943  1.086272  1.034291
5  -0.025726  0.512436  0.499870  0.493589  0.539959  0.492161
6  -0.526976 -0.472709 -0.380786  0.573609 -0.747990  0.540424
7  -0.417660  0.709006  0.740497  0.726308  0.732387  0.719606
8   0.649075  0.654287  0.656041  0.666331  0.634365  0.665357
9   0.837573  0.101113 -0.060353 -0.333417 -0.088503  0.120987
10  0.483464  0.867902  0.130103 -0.584855 -0.849504  0.921563
11 -0.109952 -0.260939  0.215350 -0.731100 -0.248946 -0.662203
420            0         1         2         3         4         5
0  -0.537794 -0.108564  0.157248  0.683655  0.690799  0.882108
1   0.852745  0.603412  0.575980 -0.591932  0.721203  0.231196
2   0.235509 -0.092506  0.079785 -0.299042  0.262779 -0.811113
3  -0.545851  0.315133 -0.903139 -0.151533  0.208022 -0.298129
4   1.084104 -0.047638  1.069573  1.068253  1.094649  1.065648
5  -0.025726  0.512810  0.478482  0.472018  0.552276  0.504623
6  -0.526976 -0.472709 -0.380786  0.573609 -0.747990  0.540424
7  -0.417660  0.721945  0.746669  0.729204  0.754077  0.729135
8   0.637051  0.658198  0.646790  0.667197  0.642190  0.665636
9   0.837573  0.101113 -0.060353 -0.333417 -0.088503  0.120987
10  0.483464  0.867902  0.130103 -0.584855 -0.849504  0.921563
11 -0.109952 -0.260939  0.215350 -0.731100 -0.248946 -0.662203
