20            0         1         2         3         4         5
0   0.548101  0.401896  0.458286 -0.520132  0.378077 -0.618554
1   0.367320  0.248009  0.100918 -0.390676  0.215411 -0.132159
2  -0.045979 -0.055144  0.059024 -0.591164  0.154499 -0.257284
3   0.161080 -0.565752 -0.400429 -0.384209 -0.470533  0.250941
4   0.476872  0.500258  0.512904  0.452522  0.471259  0.483207
5   0.333040  0.244208  0.312546  0.140806  0.189120  0.293525
6  -0.451474 -0.342429  0.799253  0.255759 -0.275095 -0.435058
7   0.482421  0.446890  0.421019  0.437901  0.392345  0.440984
8   0.185335  0.201035  0.188108  0.186563  0.204221  0.202025
9   0.643394  0.611641 -0.747095 -0.806911 -0.160150 -0.151743
10 -0.302981  0.572053 -0.508141 -0.444518 -0.128679  0.143945
11 -0.285382 -0.276600  0.742320  0.796914 -0.801778 -0.082559
40            0         1         2         3         4         5
0   0.548101  0.401896  0.458286 -0.520132  0.378077 -0.618554
1  -0.135285 -0.395355 -0.450579 -0.486909 -0.190695 -0.443242
2  -0.251223 -0.174095 -0.161566 -0.591164  0.299276 -0.399583
3   0.161080 -0.565752 -0.400429 -0.384209 -0.470533  0.250941
4   0.149053  0.158815  0.163285  0.146609  0.166567  0.152212
5   0.229742  0.262878  0.092943  0.158149  0.425402  0.311357
6  -0.451474 -0.342429  0.799253  0.255759 -0.275095 -0.435058
7   0.050564  0.044435  0.045191  0.046513  0.039451  0.045713
8   0.148745  0.139740  0.148217  0.148637  0.148329  0.141135
9   0.643394  0.611641 -0.747095 -0.806911 -0.160150 -0.151743
10 -0.302981  0.572053 -0.508141 -0.444518 -0.128679  0.143945
11 -0.285382 -0.276600  0.742320  0.796914 -0.801778 -0.082559
60            0         1         2         3         4         5
0   0.557139  0.401896  0.432532 -0.454672  0.378077 -0.618554
1  -0.499911 -0.569420 -0.581504 -0.578145 -0.368712 -0.580262
2  -0.278067 -0.301895 -0.035486 -0.591164  0.132519 -0.463955
3   0.161226 -0.565752 -0.244784 -0.384209 -0.215862  0.103820
4   0.130734  0.118268  0.117753  0.111001  0.154465  0.126171
5   0.229616  0.290380  0.106619  0.149621  0.332736  0.283165
6  -0.451474 -0.250458  0.563793  0.346545  0.013928 -0.099678
7  -0.071113  0.027400  0.027469  0.028446 -0.038821 -0.008280
8   0.205192  0.148457  0.153872  0.155408  0.125323  0.138869
9   0.643394  0.611641 -0.747095 -0.806911 -0.160150 -0.151743
10 -0.302981  0.572053 -0.508141 -0.444518 -0.128679  0.143945
11 -0.285382 -0.276600  0.742320  0.796914 -0.801778 -0.082559
80            0         1         2         3         4         5
0   0.514323  0.401896  0.432532 -0.454672  0.378077 -0.618554
1   0.086583 -0.590162 -0.581504 -0.599634 -0.182154 -0.601211
2   0.261196 -0.404913 -0.068129 -0.591164  0.262771 -0.514506
3   0.118779 -0.565752 -0.129208 -0.332890 -0.001408  0.108600
4   0.232712  0.221792  0.189765  0.183991  0.277991  0.175574
5   0.366669  0.220580  0.356019  0.167570  0.372668  0.287212
6  -0.451474  0.029801  0.530638  0.369155  0.092718  0.134995
7  -0.071113 -0.059882  0.011576  0.011164 -0.004299  0.009892
8   0.095375  0.108903  0.099662  0.111604  0.171333  0.109767
9   0.643394  0.611641 -0.747095 -0.806911 -0.160150 -0.151743
10 -0.302981  0.572053 -0.508141 -0.444518 -0.128679  0.143945
11 -0.285382 -0.276600  0.742320  0.796914 -0.801778 -0.082559
100            0         1         2         3         4         5
0   0.514323  0.401896  0.432532 -0.454672  0.378077 -0.618554
1  -0.419421 -0.388800 -0.600192 -0.599634 -0.462786 -0.601211
2  -0.046028 -0.397901 -0.061681 -0.591164  0.298437 -0.514506
3   0.118779 -0.565752 -0.129208 -0.332890 -0.001408  0.108600
4   0.114481  0.081123  0.087542  0.091044  0.083257  0.077875
5   0.210117  0.236194  0.125450  0.058731  0.265129  0.135242
6  -0.451474  0.029801  0.499432  0.376478  0.012101  0.146788
7  -0.071113  0.020129  0.018165  0.016695 -0.009348  0.016207
8   0.159057  0.142571  0.124480  0.137026  0.155922  0.136741
9   0.643394  0.611641 -0.747095 -0.806911 -0.160150 -0.151743
10 -0.302981  0.572053 -0.508141 -0.444518 -0.128679  0.143945
11 -0.285382 -0.276600  0.742320  0.796914 -0.801778 -0.082559
120            0         1         2         3         4         5
0   0.514323  0.371209  0.432532 -0.454672  0.277682 -0.618554
1   0.213174 -0.273484 -0.600192 -0.599634 -0.041877 -0.601211
2  -0.213640 -0.322071 -0.357829 -0.591164 -0.153340 -0.501278
3   0.118779 -0.565752 -0.062584 -0.332890  0.008235  0.108600
4   0.106371  0.089065  0.136673  0.098359  0.105820  0.108014
5   0.008180 -0.060156  0.002199  0.124337  0.119636  0.044926
6  -0.451474  0.152669  0.470061  0.381637  0.113445  0.068247
7  -0.071113  0.006390 -0.055572  0.006839  0.008478  0.007423
8   0.073590  0.093854  0.081839  0.085423  0.098546  0.085961
9   0.643394  0.611641 -0.747095 -0.806911 -0.160150 -0.151743
10 -0.302981  0.572053 -0.508141 -0.444518 -0.128679  0.143945
11 -0.285382 -0.276600  0.742320  0.796914 -0.801778 -0.082559
140            0         1         2         3         4         5
0   0.514323  0.371209  0.432532 -0.454672  0.277682 -0.618554
1  -0.317271 -0.498989 -0.600192 -0.599634 -0.148830 -0.601211
2  -0.313635 -0.481020 -0.221028 -0.591164  0.030234 -0.544072
3   0.118779 -0.565752 -0.062584 -0.332890  0.008235  0.108600
4   0.186332  0.207214  0.090928  0.179790  0.153958  0.155113
5   0.089857 -0.007431  0.056524 -0.123045  0.108189  0.060606
6  -0.451474  0.193682  0.322575  0.377310  0.113445  0.099028
7  -0.071113  0.054958  0.013267  0.054440  0.059500  0.052234
8   0.078194  0.081875  0.128555  0.086247  0.083018  0.084143
9   0.643394  0.611641 -0.747095 -0.806911 -0.160150 -0.151743
10 -0.302981  0.572053 -0.508141 -0.444518 -0.128679  0.143945
11 -0.285382 -0.276600  0.742320  0.796914 -0.801778 -0.082559
160            0         1         2         3         4         5
0   0.514323  0.371209  0.432532 -0.454672  0.277682 -0.618554
1  -0.330654 -0.405537 -0.600192 -0.599634 -0.165077 -0.601211
2  -0.277101 -0.481020 -0.091861 -0.591164  0.033946 -0.544072
3   0.118779 -0.565752 -0.062584 -0.332890  0.008235  0.108600
4   0.102993  0.114993  0.102825  0.128627  0.111878  0.121913
5   0.155293  0.001967  0.119492 -0.123045  0.118317  0.066969
6  -0.451474  0.193682  0.322575  0.377310  0.113445  0.099028
7  -0.071113  0.023503  0.032106  0.038453  0.038465  0.038405
8   0.087448  0.095065  0.143387  0.098984  0.086100  0.097034
9   0.643394  0.611641 -0.747095 -0.806911 -0.160150 -0.151743
10 -0.302981  0.572053 -0.508141 -0.444518 -0.128679  0.143945
11 -0.285382 -0.276600  0.742320  0.796914 -0.801778 -0.082559
180            0         1         2         3         4         5
0   0.514323  0.343590  0.455496 -0.454672  0.277682 -0.618554
1   0.064866 -0.301907 -0.600192 -0.599634 -0.041885 -0.601211
2  -0.476235 -0.598743 -0.602370 -0.617012 -0.368480 -0.595348
3   0.111794 -0.565752 -0.062584 -0.332890 -0.048206  0.102773
4   0.133500  0.135248  0.107074  0.102211  0.140144  0.114175
5  -0.064292 -0.030956 -0.137705 -0.042800 -0.202525  0.001054
6  -0.451474  0.214233  0.315447  0.369764  0.102100  0.137564
7  -0.071113  0.046042  0.028019  0.029728  0.032263  0.025425
8   0.000519  0.042284  0.046966  0.036273  0.041099  0.045479
9   0.643394  0.611641 -0.747095 -0.806911 -0.160150 -0.151743
10 -0.302981  0.572053 -0.508141 -0.444518 -0.128679  0.143945
11 -0.285382 -0.276600  0.742320  0.796914 -0.801778 -0.082559
200            0         1         2         3         4         5
0   0.514323  0.343590  0.433175 -0.454672  0.277682 -0.618554
1   0.276526 -0.437179 -0.600192 -0.599634  0.075623 -0.601211
2  -0.278712 -0.650191 -0.273053 -0.598338 -0.409910 -0.636452
3   0.123843 -0.565752 -0.062584 -0.289694 -0.079506  0.100122
4   0.297459  0.252340  0.418751  0.248208  0.360244  0.228642
5  -0.130199 -0.200633 -0.018098 -0.217738 -0.202525 -0.131823
6  -0.451474  0.214233  0.339334  0.355121  0.120300  0.152217
7  -0.071113  0.075101  0.060590  0.079119  0.053513  0.082457
8   0.031355  0.007630  0.019877  0.023229 -0.010805  0.022000
9   0.643394  0.611641 -0.747095 -0.806911 -0.160150 -0.151743
10 -0.302981  0.572053 -0.508141 -0.444518 -0.128679  0.143945
11 -0.285382 -0.276600  0.742320  0.796914 -0.801778 -0.082559
220            0         1         2         3         4         5
0   0.514323  0.343590  0.433175 -0.454672  0.277682 -0.618554
1  -0.307409 -0.518210 -0.600192 -0.599634 -0.039673 -0.601211
2  -0.264180 -0.650191 -0.232218 -0.598338 -0.288551 -0.674669
3   0.123843 -0.565752 -0.062584 -0.289694 -0.079506  0.100122
4   0.153684  0.132657  0.157861  0.128413  0.159832  0.150425
5  -0.065056 -0.200633 -0.007360 -0.217738 -0.202525 -0.216132
6  -0.451474  0.214233  0.339334  0.355121  0.120300  0.152217
7  -0.071113  0.033057 -0.004798  0.026496  0.016798  0.031904
8   0.028992  0.013223  0.020848  0.023788 -0.010805  0.021808
9   0.643394  0.611641 -0.747095 -0.806911 -0.160150 -0.151743
10 -0.302981  0.572053 -0.508141 -0.444518 -0.128679  0.143945
11 -0.285382 -0.276600  0.742320  0.796914 -0.801778 -0.082559
240            0         1         2         3         4         5
0   0.514323  0.343590  0.433175 -0.454672  0.277682 -0.618554
1  -0.336839 -0.240040 -0.600192 -0.613252 -0.072844 -0.621107
2  -0.263721 -0.675120 -0.010818 -0.673286  0.478618 -0.674669
3   0.123843 -0.565752 -0.062584 -0.289694 -0.079506  0.100122
4   0.188973  0.204759  0.185307  0.194633  0.212761  0.183722
5   0.152846 -0.012817  0.223450 -0.217738  0.158112 -0.216132
6  -0.451474  0.221220  0.294573  0.341059  0.151422  0.152217
7  -0.071113  0.063609  0.050156  0.064888  0.061495  0.047150
8   0.083818  0.055424  0.048882  0.048619 -0.010805  0.061268
9   0.643394  0.611641 -0.747095 -0.806911 -0.160150 -0.151743
10 -0.302981  0.572053 -0.508141 -0.444518 -0.128679  0.143945
11 -0.285382 -0.276600  0.742320  0.796914 -0.801778 -0.082559
260            0         1         2         3         4         5
0   0.514323  0.343590  0.433175 -0.454672  0.277682 -0.618554
1   0.272104  0.031776 -0.274041 -0.613252 -0.038353 -0.621107
2  -0.153330 -0.675120 -0.355974 -0.673286 -0.131723 -0.674669
3   0.038744 -0.565752 -0.062584 -0.289694 -0.061647  0.100017
4   0.368737  0.330863  0.399413  0.389190  0.510580  0.362492
5   0.170014 -0.013847  0.056832 -0.217738  0.124287 -0.216132
6  -0.451474  0.226383  0.294573  0.341059  0.151422  0.041076
7  -0.071113  0.111604  0.106097  0.107683  0.132687  0.089427
8   0.040576  0.041788  0.040011  0.036522 -0.010805  0.042645
9   0.643394  0.611641 -0.747095 -0.806911 -0.160150 -0.151743
10 -0.302981  0.572053 -0.508141 -0.444518 -0.128679  0.143945
11 -0.285382 -0.276600  0.742320  0.796914 -0.801778 -0.082559
280            0         1         2         3         4         5
0   0.514323  0.294285  0.399436 -0.454672  0.277682 -0.618554
1   0.079473 -0.170490  0.072512 -0.613252 -0.093819 -0.621107
2  -0.235714 -0.675120 -0.469782 -0.673286  0.037879 -0.674669
3   0.112689 -0.565752 -0.094590 -0.074501  0.009942  0.090837
4   0.229664  0.254220  0.246132  0.236866  0.277856  0.241824
5   0.065502 -0.009052 -0.090819 -0.217738  0.121817 -0.216132
6  -0.451474  0.203744  0.286644  0.321075  0.163570  0.083519
7  -0.071113  0.084906  0.092619  0.089709  0.100137  0.096867
8   0.031272  0.033833  0.031078  0.030308 -0.010805  0.030883
9   0.643394  0.611641 -0.747095 -0.806911 -0.160150 -0.151743
10 -0.302981  0.572053 -0.508141 -0.444518 -0.128679  0.143945
11 -0.285382 -0.276600  0.742320  0.796914 -0.801778 -0.082559
300            0         1         2         3         4         5
0   0.514323  0.294285  0.399436 -0.454672  0.277682 -0.618554
1  -0.035142 -0.198994 -0.017767 -0.639730  0.099144 -0.638564
2  -0.077640 -0.675120 -0.462767 -0.673286  0.002926 -0.674669
3   0.112689 -0.565752 -0.094590 -0.074501  0.009942  0.090837
4   0.243668  0.242226  0.261153  0.234784  0.311429  0.237618
5   0.284401  0.222499  0.035969 -0.217738  0.262525 -0.127689
6  -0.451474  0.203744  0.286644  0.321075  0.163570  0.083519
7  -0.071113  0.043197  0.055499  0.056739  0.086804  0.065795
8   0.045627  0.036679  0.022952  0.028518 -0.010805  0.033088
9   0.643394  0.611641 -0.747095 -0.806911 -0.160150 -0.151743
10 -0.302981  0.572053 -0.508141 -0.444518 -0.128679  0.143945
11 -0.285382 -0.276600  0.742320  0.796914 -0.801778 -0.082559
320            0         1         2         3         4         5
0   0.514323  0.294285  0.399436 -0.454672  0.277682 -0.618554
1   0.079312 -0.282938 -0.376503 -0.639730 -0.015209 -0.638564
2  -0.224437 -0.675120 -0.423156 -0.673286 -0.122537 -0.674669
3   0.139006 -0.565752 -0.094590 -0.074501 -0.058148  0.090768
4   0.325932  0.318069  0.336434  0.329438  0.339979  0.266382
5   0.062447  0.059049  0.188488 -0.217738  0.220587  0.102770
6  -0.451474  0.090901  0.154834  0.302193  0.181295  0.151662
7  -0.071113  0.135978  0.140858  0.140279  0.173988  0.144428
8   0.037809  0.031202  0.033309  0.032265 -0.010805  0.032103
9   0.643394  0.611641 -0.747095 -0.806911 -0.160150 -0.151743
10 -0.302981  0.572053 -0.508141 -0.444518 -0.128679  0.143945
11 -0.285382 -0.276600  0.742320  0.796914 -0.801778 -0.082559
340            0         1         2         3         4         5
0   0.514323  0.339234  0.410613 -0.454672  0.277682 -0.618554
1   0.210642 -0.357152 -0.005939 -0.639730  0.162086 -0.638564
2  -0.007789 -0.675120 -0.039417 -0.674417  0.103021 -0.674669
3   0.136226 -0.565752 -0.074233 -0.098124  0.023144  0.092589
4   0.290996  0.246123  0.330077  0.217459  0.338994  0.279007
5   0.305771  0.342046  0.234997 -0.217738  0.233867  0.238707
6  -0.451474  0.106780  0.154834  0.284422  0.191390  0.168296
7  -0.071113  0.103871  0.054600  0.098214  0.134574  0.078177
8   0.073722  0.078857  0.074013  0.068357 -0.010805  0.078200
9   0.643394  0.611641 -0.747095 -0.806911 -0.160150 -0.151743
10 -0.302981  0.572053 -0.508141 -0.444518 -0.128679  0.143945
11 -0.285382 -0.276600  0.742320  0.796914 -0.801778 -0.082559
360            0         1         2         3         4         5
0   0.514323  0.339234  0.410613 -0.454672  0.277682 -0.618554
1   0.037830 -0.351797 -0.318442 -0.639730 -0.009949 -0.638564
2   0.156417 -0.675120 -0.132245 -0.674417  0.254596 -0.674669
3   0.136226 -0.565752 -0.074233 -0.098124  0.023144  0.092589
4   0.244477  0.213234  0.223904  0.218066  0.242970  0.212994
5   0.130818  0.241244  0.155042 -0.217738  0.114220  0.159859
6  -0.451474  0.106780  0.154834  0.284422  0.191390  0.168296
7  -0.071113  0.083090  0.079524  0.085749  0.087641  0.080690
8   0.033948  0.035699  0.032477  0.036270 -0.010805  0.028589
9   0.643394  0.611641 -0.747095 -0.806911 -0.160150 -0.151743
10 -0.302981  0.572053 -0.508141 -0.444518 -0.128679  0.143945
11 -0.285382 -0.276600  0.742320  0.796914 -0.801778 -0.082559
380            0         1         2         3         4         5
0   0.514323  0.339234  0.410613 -0.454672  0.277682 -0.618554
1  -0.523709 -0.553702 -0.314071 -0.639730 -0.482825 -0.638564
2   0.156417 -0.675120 -0.132245 -0.674417  0.063567 -0.674669
3   0.136226 -0.565752 -0.074233 -0.098124  0.023144  0.092589
4   0.085624  0.084890  0.085611  0.108808  0.115851  0.076207
5   0.044504  0.200355  0.153124 -0.217738  0.026320  0.161989
6  -0.451474  0.106780  0.154834  0.284422  0.191390  0.168296
7  -0.071113  0.023347  0.029239  0.021970  0.020786  0.010501
8   0.031456  0.033773  0.027885  0.033454 -0.010805  0.026001
9   0.643394  0.611641 -0.747095 -0.806911 -0.160150 -0.151743
10 -0.302981  0.572053 -0.508141 -0.444518 -0.128679  0.143945
11 -0.285382 -0.276600  0.742320  0.796914 -0.801778 -0.082559
400            0         1         2         3         4         5
0   0.477134  0.316209  0.410613 -0.454672  0.277682 -0.618554
1   0.057029 -0.255564 -0.522224 -0.639730 -0.559281 -0.638564
2  -0.290070 -0.675120 -0.063185 -0.674417 -0.097395 -0.674669
3   0.170985 -0.565752 -0.096403 -0.052960  0.042134  0.101518
4   0.121263  0.080780  0.145451  0.083638  0.130035  0.090965
5   0.152414  0.084279 -0.040809 -0.217738  0.161869  0.005015
6  -0.451474  0.144647  0.205122  0.135775  0.199105  0.176849
7  -0.071113  0.019908  0.019094  0.017157 -0.010222  0.019650
8   0.034814  0.029082  0.037583  0.036257 -0.010805  0.032654
9   0.643394  0.611641 -0.747095 -0.806911 -0.160150 -0.151743
10 -0.302981  0.572053 -0.508141 -0.444518 -0.128679  0.143945
11 -0.285382 -0.276600  0.742320  0.796914 -0.801778 -0.082559
420            0         1         2         3         4         5
0   0.477134  0.316209  0.410613 -0.454672  0.277682 -0.618554
1  -0.304350 -0.509220 -0.524477 -0.639730 -0.222643 -0.638564
2   0.025752 -0.675120 -0.238971 -0.674417  0.175185 -0.674669
3   0.170985 -0.565752 -0.096403 -0.052960  0.042134  0.101518
4   0.133997  0.112579  0.172088  0.111345  0.136896  0.107334
5   0.179458  0.191248  0.134498 -0.217738  0.191119  0.046771
6  -0.451474  0.144647  0.205122  0.135775  0.199105  0.176849
7  -0.071113  0.052450  0.043294  0.049294  0.047618  0.043858
8   0.022404  0.020079  0.023805  0.022640 -0.010805  0.023605
9   0.643394  0.611641 -0.747095 -0.806911 -0.160150 -0.151743
10 -0.302981  0.572053 -0.508141 -0.444518 -0.128679  0.143945
11 -0.285382 -0.276600  0.742320  0.796914 -0.801778 -0.082559
