20            0         1         2         3         4         5
0   0.730153  0.029087 -0.812951 -0.700529 -0.540082 -0.279767
1  -0.287680  0.516618  0.667072 -0.743387 -0.195191 -0.142098
2  -0.316810 -0.687915  0.311104 -0.797316  0.791352  0.648366
3   0.598116 -0.889899  0.948604 -0.436836 -0.843799 -0.282096
4   0.670600  0.422252  0.231027 -0.241132  0.402528  0.766174
5   0.647992 -0.004128  0.430267  0.089034  0.737430  0.530487
6  -0.907549 -0.534401 -0.028671 -0.199355  0.020891  0.636515
7  -0.080448  0.014728  0.393688 -0.143220 -0.022588  0.496769
8   0.789255  0.751837  0.464596  0.362596  0.743641  0.511320
9   0.158233  0.124685 -0.583542  0.386826  0.833968 -0.634750
10 -0.083092 -0.260037  0.030933  0.873379 -0.785274  0.541584
11  0.756085  0.307227 -0.222658 -0.242105  0.338671  0.775300
40            0         1         2         3         4         5
0   0.730153  0.029087 -0.812951 -0.700529 -0.540082 -0.279767
1  -0.146733  0.319968  0.325452 -0.743387 -0.094058 -0.195445
2  -0.201856 -0.663647  0.285023 -0.797316  0.753813  0.376444
3   0.598116 -0.889899  0.948604 -0.436836 -0.843799 -0.282096
4   0.616409  0.565271  0.515981 -0.241132  0.577359  0.585438
5   0.679084 -0.004128  0.525518  0.160198  0.725666  0.574286
6  -0.907549 -0.534401 -0.028671 -0.199355  0.020891  0.636515
7   0.282401  0.284559  0.294093 -0.143220  0.293863  0.293587
8   0.692482  0.677515  0.579857  0.531613  0.675948  0.601686
9   0.158233  0.124685 -0.583542  0.386826  0.833968 -0.634750
10 -0.083092 -0.260037  0.030933  0.873379 -0.785274  0.541584
11  0.756085  0.307227 -0.222658 -0.242105  0.338671  0.775300
60            0         1         2         3         4         5
0   0.730153  0.037333 -0.812951 -0.700529 -0.524144 -0.279767
1  -0.082509  0.206445  0.212962 -0.743387 -0.021633 -0.191808
2  -0.174346 -0.643564  0.285893 -0.797316  0.722492  0.325353
3   0.591027 -0.889899  0.940101 -0.423990 -0.843799 -0.248479
4   0.545532  0.522088  0.508797 -0.241132  0.539079  0.519533
5   0.691108 -0.004128  0.546292  0.168621  0.714425  0.581151
6  -0.907549 -0.501684  0.006144 -0.147221  0.067167  0.622007
7   0.247953  0.243317  0.248738 -0.143220  0.258348  0.247083
8   0.679159  0.661600  0.583849  0.536745  0.663792  0.602618
9   0.158233  0.124685 -0.583542  0.386826  0.833968 -0.634750
10 -0.083092 -0.260037  0.030933  0.873379 -0.785274  0.541584
11  0.756085  0.307227 -0.222658 -0.242105  0.338671  0.775300
80            0         1         2         3         4         5
0   0.730153  0.045304 -0.812951 -0.700529 -0.524144 -0.268508
1   0.007740  0.188091  0.178367 -0.743387  0.047960 -0.211586
2  -0.060746 -0.634842  0.302998 -0.797316  0.641478  0.218177
3   0.595862 -0.889899  0.927128 -0.423990 -0.843799 -0.249573
4   0.522581  0.482467  0.469783 -0.241132  0.507787  0.476641
5   0.645490 -0.004128  0.558254  0.225565  0.740770  0.596475
6  -0.907549 -0.480599  0.027899 -0.112658  0.076809  0.619522
7   0.238223  0.233990  0.232996 -0.143220  0.252609  0.230151
8   0.632651  0.615391  0.580652  0.554358  0.618695  0.583106
9   0.158233  0.124685 -0.583542  0.386826  0.833968 -0.634750
10 -0.083092 -0.260037  0.030933  0.873379 -0.785274  0.541584
11  0.756085  0.307227 -0.222658 -0.242105  0.338671  0.775300
100            0         1         2         3         4         5
0   0.730153  0.045304 -0.812951 -0.700529 -0.524144 -0.268508
1   0.069455  0.166807  0.031678 -0.743387  0.051241 -0.221226
2  -0.034515 -0.614404  0.256774 -0.797316  0.628396  0.160841
3   0.595862 -0.889899  0.927128 -0.423990 -0.843799 -0.249573
4   0.455050  0.447021  0.425581 -0.241132  0.456409  0.422593
5   0.639994 -0.004128  0.577579  0.295590  0.707032  0.590252
6  -0.907549 -0.480599  0.027899 -0.112658  0.073008  0.619522
7   0.193752  0.188555  0.190294 -0.143220  0.195884  0.190733
8   0.614801  0.600825  0.569738  0.548000  0.610463  0.576315
9   0.158233  0.124685 -0.583542  0.386826  0.833968 -0.634750
10 -0.083092 -0.260037  0.030933  0.873379 -0.785274  0.541584
11  0.756085  0.307227 -0.222658 -0.242105  0.338671  0.775300
120            0         1         2         3         4         5
0   0.730153  0.045304 -0.812951 -0.700529 -0.524144 -0.268508
1   0.090397  0.185584  0.080085 -0.743387  0.056152 -0.252434
2   0.055176 -0.571928  0.248961 -0.797316  0.607648  0.043775
3   0.595862 -0.889899  0.916663 -0.423990 -0.843799 -0.249573
4   0.446751  0.424600  0.410433 -0.241132  0.430938  0.415064
5   0.600729 -0.004128  0.573252  0.435306  0.645869  0.587525
6  -0.907549 -0.480599  0.043097 -0.112658  0.092003  0.615199
7   0.185245  0.178795  0.178143 -0.143220  0.184662  0.178028
8   0.549532  0.531228  0.532645  0.521845  0.561018  0.535940
9   0.158233  0.124685 -0.583542  0.386826  0.833968 -0.634750
10 -0.083092 -0.260037  0.030933  0.873379 -0.785274  0.541584
11  0.756085  0.307227 -0.222658 -0.242105  0.338671  0.775300
140            0         1         2         3         4         5
0   0.730153  0.045304 -0.812951 -0.700529 -0.524144 -0.268508
1   0.033688  0.090846  0.026693 -0.743387  0.075654 -0.276447
2   0.134785 -0.497127  0.191948 -0.797316  0.518985 -0.025987
3   0.595862 -0.889899  0.916663 -0.423990 -0.843799 -0.249573
4   0.412999  0.395095  0.391947 -0.241132  0.395292  0.388239
5   0.587267 -0.004128  0.543348  0.476593  0.605206  0.529805
6  -0.907549 -0.480599  0.043097 -0.112658  0.092003  0.615199
7   0.167642  0.163489  0.164387 -0.143220  0.185124  0.166870
8   0.488455  0.485183  0.490033  0.487605  0.503027  0.491140
9   0.158233  0.124685 -0.583542  0.386826  0.833968 -0.634750
10 -0.083092 -0.260037  0.030933  0.873379 -0.785274  0.541584
11  0.756085  0.307227 -0.222658 -0.242105  0.338671  0.775300
160            0         1         2         3         4         5
0   0.730153  0.045304 -0.812951 -0.700529 -0.524144 -0.268508
1   0.006237 -0.120906 -0.095722 -0.743387 -0.009382 -0.362350
2   0.134785 -0.497127  0.191948 -0.797316  0.519683 -0.021056
3   0.595862 -0.889899  0.916663 -0.423990 -0.843799 -0.249573
4   0.307368  0.303768  0.303214 -0.241132  0.294870  0.302072
5   0.584628 -0.004128  0.541220  0.476593  0.605206  0.529953
6  -0.907549 -0.480599  0.043097 -0.112658  0.092003  0.615199
7   0.127450  0.126490  0.128152 -0.143220  0.129169  0.125698
8   0.488455  0.485183  0.490033  0.487605  0.503027  0.491140
9   0.158233  0.124685 -0.583542  0.386826  0.833968 -0.634750
10 -0.083092 -0.260037  0.030933  0.873379 -0.785274  0.541584
11  0.756085  0.307227 -0.222658 -0.242105  0.338671  0.775300
180            0         1         2         3         4         5
0   0.730153  0.045304 -0.812951 -0.700529 -0.524144 -0.268508
1   0.054446 -0.097819 -0.036895 -0.743387 -0.001673 -0.371142
2   0.159389 -0.414820  0.147837 -0.797316  0.453798 -0.087477
3   0.598153 -0.889899  0.916663 -0.411500 -0.843799 -0.251540
4   0.289450  0.294435  0.295641 -0.241132  0.289123  0.291376
5   0.518884 -0.004128  0.491217  0.476967  0.555603  0.483232
6  -0.907549 -0.449886  0.063123 -0.104973  0.105622  0.610294
7   0.116657  0.120007  0.118007 -0.143220  0.114292  0.122212
8   0.461474  0.451138  0.452105  0.441590  0.474460  0.457716
9   0.158233  0.124685 -0.583542  0.386826  0.833968 -0.634750
10 -0.083092 -0.260037  0.030933  0.873379 -0.785274  0.541584
11  0.756085  0.307227 -0.222658 -0.242105  0.338671  0.775300
200            0         1         2         3         4         5
0   0.730153  0.045304 -0.812951 -0.700529 -0.524144 -0.268508
1   0.051205 -0.128547 -0.070904 -0.743387  0.024182 -0.399136
2   0.159099 -0.408959  0.150719 -0.797316  0.386913 -0.128774
3   0.598153 -0.889899  0.916663 -0.411500 -0.843799 -0.251540
4   0.290985  0.278139  0.274039 -0.241132  0.309287  0.268613
5   0.478012 -0.004128  0.480729  0.428475  0.497198  0.475140
6  -0.907549 -0.449886  0.056446 -0.104973  0.105622  0.610294
7   0.111549  0.104922  0.105813 -0.143220  0.112563  0.106728
8   0.428891  0.414078  0.417920  0.421092  0.430098  0.416995
9   0.158233  0.124685 -0.583542  0.386826  0.833968 -0.634750
10 -0.083092 -0.260037  0.030933  0.873379 -0.785274  0.541584
11  0.756085  0.307227 -0.222658 -0.242105  0.338671  0.775300
220            0         1         2         3         4         5
0   0.730153  0.045304 -0.812951 -0.700529 -0.524144 -0.268508
1   0.000789 -0.232051 -0.170520 -0.743387 -0.019834 -0.421660
2   0.158599 -0.411881  0.126323 -0.797316  0.386913 -0.124004
3   0.598153 -0.889899  0.916663 -0.411500 -0.843799 -0.251540
4   0.277429  0.254485  0.253307 -0.241132  0.272096  0.245258
5   0.479166 -0.004128  0.491886  0.424835  0.484633  0.461292
6  -0.907549 -0.420265  0.066253 -0.104973  0.105622  0.604191
7   0.102574  0.098569  0.098901 -0.143220  0.101195  0.094672
8   0.421392  0.412853  0.415641  0.418555  0.415882  0.414751
9   0.158233  0.124685 -0.583542  0.386826  0.833968 -0.634750
10 -0.083092 -0.260037  0.030933  0.873379 -0.785274  0.541584
11  0.756085  0.307227 -0.222658 -0.242105  0.338671  0.775300
240            0         1         2         3         4         5
0   0.730153  0.045304 -0.812951 -0.700529 -0.524144 -0.268508
1  -0.028275 -0.206931 -0.119105 -0.743387  0.087749 -0.442499
2   0.188328 -0.314616  0.091024 -0.797316  0.354049 -0.208559
3   0.598153 -0.889899  0.916663 -0.411500 -0.843799 -0.251540
4   0.289337  0.259225  0.271134 -0.241132  0.286395  0.244309
5   0.479442 -0.004128  0.466190  0.382429  0.465484  0.400496
6  -0.907549 -0.420265  0.066253 -0.104973  0.105622  0.604191
7   0.098633  0.092342  0.094472 -0.143220  0.108266  0.094755
8   0.353630  0.356211  0.355677  0.351744  0.369951  0.353053
9   0.158233  0.124685 -0.583542  0.386826  0.833968 -0.634750
10 -0.083092 -0.260037  0.030933  0.873379 -0.785274  0.541584
11  0.756085  0.307227 -0.222658 -0.242105  0.338671  0.775300
260            0         1         2         3         4         5
0   0.730153  0.045304 -0.812951 -0.700529 -0.524144 -0.268508
1  -0.045246 -0.267332 -0.076241 -0.743387  0.013423 -0.470208
2   0.146160 -0.247581  0.051782 -0.797316  0.295921 -0.241703
3   0.598153 -0.889899  0.916663 -0.411500 -0.843799 -0.251540
4   0.286862  0.274608  0.283386 -0.241132  0.305225  0.261934
5   0.474215 -0.004128  0.384094  0.350291  0.430637  0.382495
6  -0.907549 -0.420265  0.066253 -0.104973  0.105622  0.604191
7   0.095426  0.089792  0.091957 -0.143220  0.094525  0.092762
8   0.315809  0.313954  0.314832  0.308550  0.328507  0.312334
9   0.158233  0.124685 -0.583542  0.386826  0.833968 -0.634750
10 -0.083092 -0.260037  0.030933  0.873379 -0.785274  0.541584
11  0.756085  0.307227 -0.222658 -0.242105  0.338671  0.775300
280            0         1         2         3         4         5
0   0.730153  0.045304 -0.812951 -0.700529 -0.510331 -0.257622
1  -0.052456 -0.243258 -0.118052 -0.743387  0.007591 -0.473986
2   0.173281 -0.223196  0.018601 -0.797316  0.276470 -0.258215
3   0.590913 -0.889899  0.905724 -0.411947 -0.843799 -0.209211
4   0.275876  0.271233  0.267628 -0.241132  0.277240  0.247374
5   0.420215 -0.004128  0.385716  0.365038  0.417698  0.365884
6  -0.907549 -0.387760  0.085014 -0.067107  0.127013  0.599920
7   0.084728  0.079694  0.079776 -0.143220  0.085432  0.082810
8   0.308287  0.308552  0.300637  0.299065  0.314961  0.305254
9   0.158233  0.124685 -0.583542  0.386826  0.833968 -0.634750
10 -0.083092 -0.260037  0.030933  0.873379 -0.785274  0.541584
11  0.756085  0.307227 -0.222658 -0.242105  0.338671  0.775300
300            0         1         2         3         4         5
0   0.730153  0.045304 -0.812951 -0.700529 -0.510331 -0.257622
1  -0.053302 -0.224693 -0.171853 -0.743387  0.026467 -0.462540
2   0.157866 -0.204400  0.056477 -0.797316  0.271651 -0.297200
3   0.590913 -0.889899  0.905724 -0.411947 -0.843799 -0.209211
4   0.267824  0.258580  0.262143 -0.241132  0.269863  0.242458
5   0.419623 -0.004128  0.364912  0.340592  0.429977  0.353170
6  -0.907549 -0.369331  0.115818 -0.042781  0.170156  0.596329
7   0.080153  0.075980  0.071098 -0.143220  0.082156  0.076551
8   0.296204  0.295219  0.293860  0.291829  0.304224  0.295410
9   0.158233  0.124685 -0.583542  0.386826  0.833968 -0.634750
10 -0.083092 -0.260037  0.030933  0.873379 -0.785274  0.541584
11  0.756085  0.307227 -0.222658 -0.242105  0.338671  0.775300
320            0         1         2         3         4         5
0   0.730153  0.045304 -0.812951 -0.700529 -0.510331 -0.257622
1  -0.066860 -0.219909 -0.205271 -0.743387  0.054396 -0.479949
2   0.148430 -0.188253  0.049866 -0.797316  0.283001 -0.309706
3   0.590913 -0.889899  0.905724 -0.411947 -0.843799 -0.209211
4   0.276179  0.252851  0.246326 -0.241132  0.273858  0.242422
5   0.406940 -0.004128  0.344856  0.335762  0.408217  0.335851
6  -0.907549 -0.369331  0.108808 -0.042781  0.170156  0.596329
7   0.083182  0.078478  0.079777 -0.143220  0.085153  0.078059
8   0.284056  0.285245  0.283103  0.280029  0.293526  0.279938
9   0.158233  0.124685 -0.583542  0.386826  0.833968 -0.634750
10 -0.083092 -0.260037  0.030933  0.873379 -0.785274  0.541584
11  0.756085  0.307227 -0.222658 -0.242105  0.338671  0.775300
340            0         1         2         3         4         5
0   0.730153  0.052891 -0.812951 -0.700529 -0.510331 -0.257622
1  -0.044746 -0.200988 -0.188555 -0.743387  0.067008 -0.467722
2   0.129180 -0.199023 -0.035431 -0.797316  0.230233 -0.336615
3   0.576930 -0.889899  0.889754 -0.411947 -0.843799 -0.169201
4   0.266604  0.245957  0.244308 -0.241132  0.270594  0.239130
5   0.345170 -0.004128  0.319421  0.335663  0.389252  0.328753
6  -0.907549 -0.304897  0.117270 -0.009038  0.199394  0.591575
7   0.080760  0.069605  0.075577 -0.143220  0.082401  0.080314
8   0.258115  0.256761  0.255769  0.250720  0.266349  0.253583
9   0.158233  0.124685 -0.583542  0.386826  0.833968 -0.634750
10 -0.083092 -0.260037  0.030933  0.873379 -0.785274  0.541584
11  0.756085  0.307227 -0.222658 -0.242105  0.338671  0.775300
360            0         1         2         3         4         5
0   0.730153  0.052891 -0.812951 -0.700529 -0.510331 -0.257622
1  -0.027282 -0.231639 -0.192322 -0.743387 -0.002789 -0.507836
2   0.109746 -0.184413 -0.064266 -0.797316  0.223952 -0.374028
3   0.576930 -0.889899  0.889754 -0.411947 -0.843799 -0.169201
4   0.275416  0.252550  0.249389 -0.241132  0.287895  0.242035
5   0.317183 -0.004128  0.302131  0.318279  0.350267  0.291555
6  -0.907549 -0.304897  0.117270 -0.009038  0.199394  0.591575
7   0.068390  0.069699  0.070213 -0.143220  0.077919  0.061959
8   0.227777  0.227778  0.225077  0.223841  0.239626  0.226990
9   0.158233  0.124685 -0.583542  0.386826  0.833968 -0.634750
10 -0.083092 -0.260037  0.030933  0.873379 -0.785274  0.541584
11  0.756085  0.307227 -0.222658 -0.242105  0.338671  0.775300
380            0         1         2         3         4         5
0   0.730153  0.052891 -0.812951 -0.700529 -0.510331 -0.257622
1  -0.079385 -0.263069 -0.207269 -0.743387 -0.026527 -0.501130
2   0.109746 -0.190270 -0.074402 -0.797316  0.218865 -0.380648
3   0.576930 -0.889899  0.889754 -0.411947 -0.843799 -0.169201
4   0.255440  0.251121  0.247423 -0.241132  0.250877  0.231728
5   0.307172 -0.004128  0.301879  0.317269  0.324763  0.291716
6  -0.907549 -0.304897  0.117270 -0.009038  0.199394  0.591575
7   0.061053  0.060952  0.060455 -0.143220  0.068384  0.063350
8   0.226876  0.226886  0.222377  0.223065  0.235338  0.226153
9   0.158233  0.124685 -0.583542  0.386826  0.833968 -0.634750
10 -0.083092 -0.260037  0.030933  0.873379 -0.785274  0.541584
11  0.756085  0.307227 -0.222658 -0.242105  0.338671  0.775300
400            0         1         2         3         4         5
0   0.730153  0.052891 -0.812951 -0.700529 -0.510331 -0.257622
1  -0.072521 -0.246064 -0.183707 -0.743387 -0.000974 -0.498865
2   0.064120 -0.189416 -0.077601 -0.797316  0.173826 -0.403597
3   0.580589 -0.889899  0.875300 -0.411947 -0.843799 -0.169201
4   0.256233  0.236576  0.247061 -0.241132  0.246834  0.222898
5   0.272727 -0.004128  0.264083  0.264029  0.317652  0.289401
6  -0.907549 -0.304897  0.121416 -0.003624  0.190901  0.590393
7   0.057359  0.052695  0.059874 -0.143220  0.062326  0.060811
8   0.211302  0.209040  0.211280  0.207039  0.221511  0.210076
9   0.158233  0.124685 -0.583542  0.386826  0.833968 -0.634750
10 -0.083092 -0.260037  0.030933  0.873379 -0.785274  0.541584
11  0.756085  0.307227 -0.222658 -0.242105  0.338671  0.775300
420            0         1         2         3         4         5
0   0.730153  0.052891 -0.812951 -0.700529 -0.510331 -0.257622
1  -0.031761 -0.255184 -0.250401 -0.743387 -0.070438 -0.485420
2   0.051394 -0.195850 -0.088283 -0.797316  0.143359 -0.409664
3   0.580589 -0.889899  0.875300 -0.411947 -0.843799 -0.169201
4   0.243537  0.232681  0.225340 -0.241132  0.243558  0.218245
5   0.261853 -0.004128  0.245400  0.253192  0.325730  0.280346
6  -0.907549 -0.304897  0.121416  0.001726  0.190901  0.585869
7   0.065815  0.061019  0.058222 -0.143220  0.076692  0.063469
8   0.205312  0.201767  0.206270  0.204152  0.212234  0.204021
9   0.158233  0.124685 -0.583542  0.386826  0.833968 -0.634750
10 -0.083092 -0.260037  0.030933  0.873379 -0.785274  0.541584
11  0.756085  0.307227 -0.222658 -0.242105  0.338671  0.775300
