20            0         1         2         3         4         5
0   0.846498  0.651376  0.516656 -0.305690  0.792943 -0.998445
1   0.831475 -0.140931  0.582696  0.031979  1.006121  0.052457
2   0.325609  0.156517  0.517299 -0.181769  0.510863 -0.290357
3  -0.425319  0.595021 -0.015438  0.577496 -0.795168  0.559875
4   0.959994  0.895453  0.768095  0.849866  0.938485  0.842902
5   0.766299  0.676417  0.899224  0.652391  0.825324  0.776981
6  -0.540007  0.522122 -0.406301 -0.227908  0.672851  0.453001
7   0.715988 -0.086521  0.610174  0.328949  0.551547  0.519837
8   0.445087  0.422457  0.443275  0.413176  0.434474  0.397479
9  -0.444376 -0.197327  0.880959 -0.510979 -0.097572 -0.187980
10  0.771214  0.796303  0.846022 -0.815900  0.635776  0.918912
11  0.047178 -0.838255 -0.930272  0.988007 -0.185143  0.339902
40            0         1         2         3         4         5
0   0.846498  0.651376  0.516656 -0.305690  0.792943 -0.998445
1   0.986109 -0.140931  0.598836  0.060588  1.045254  0.078382
2   0.590748  0.385338  0.666194 -0.181769  0.812477 -0.290357
3  -0.425319  0.595021 -0.015438  0.577496 -0.795168  0.559875
4   1.322815  1.229133  1.175374  1.129943  1.212911  1.066184
5   1.000020  0.917065  0.630339  0.849909  0.924370  0.772704
6  -0.540007  0.522122 -0.406301 -0.227908  0.672851  0.453001
7   0.526614 -0.086521  0.461403  0.439070  0.501533  0.453636
8   0.395704  0.381602  0.319097  0.400213  0.401681  0.364802
9  -0.444376 -0.197327  0.880959 -0.510979 -0.097572 -0.187980
10  0.771214  0.796303  0.846022 -0.815900  0.635776  0.918912
11  0.047178 -0.838255 -0.930272  0.988007 -0.185143  0.339902
60            0         1         2         3         4         5
0   0.846498  0.651376  0.516656 -0.305690  0.792943 -0.998445
1   0.338326 -0.140931  0.371950  0.101929  0.744170  0.057946
2   0.584509  0.270809  0.535675 -0.181769  0.395938 -0.290357
3  -0.172643  0.448402  0.027140  0.554740 -0.795168  0.548481
4   0.804571  0.756039  0.759334  0.728173  0.806124  0.768156
5   0.801750  0.826146  0.679671  0.670614  0.666642  0.783812
6  -0.540007  0.533258 -0.305720 -0.012317  0.513115  0.477498
7   0.508748 -0.086521  0.496436  0.436458  0.602766  0.486967
8   0.402660  0.340977  0.340957  0.385828  0.395246  0.335164
9  -0.444376 -0.197327  0.880959 -0.510979 -0.097572 -0.187980
10  0.771214  0.796303  0.846022 -0.815900  0.635776  0.918912
11  0.047178 -0.838255 -0.930272  0.988007 -0.185143  0.339902
80            0         1         2         3         4         5
0   0.846498  0.651376  0.516656 -0.305690  0.792943 -0.998445
1   0.959132 -0.140931  0.556401  0.238532  1.099405  0.101160
2   0.574928  0.128568  0.532709 -0.161456  0.471746 -0.290357
3  -0.172643  0.448402  0.027140  0.554740 -0.795168  0.548481
4   1.037631  0.979393  0.894252  0.922408  1.060872  0.923439
5   0.650730  0.384491  0.527668  0.619925  0.613881  0.623303
6  -0.540007  0.533258 -0.305720 -0.012317  0.513115  0.477498
7   0.378460 -0.086521  0.488581  0.423106  0.449976  0.374760
8   0.410850  0.350754  0.364146  0.393593  0.391000  0.384274
9  -0.444376 -0.197327  0.880959 -0.510979 -0.097572 -0.187980
10  0.771214  0.796303  0.846022 -0.815900  0.635776  0.918912
11  0.047178 -0.838255 -0.930272  0.988007 -0.185143  0.339902
100            0         1         2         3         4         5
0   0.846498  0.651376  0.516656 -0.305690  0.792943 -0.998445
1   0.506906 -0.140931  0.426010  0.209874  0.652259  0.083850
2   0.777174  0.369612  0.271239 -0.166745  0.647923 -0.290357
3  -0.172643  0.386511  0.027140  0.554740 -0.795168  0.548481
4   0.871357  0.880646  0.824137  0.834079  0.861565  0.816596
5   0.608347  0.541899  0.823252  0.641432  0.852281  0.710658
6  -0.540007  0.533258 -0.305720 -0.012317  0.513115  0.477498
7   0.374614 -0.086521  0.476349  0.488502  0.460215  0.465656
8   0.387733  0.349923  0.409360  0.351162  0.422788  0.374467
9  -0.444376 -0.197327  0.880959 -0.510979 -0.097572 -0.187980
10  0.771214  0.796303  0.846022 -0.815900  0.635776  0.918912
11  0.047178 -0.838255 -0.930272  0.988007 -0.185143  0.339902
120            0         1         2         3         4         5
0   0.846498  0.651376  0.516656 -0.305690  0.792943 -0.998445
1   0.687641 -0.140931  0.291419  0.143356  0.635429 -0.028363
2   0.873580  0.458000  0.436110 -0.162646  0.825829 -0.290357
3  -0.161969  0.397786  0.027140  0.554740 -0.795168  0.548481
4   0.635321  0.710181  0.690584  0.657463  0.725162  0.643973
5   0.892972  0.915769  0.862610  0.750960  0.868414  0.710660
6  -0.540007  0.533258 -0.305720 -0.012317  0.513115  0.477498
7   0.344729 -0.086521  0.316156  0.335968  0.366508  0.417078
8   0.547191  0.487350  0.534976  0.451388  0.658733  0.405195
9  -0.444376 -0.197327  0.880959 -0.510979 -0.097572 -0.187980
10  0.771214  0.796303  0.846022 -0.815900  0.635776  0.918912
11  0.047178 -0.838255 -0.930272  0.988007 -0.185143  0.339902
140            0         1         2         3         4         5
0   0.846498  0.651376  0.516656 -0.305690  0.792943 -0.998445
1   0.632708 -0.140931  0.335053  0.014230  0.694035 -0.114567
2   0.690464  0.592403  0.492041 -0.162646  1.321189 -0.290357
3  -0.130286  0.407934  0.027140  0.554740 -0.795168  0.548481
4   0.739295  0.771773  0.745755  0.706754  0.758423  0.733537
5   0.843229  0.931154  0.956938  0.784975  1.128065  0.830164
6  -0.540007  0.533258 -0.305720 -0.012317  0.513115  0.477498
7   0.428436 -0.086521  0.381743  0.321663  0.296827  0.386752
8   0.561859  0.559769  0.523238  0.563104  0.633642  0.512029
9  -0.444376 -0.197327  0.880959 -0.510979 -0.097572 -0.187980
10  0.771214  0.796303  0.846022 -0.815900  0.635776  0.918912
11  0.047178 -0.838255 -0.930272  0.988007 -0.185143  0.339902
160            0         1         2         3         4         5
0   0.846498  0.651376  0.516656 -0.305690  0.792943 -0.998445
1   0.591264 -0.140931  0.278886  0.112675  0.446157 -0.135250
2   0.690464  0.592403  0.559955 -0.162646  1.321189 -0.290357
3  -0.130286  0.407934  0.027140  0.554740 -0.795168  0.548481
4   0.819835  0.743041  0.760772  0.690267  0.748364  0.698312
5   0.843229  0.931154  0.947871  0.808754  1.136401  0.830164
6  -0.540007  0.533258 -0.305720 -0.012317  0.513115  0.477498
7   0.428647 -0.086521  0.410561  0.388429  0.422875  0.393600
8   0.561859  0.559769  0.523238  0.563104  0.633642  0.512029
9  -0.444376 -0.197327  0.880959 -0.510979 -0.097572 -0.187980
10  0.771214  0.796303  0.846022 -0.815900  0.635776  0.918912
11  0.047178 -0.838255 -0.930272  0.988007 -0.185143  0.339902
180            0         1         2         3         4         5
0   0.846498  0.651376  0.516656 -0.305690  0.832976 -0.998445
1   0.756202 -0.140931  0.540624 -0.039112  1.106671 -0.135250
2   0.508048  0.357702  0.230561 -0.143802  0.607384 -0.290357
3  -0.130286  0.407934  0.108769  0.441787 -0.795168  0.538631
4   0.738664  0.707664  0.708783  0.743604  0.741996  0.731198
5   0.710191  0.693175  0.770315  0.643291  0.615971  0.635365
6  -0.540007  0.517420 -0.157358 -0.012317  0.454881  0.475060
7   0.293193 -0.086521  0.404359  0.365302  0.369041  0.363276
8   0.578181  0.486736  0.624914  0.610695  0.668178  0.546401
9  -0.444376 -0.197327  0.880959 -0.510979 -0.097572 -0.187980
10  0.771214  0.796303  0.846022 -0.815900  0.635776  0.918912
11  0.047178 -0.838255 -0.930272  0.988007 -0.185143  0.339902
200            0         1         2         3         4         5
0   0.846498  0.651376  0.516656 -0.305690  0.832976 -0.998445
1   0.732824 -0.140931  0.212850  0.120185  1.050032 -0.123494
2   0.351829  0.197508  0.515819 -0.076034  0.580380 -0.290357
3  -0.130286  0.407934  0.108769  0.441787 -0.795168  0.538631
4   0.876523  0.838209  0.893201  0.801622  0.925010  0.818895
5   0.682745  0.718907  0.827371  0.520678  0.745943  0.535871
6  -0.540007  0.517420 -0.157358 -0.012317  0.454881  0.475060
7   0.452915 -0.086521  0.376307  0.378013  0.585040  0.383528
8   0.463833  0.515715  0.600688  0.551238  0.673807  0.584015
9  -0.444376 -0.197327  0.880959 -0.510979 -0.097572 -0.187980
10  0.771214  0.796303  0.846022 -0.815900  0.635776  0.918912
11  0.047178 -0.838255 -0.930272  0.988007 -0.185143  0.339902
220            0         1         2         3         4         5
0   0.846498  0.651376  0.516656 -0.305690  0.832976 -0.998445
1   0.577432 -0.140931  0.322801  0.001108  0.320625 -0.145082
2   0.263647  0.074573  0.538434 -0.076034  0.495390 -0.290357
3  -0.130286  0.407934  0.108769  0.441787 -0.795168  0.538631
4   0.625269  0.662063  0.622272  0.629310  0.637223  0.627725
5   0.694488  0.718520  0.680067  0.528335  0.753928  0.628104
6  -0.540007  0.517420 -0.157358 -0.012317  0.454881  0.475060
7   0.445624 -0.086521  0.413460  0.365909  0.406506  0.393545
8   0.478093  0.534026  0.590217  0.560853  0.534923  0.578733
9  -0.444376 -0.197327  0.880959 -0.510979 -0.097572 -0.187980
10  0.771214  0.796303  0.846022 -0.815900  0.635776  0.918912
11  0.047178 -0.838255 -0.930272  0.988007 -0.185143  0.339902
240            0         1         2         3         4         5
0   0.846498  0.651376  0.516656 -0.305690  0.832976 -0.998445
1   0.721868  0.008183  0.901261  0.066424  0.832465 -0.145082
2   0.832417  0.427063  0.966452  0.056632  1.035042 -0.290357
3  -0.130286  0.407934  0.108769  0.441787 -0.795168  0.538631
4   1.078018  0.994641  1.007064  0.937382  1.015324  0.894474
5   0.846570  0.885125  0.925535  0.745894  0.843390  0.718731
6  -0.540007  0.517420 -0.157358 -0.012317  0.454881  0.475060
7   0.666427 -0.086521  0.509627  0.517197  0.551666  0.433991
8   0.645258  0.569271  0.650745  0.560293  0.732505  0.464091
9  -0.444376 -0.197327  0.880959 -0.510979 -0.097572 -0.187980
10  0.771214  0.796303  0.846022 -0.815900  0.635776  0.918912
11  0.047178 -0.838255 -0.930272  0.988007 -0.185143  0.339902
260            0         1         2         3         4         5
0   0.846498  0.651376  0.516656 -0.305690  0.832976 -0.998445
1   0.981017  0.449520  0.553603  0.356390  1.022820 -0.145082
2   0.523021  0.195617  0.221197  0.255538  0.517748 -0.290357
3  -0.130286  0.407934  0.108769  0.441787 -0.795168  0.538631
4   1.171851  1.115679  1.083280  1.103902  1.195140  1.108842
5   0.820734  0.748830  0.825065  0.724125  0.667076  0.733784
6  -0.540007  0.517420 -0.157358 -0.012317  0.454881  0.475060
7   0.666781 -0.086521  0.650926  0.563924  0.661258  0.602227
8   0.622796  0.606405  0.598003  0.550274  0.681094  0.545902
9  -0.444376 -0.197327  0.880959 -0.510979 -0.097572 -0.187980
10  0.771214  0.796303  0.846022 -0.815900  0.635776  0.918912
11  0.047178 -0.838255 -0.930272  0.988007 -0.185143  0.339902
280            0         1         2         3         4         5
0   0.802560  0.651376  0.512502 -0.305690  0.832976 -0.998445
1   0.548818  0.709266  0.660420  0.108909  0.674260 -0.145082
2   0.435807  0.195617  0.333371  0.294783  0.418667 -0.290357
3   0.181259  0.419863  0.112029  0.344821 -0.795168  0.443458
4   0.931714  0.780274  0.810949  0.771872  0.896745  0.811302
5   0.822755  0.670505  0.708005  0.560520  0.722202  0.653311
6  -0.540007  0.497031  0.007621  0.028364  0.453648  0.463150
7   0.473337 -0.086521  0.473712  0.535420  0.491143  0.568278
8   0.608527  0.561480  0.591996  0.487055  0.571342  0.560261
9  -0.444376 -0.197327  0.880959 -0.510979 -0.097572 -0.187980
10  0.771214  0.796303  0.846022 -0.815900  0.635776  0.918912
11  0.047178 -0.838255 -0.930272  0.988007 -0.185143  0.339902
300            0         1         2         3         4         5
0   0.802560  0.651376  0.512502 -0.305690  0.832976 -0.998445
1   0.589614  0.545290  0.500803  0.027263  0.620807 -0.145082
2   0.543785  0.372340  0.659148  0.070758  0.629520 -0.290357
3   0.181259  0.419863  0.112029  0.344821 -0.795168  0.443458
4   0.783330  0.784193  0.743574  0.755299  0.814336  0.718799
5   0.830438  0.644284  0.651914  0.583189  0.818755  0.728454
6  -0.540007  0.497031  0.007621  0.028364  0.453016  0.463150
7   0.381513 -0.086521  0.449571  0.422138  0.471236  0.463788
8   0.469743  0.552969  0.531077  0.507809  0.428257  0.509563
9  -0.444376 -0.197327  0.880959 -0.510979 -0.097572 -0.187980
10  0.771214  0.796303  0.846022 -0.815900  0.635776  0.918912
11  0.047178 -0.838255 -0.930272  0.988007 -0.185143  0.339902
320            0         1         2         3         4         5
0   0.802560  0.651376  0.512502 -0.305690  0.832976 -0.998445
1   0.746123  0.198111  0.240820  0.174486  0.535007 -0.145082
2   0.742809  0.213866  0.497792 -0.036935  0.513722 -0.290357
3   0.181259  0.419863  0.131383  0.344821 -0.795168  0.443458
4   0.717281  0.680916  0.699833  0.650585  0.686247  0.647387
5   0.791529  0.646923  0.680534  0.590348  0.825928  0.694021
6  -0.540007  0.497031  0.007621  0.028364  0.453016  0.463150
7   0.367345 -0.086521  0.359582  0.356106  0.425709  0.298824
8   0.473244  0.466141  0.468111  0.463486  0.461749  0.487779
9  -0.444376 -0.197327  0.880959 -0.510979 -0.097572 -0.187980
10  0.771214  0.796303  0.846022 -0.815900  0.635776  0.918912
11  0.047178 -0.838255 -0.930272  0.988007 -0.185143  0.339902
340            0         1         2         3         4         5
0   0.802560  0.651376  0.512502 -0.305690  0.857186 -0.998445
1   0.390112  0.230707  0.590073  0.034136  0.414084 -0.145082
2   0.600909  0.058163  0.443765  0.028995  0.475737 -0.290357
3   0.219776  0.311387  0.156033  0.347374 -0.795168  0.368291
4   0.588508  0.539234  0.578622  0.535396  0.557874  0.534370
5   0.787758  0.702375  0.828014  0.758274  0.909926  0.593753
6  -0.540007  0.497031  0.091165  0.028364  0.451060  0.412976
7   0.423763 -0.086521  0.414598  0.342987  0.428479  0.362642
8   0.419808  0.393202  0.409728  0.445184  0.478718  0.414348
9  -0.444376 -0.197327  0.880959 -0.510979 -0.097572 -0.187980
10  0.771214  0.796303  0.846022 -0.815900  0.635776  0.918912
11  0.047178 -0.838255 -0.930272  0.988007 -0.185143  0.339902
360            0         1         2         3         4         5
0   0.802560  0.651376  0.512502 -0.305690  0.857186 -0.998445
1   0.303448  0.216169  0.112823 -0.133483  0.466015 -0.145082
2   0.963621  0.598007  0.406966  0.191460  0.873181 -0.290357
3   0.219776  0.311387  0.156033  0.347374 -0.795168  0.368291
4   0.700790  0.713427  0.653292  0.691849  0.708520  0.680597
5   0.979142  0.806601  0.991024  0.976291  1.154241  0.865380
6  -0.540007  0.497031  0.091165  0.028364  0.451060  0.412976
7   0.456108 -0.086521  0.432568  0.433792  0.516631  0.407261
8   0.430469  0.443583  0.411651  0.442622  0.425675  0.373125
9  -0.444376 -0.197327  0.880959 -0.510979 -0.097572 -0.187980
10  0.771214  0.796303  0.846022 -0.815900  0.635776  0.918912
11  0.047178 -0.838255 -0.930272  0.988007 -0.185143  0.339902
380            0         1         2         3         4         5
0   0.802560  0.651376  0.512502 -0.305690  0.857186 -0.998445
1   0.318620  0.364752  0.386168 -0.133483  0.597074 -0.145082
2   0.906203  0.537490  0.406966  0.162458  0.749249 -0.290357
3   0.219776  0.311387  0.156033  0.347374 -0.795168  0.368291
4   0.686962  0.710300  0.701223  0.654132  0.723293  0.695047
5   0.987108  0.840992  0.989568  0.991075  0.946329  0.778113
6  -0.540007  0.497031  0.091165  0.028364  0.451060  0.412976
7   0.366707 -0.086521  0.412604  0.381297  0.385108  0.306504
8   0.427258  0.431398  0.408280  0.442622  0.425675  0.338084
9  -0.444376 -0.197327  0.880959 -0.510979 -0.097572 -0.187980
10  0.771214  0.796303  0.846022 -0.815900  0.635776  0.918912
11  0.047178 -0.838255 -0.930272  0.988007 -0.185143  0.339902
400            0         1         2         3         4         5
0   0.802560  0.629384  0.537946 -0.305690  0.869692 -0.998445
1   0.566252  0.275277  0.367412 -0.133483  0.763043 -0.145082
2   0.403100  0.181534  0.508638  0.009299  0.504094 -0.290357
3   0.240944  0.245211  0.199033  0.344351 -0.795168  0.269598
4   0.850149  0.706808  0.718697  0.707877  0.862121  0.730172
5   0.701264  0.651176  0.603928  0.498391  0.762752  0.570985
6  -0.540007  0.492061  0.126782  0.070260  0.407916  0.415964
7   0.350125 -0.086521  0.300514  0.350977  0.296124  0.340072
8   0.391740  0.367764  0.424719  0.341834  0.407957  0.363713
9  -0.444376 -0.197327  0.880959 -0.510979 -0.097572 -0.187980
10  0.771214  0.796303  0.846022 -0.815900  0.635776  0.918912
11  0.047178 -0.838255 -0.930272  0.988007 -0.185143  0.339902
420            0         1         2         3         4         5
0   0.802560  0.629384  0.537946 -0.305690  0.869692 -0.998445
1   0.094042 -0.084240  0.111704 -0.151939  0.212353 -0.145082
2   0.480688  0.012553  0.140386 -0.111221  0.361877 -0.290357
3   0.240944  0.245211  0.199033  0.344351 -0.795168  0.269598
4   0.475821  0.508506  0.510966  0.512170  0.514082  0.503853
5   0.606352  0.677259  0.474314  0.658058  0.765543  0.604925
6  -0.540007  0.492061  0.126782  0.070260  0.407916  0.415964
7   0.327254 -0.086521  0.257022  0.265737  0.347629  0.293941
8   0.437015  0.374565  0.340597  0.369668  0.434369  0.331697
9  -0.444376 -0.197327  0.880959 -0.510979 -0.097572 -0.187980
10  0.771214  0.796303  0.846022 -0.815900  0.635776  0.918912
11  0.047178 -0.838255 -0.930272  0.988007 -0.185143  0.339902
