20            0         1         2         3         4         5
0   0.013235 -0.144150 -0.737981  0.087768  0.581495  0.161305
1   0.369286  0.242231  0.401072 -0.533446  0.442686 -0.520697
2   0.029642 -0.219882 -0.277329 -0.295812  0.164016 -0.299428
3  -0.454729 -0.653513  0.747928 -0.171843  0.435490  0.736911
4   0.603238  0.486532  0.525092 -0.187204  0.549443  0.459964
5   0.158755  0.310741  0.320593  0.305224  0.413295  0.288909
6  -0.378274 -0.182871  0.153476  0.097546  0.337453  0.623570
7   0.389500  0.352130  0.375488  0.339302  0.343145  0.351610
8   0.119471  0.116556  0.127198  0.130036  0.134966  0.124699
9  -0.644292  0.503402  0.392948  0.868859 -0.036771 -0.470541
10  0.482616  0.741236 -0.061156 -0.242461  0.312393  0.865615
11  0.442430 -0.202451  0.011257  0.577860 -0.803736  0.368071
40            0         1         2         3         4         5
0   0.013235 -0.144150 -0.737981  0.087768  0.581495  0.161305
1  -0.223127 -0.041881 -0.288244 -0.533446 -0.060298 -0.482606
2   0.037118 -0.299676 -0.296532 -0.295812  0.089273 -0.299428
3  -0.454729 -0.653513  0.747928 -0.171843  0.435490  0.736911
4   0.274151  0.240391  0.259911 -0.187204  0.275383  0.259659
5   0.309316  0.164256  0.246409  0.194045  0.300168  0.238765
6  -0.378274 -0.182871  0.153476  0.097546  0.337453  0.623570
7   0.164135  0.138873  0.129077  0.144501  0.149941  0.136220
8   0.101321  0.088363  0.096561  0.095795  0.120713  0.101774
9  -0.644292  0.503402  0.392948  0.868859 -0.036771 -0.470541
10  0.482616  0.741236 -0.061156 -0.242461  0.312393  0.865615
11  0.442430 -0.202451  0.011257  0.577860 -0.803736  0.368071
60            0         1         2         3         4         5
0   0.013235 -0.144150 -0.737981  0.087768  0.583480  0.161305
1  -0.029118 -0.449255 -0.200219 -0.533446 -0.188149 -0.483966
2  -0.098174 -0.299676 -0.296532 -0.295812 -0.250171 -0.299428
3  -0.331483 -0.653513  0.526937 -0.095706  0.489792  0.653333
4   0.173237  0.157423  0.176954 -0.187204  0.236196  0.162317
5   0.275777 -0.022326  0.031020  0.147285  0.237964  0.203636
6  -0.378274  0.098866  0.293216  0.156171  0.385830  0.414494
7   0.049873  0.050490  0.051785  0.051954  0.053322 -0.023293
8   0.096102  0.082601  0.082363  0.084953  0.087332  0.086838
9  -0.644292  0.503402  0.392948  0.868859 -0.036771 -0.470541
10  0.482616  0.741236 -0.061156 -0.242461  0.312393  0.865615
11  0.442430 -0.202451  0.011257  0.577860 -0.803736  0.368071
80            0         1         2         3         4         5
0   0.218938 -0.144150 -0.737981  0.087768  0.583480  0.209415
1  -0.108521 -0.222699 -0.406448 -0.533446 -0.039193 -0.488424
2  -0.036604 -0.364485 -0.363590 -0.393223 -0.086285 -0.353499
3  -0.178904 -0.653513  0.490030  0.141248  0.292210  0.461618
4   0.325766  0.298449  0.284171 -0.187204  0.290488  0.246638
5   0.219208  0.143595 -0.055068  0.085804  0.180966  0.001033
6  -0.378274  0.168171  0.327322  0.237973  0.373095  0.330459
7   0.099495  0.090347  0.075708  0.088787  0.098539 -0.023293
8   0.068522  0.058569  0.058549  0.058503  0.060653  0.054937
9  -0.644292  0.503402  0.392948  0.868859 -0.036771 -0.470541
10  0.482616  0.741236 -0.061156 -0.242461  0.312393  0.865615
11  0.442430 -0.202451  0.011257  0.577860 -0.803736  0.368071
100            0         1         2         3         4         5
0   0.218938 -0.144150 -0.737981  0.087768  0.583480  0.209415
1  -0.454256 -0.393685 -0.422226 -0.533446 -0.473143 -0.532800
2  -0.332949 -0.386538 -0.310942 -0.393223 -0.210096 -0.353499
3  -0.178904 -0.653513  0.490030  0.141248  0.292210  0.461618
4   0.099099  0.118135  0.108820 -0.187204  0.117655  0.067111
5   0.161885  0.126477 -0.055068  0.035616  0.096729 -0.066624
6  -0.378274  0.168171  0.327322  0.237973  0.373095  0.330459
7   0.044335  0.065369  0.056953  0.058352  0.074263 -0.023293
8   0.063728  0.053049  0.082069  0.059205  0.090018  0.057075
9  -0.644292  0.503402  0.392948  0.868859 -0.036771 -0.470541
10  0.482616  0.741236 -0.061156 -0.242461  0.312393  0.865615
11  0.442430 -0.202451  0.011257  0.577860 -0.803736  0.368071
120            0         1         2         3         4         5
0   0.218938 -0.144150 -0.737981  0.020076  0.583480  0.209415
1  -0.170923 -0.446047  0.172802 -0.533446 -0.342120 -0.532800
2  -0.374493 -0.607725 -0.499048 -0.622830 -0.162176 -0.614616
3  -0.178904 -0.653513  0.455403  0.141248  0.292210  0.454658
4   0.077749  0.076960  0.086033 -0.187204  0.080827  0.073053
5   0.066775 -0.136767  0.167492 -0.135709  0.207545 -0.137690
6  -0.378274  0.168171  0.327322  0.237973  0.329070  0.318270
7   0.008032  0.032973  0.031151  0.028615 -0.043306  0.008556
8   0.128587  0.087802  0.106548  0.113382  0.169279  0.121050
9  -0.644292  0.503402  0.392948  0.868859 -0.036771 -0.470541
10  0.482616  0.741236 -0.061156 -0.242461  0.312393  0.865615
11  0.442430 -0.202451  0.011257  0.577860 -0.803736  0.368071
140            0         1         2         3         4         5
0   0.218938 -0.144150 -0.737981  0.020076  0.583480  0.209415
1   0.011806 -0.286100 -0.132685 -0.533446  0.013564 -0.532800
2  -0.265944 -0.618040 -0.439243 -0.622830 -0.174321 -0.514732
3  -0.243808 -0.653513  0.336188  0.163555  0.292210  0.446512
4   0.345386  0.292555  0.270623 -0.187204  0.331232  0.267252
5   0.172064 -0.186375  0.020798 -0.030037  0.229300  0.105160
6  -0.378274  0.192512  0.296777  0.220342  0.322489  0.292493
7   0.037407  0.032019  0.032823  0.032588 -0.043306  0.028218
8   0.104403  0.117284  0.122818  0.122934  0.139588  0.131309
9  -0.644292  0.503402  0.392948  0.868859 -0.036771 -0.470541
10  0.482616  0.741236 -0.061156 -0.242461  0.312393  0.865615
11  0.442430 -0.202451  0.011257  0.577860 -0.803736  0.368071
160            0         1         2         3         4         5
0   0.218938 -0.144150 -0.737981  0.020076  0.583480  0.209415
1  -0.042977  0.071932 -0.149270 -0.533446 -0.048069 -0.532800
2  -0.265944 -0.618040 -0.476975 -0.622830 -0.133367 -0.514732
3  -0.243808 -0.653513  0.336188  0.163555  0.292210  0.446512
4   0.335344  0.245061  0.270815 -0.187204  0.274265  0.216044
5   0.079626 -0.186375 -0.017948  0.010282  0.221106  0.119791
6  -0.378274  0.192512  0.296777  0.220342  0.322489  0.292493
7   0.087584  0.091375  0.087277  0.094109 -0.043306  0.078531
8   0.104263  0.111067  0.119435  0.121034  0.126177  0.118980
9  -0.644292  0.503402  0.392948  0.868859 -0.036771 -0.470541
10  0.482616  0.741236 -0.061156 -0.242461  0.312393  0.865615
11  0.442430 -0.202451  0.011257  0.577860 -0.803736  0.368071
180            0         1         2         3         4         5
0   0.218938 -0.144150 -0.737981  0.020076  0.583480  0.209415
1  -0.035858 -0.141390  0.162453 -0.533446  0.213549 -0.532800
2  -0.320016 -0.618040 -0.595812 -0.622830 -0.223581 -0.638701
3  -0.183706 -0.653513  0.338290  0.072999  0.298710  0.437582
4   0.181354  0.197791  0.196909 -0.187204  0.166092  0.196746
5   0.052111 -0.186375  0.096555  0.072587  0.084293  0.104576
6  -0.378274  0.186261  0.267138  0.121487  0.285674  0.281625
7   0.057662  0.065088  0.061226  0.048336 -0.043306  0.057994
8   0.060468  0.067318  0.073155  0.064003  0.074140  0.072067
9  -0.644292  0.503402  0.392948  0.868859 -0.036771 -0.470541
10  0.482616  0.741236 -0.061156 -0.242461  0.312393  0.865615
11  0.442430 -0.202451  0.011257  0.577860 -0.803736  0.368071
200            0         1         2         3         4         5
0   0.218938 -0.144150 -0.737981  0.020076  0.583480  0.209415
1   0.393092 -0.010293 -0.270632 -0.533446  0.167234 -0.532800
2  -0.231126 -0.650673 -0.654052 -0.650054  0.047984 -0.638701
3  -0.116043 -0.653513  0.338290  0.072999  0.239448  0.437582
4   0.362112  0.287834  0.324582 -0.187204  0.376784  0.348770
5   0.025026 -0.186375  0.035089  0.075674  0.105970  0.021257
6  -0.378274  0.186261  0.267138  0.121487  0.285674  0.281625
7   0.063174  0.065421 -0.009883  0.058522 -0.043306  0.059594
8   0.047773  0.050851  0.042756  0.049996  0.059025  0.050866
9  -0.644292  0.503402  0.392948  0.868859 -0.036771 -0.470541
10  0.482616  0.741236 -0.061156 -0.242461  0.312393  0.865615
11  0.442430 -0.202451  0.011257  0.577860 -0.803736  0.368071
220            0         1         2         3         4         5
0   0.218938 -0.144150 -0.737981  0.020076  0.583480  0.209415
1   0.064404 -0.217213 -0.007066 -0.533446 -0.196401 -0.532800
2  -0.178097 -0.650673 -0.654052 -0.650054 -0.135164 -0.638701
3  -0.116043 -0.653513  0.338290  0.072999  0.239448  0.437582
4   0.262307  0.250303  0.223188 -0.187204  0.237778  0.251144
5   0.090224 -0.186375 -0.075168  0.068061 -0.030669  0.082034
6  -0.378274  0.186261  0.267138  0.121487  0.285674  0.281625
7   0.076707  0.071029  0.077974  0.071966 -0.043306  0.070552
8   0.046276  0.046045  0.044827  0.046827  0.046632  0.044800
9  -0.644292  0.503402  0.392948  0.868859 -0.036771 -0.470541
10  0.482616  0.741236 -0.061156 -0.242461  0.312393  0.865615
11  0.442430 -0.202451  0.011257  0.577860 -0.803736  0.368071
240            0         1         2         3         4         5
0   0.218938 -0.144150 -0.737981  0.020076  0.583480  0.209415
1   0.003730 -0.182245  0.191624 -0.533446 -0.150336 -0.532800
2   0.032960 -0.656230 -0.654052 -0.650054  0.052340 -0.616799
3  -0.116043 -0.653513  0.338290  0.072999  0.239448  0.437582
4   0.397102  0.348571  0.433634 -0.187204  0.391627  0.373266
5   0.248565 -0.186375  0.213610  0.127059  0.264299  0.207062
6  -0.378274  0.186261  0.263278  0.121487  0.285674  0.281625
7   0.066534  0.056668  0.070780  0.062476 -0.043306  0.069795
8   0.117001  0.097420  0.103036  0.100913  0.095471  0.103389
9  -0.644292  0.503402  0.392948  0.868859 -0.036771 -0.470541
10  0.482616  0.741236 -0.061156 -0.242461  0.312393  0.865615
11  0.442430 -0.202451  0.011257  0.577860 -0.803736  0.368071
260            0         1         2         3         4         5
0   0.218938 -0.144150 -0.737981  0.020076  0.583480  0.209415
1  -0.151725 -0.075558 -0.110599 -0.533446  0.011431 -0.532800
2  -0.021936 -0.656230 -0.654052 -0.650054  0.071703 -0.623598
3  -0.116043 -0.653513  0.338290  0.072999  0.239448  0.437582
4   0.429029  0.345553  0.342749 -0.187204  0.338442  0.323349
5   0.077349 -0.186375  0.167023  0.100013  0.263000  0.060241
6  -0.378274  0.186261  0.263278  0.121487  0.285674  0.281625
7   0.066449 -0.041040  0.084454  0.068590 -0.043306  0.051551
8   0.148159  0.146390  0.145631  0.135362  0.200814  0.154335
9  -0.644292  0.503402  0.392948  0.868859 -0.036771 -0.470541
10  0.482616  0.741236 -0.061156 -0.242461  0.312393  0.865615
11  0.442430 -0.202451  0.011257  0.577860 -0.803736  0.368071
280            0         1         2         3         4         5
0   0.218938 -0.144150 -0.737981  0.080758  0.583480  0.209415
1  -0.095724 -0.349304 -0.355858 -0.533446 -0.276489 -0.532800
2  -0.049501 -0.656230 -0.654052 -0.650054  0.024021 -0.623598
3  -0.068094 -0.653513  0.241390  0.143551  0.310352  0.403612
4   0.139612  0.128591  0.131004 -0.187204  0.188550  0.120211
5   0.111038 -0.186375  0.157792  0.105810  0.147593  0.056701
6  -0.378274  0.196788  0.245787  0.173839  0.199599  0.249476
7   0.028286  0.023831  0.028492 -0.049930 -0.036349  0.030284
8   0.133810  0.140998  0.126014  0.142216  0.144143  0.138198
9  -0.644292  0.503402  0.392948  0.868859 -0.036771 -0.470541
10  0.482616  0.741236 -0.061156 -0.242461  0.312393  0.865615
11  0.442430 -0.202451  0.011257  0.577860 -0.803736  0.368071
300            0         1         2         3         4         5
0   0.218938 -0.144150 -0.737981  0.080758  0.583480  0.209415
1  -0.410302 -0.243275 -0.468123 -0.533446 -0.346690 -0.532800
2  -0.207138 -0.656230 -0.654052 -0.650054 -0.030508 -0.623598
3   0.006193 -0.653513  0.241390  0.143551  0.213560  0.387629
4   0.131492  0.117170  0.128455 -0.187204  0.111057  0.125829
5   0.234418 -0.186375  0.195285  0.062005  0.241584  0.042714
6  -0.378274  0.197141  0.243962  0.164767  0.198757  0.222115
7   0.035447  0.044169  0.048743 -0.049930  0.037071  0.043479
8   0.114113  0.093318  0.104475  0.106890  0.108488  0.098909
9  -0.644292  0.503402  0.392948  0.868859 -0.036771 -0.470541
10  0.482616  0.741236 -0.061156 -0.242461  0.312393  0.865615
11  0.442430 -0.202451  0.011257  0.577860 -0.803736  0.368071
320            0         1         2         3         4         5
0   0.218938 -0.144150 -0.737981  0.080758  0.583480  0.209415
1  -0.082618 -0.423418 -0.527806 -0.533446 -0.194785 -0.532800
2  -0.257297 -0.656230 -0.654052 -0.672183 -0.195750 -0.641911
3   0.006193 -0.653513  0.241390  0.045519  0.213560  0.387629
4   0.257387  0.305979  0.242148 -0.187204  0.287605  0.237613
5   0.033409 -0.186375  0.188999  0.115714  0.024860 -0.011678
6  -0.378274  0.197141  0.243962  0.164767  0.198757  0.222115
7   0.073487  0.071434  0.072812 -0.049930  0.080870  0.071174
8   0.083226  0.082823  0.081402  0.083394  0.084611  0.078001
9  -0.644292  0.503402  0.392948  0.868859 -0.036771 -0.470541
10  0.482616  0.741236 -0.061156 -0.242461  0.312393  0.865615
11  0.442430 -0.202451  0.011257  0.577860 -0.803736  0.368071
340            0         1         2         3         4         5
0   0.218938 -0.075255 -0.737981  0.080758  0.583480  0.210784
1   0.165182 -0.495638 -0.527806 -0.533446 -0.014125 -0.532800
2  -0.362240 -0.446317 -0.363567 -0.672183  0.134288 -0.666694
3   0.014402 -0.653513  0.232224  0.175777  0.247046  0.160971
4   0.184053  0.117097  0.175443 -0.187204  0.156032  0.177521
5   0.055782 -0.186375  0.173490 -0.041668  0.155955  0.173972
6  -0.378274  0.172647  0.194381  0.176968  0.224642  0.195487
7   0.100259  0.066464  0.053389 -0.049930  0.061816  0.075871
8   0.106816  0.102217  0.104112  0.100802  0.113283  0.106787
9  -0.644292  0.503402  0.392948  0.868859 -0.036771 -0.470541
10  0.482616  0.741236 -0.061156 -0.242461  0.312393  0.865615
11  0.442430 -0.202451  0.011257  0.577860 -0.803736  0.368071
360            0         1         2         3         4         5
0   0.218938 -0.075255 -0.737981  0.080758  0.583480  0.210784
1   0.023253 -0.071559 -0.538632 -0.533446  0.124739 -0.532800
2  -0.024171 -0.558120 -0.137716 -0.672183  0.241571 -0.664484
3   0.014402 -0.653513  0.232224  0.175777  0.247046  0.160971
4   0.286635  0.293991  0.239347 -0.187204  0.312469  0.246914
5   0.239896 -0.186375  0.119211  0.150439  0.195441  0.182941
6  -0.378274  0.172647  0.194381  0.176968  0.224642  0.195487
7   0.093582  0.095434  0.086150 -0.049930  0.131646  0.089571
8   0.147051  0.133585  0.155268  0.146056  0.188201  0.151155
9  -0.644292  0.503402  0.392948  0.868859 -0.036771 -0.470541
10  0.482616  0.741236 -0.061156 -0.242461  0.312393  0.865615
11  0.442430 -0.202451  0.011257  0.577860 -0.803736  0.368071
380            0         1         2         3         4         5
0   0.218938 -0.075255 -0.737981  0.092446  0.583480  0.209470
1  -0.300872 -0.493747 -0.538632 -0.550647 -0.444680 -0.567681
2  -0.158608 -0.558120 -0.207926 -0.672183  0.077187 -0.664484
3  -0.045668 -0.653513  0.225257  0.179535  0.135866  0.170157
4   0.087613  0.085370  0.106171 -0.187204  0.100116  0.071833
5   0.062091 -0.186375  0.135558  0.079584  0.209574  0.170348
6  -0.378274  0.196780  0.165050  0.175993  0.207203  0.189515
7   0.027055  0.024839  0.024827 -0.049930  0.024864  0.025376
8   0.142322  0.141432  0.151593  0.142719  0.156290  0.156945
9  -0.644292  0.503402  0.392948  0.868859 -0.036771 -0.470541
10  0.482616  0.741236 -0.061156 -0.242461  0.312393  0.865615
11  0.442430 -0.202451  0.011257  0.577860 -0.803736  0.368071
400            0         1         2         3         4         5
0   0.218938 -0.075255 -0.737981  0.101222  0.583480  0.209470
1  -0.083881 -0.227068 -0.313106 -0.564731 -0.193503 -0.567681
2  -0.085693 -0.616944 -0.182174 -0.672183 -0.201109 -0.674469
3  -0.074380 -0.653513  0.235038  0.180385  0.056416  0.175758
4   0.109240  0.088193  0.092278 -0.187204  0.073069  0.089544
5   0.155187 -0.186375 -0.005447  0.182547  0.083471  0.138331
6  -0.378274  0.168807  0.210634  0.175245  0.194990  0.181868
7   0.022732  0.021045  0.019920 -0.049930  0.017288  0.017290
8   0.111059  0.097080  0.100553  0.100904  0.100527  0.087619
9  -0.644292  0.503402  0.392948  0.868859 -0.036771 -0.470541
10  0.482616  0.741236 -0.061156 -0.242461  0.312393  0.865615
11  0.442430 -0.202451  0.011257  0.577860 -0.803736  0.368071
420            0         1         2         3         4         5
0   0.218938 -0.075255 -0.737981  0.101222  0.583480  0.209470
1  -0.274829 -0.349205 -0.545247 -0.564731 -0.233420 -0.567681
2  -0.071693 -0.616944 -0.338019 -0.691597 -0.043692 -0.674469
3  -0.074380 -0.653513  0.235038  0.180385  0.056416  0.175758
4   0.137597  0.141089  0.160498 -0.187204  0.167213  0.108285
5   0.171782 -0.186375  0.118400  0.190708  0.237450  0.043557
6  -0.378274  0.168807  0.210634  0.175245  0.194990  0.181868
7   0.069302  0.046481  0.051489 -0.049930  0.057264  0.045412
8   0.101067  0.094593  0.088324  0.088356  0.115305  0.091879
9  -0.644292  0.503402  0.392948  0.868859 -0.036771 -0.470541
10  0.482616  0.741236 -0.061156 -0.242461  0.312393  0.865615
11  0.442430 -0.202451  0.011257  0.577860 -0.803736  0.368071
