20            0         1         2         3         4         5
0  -0.689034 -0.992814  0.344902 -0.277287  0.015230 -0.727904
1   0.630875  0.147523  0.452593  0.177476  0.563006  0.039584
2   0.348310  0.443214  0.254762 -0.377688  0.713287 -0.322098
3   0.724031 -0.492926 -0.759892  0.619271 -0.287688 -0.508431
4   0.827429  0.837258 -0.272127  0.826471  0.791915  0.769432
5   0.915712  0.918378  0.795142  0.876095  0.866600  0.902693
6   0.717029  0.923506 -0.503662 -0.674286 -0.530846 -0.601903
7   0.639789  0.164808  0.454426 -0.672123  0.622433  0.100282
8   0.485630  0.320438 -0.033613  0.296959  0.428983 -0.011943
9  -0.686263  0.563842  0.851795 -0.779420  0.084648 -0.162402
10  0.195867  0.332683 -0.163910  0.756409  0.077363  0.103677
11  0.430823  0.902307 -0.616035 -0.169710  0.539685 -0.650971
40            0         1         2         3         4         5
0  -0.689034 -0.992814  0.344902 -0.277287  0.015230 -0.727904
1   0.623041  0.550934  0.406104  0.100606  0.734588  0.046654
2   0.765924  0.503181  0.441361 -0.377688  0.928922 -0.158218
3   0.724031 -0.492926 -0.759892  0.619271 -0.287688 -0.508431
4   1.008176  0.975214 -0.272127  0.949456  1.027678  0.986766
5   1.064180  0.997850  1.029422  0.971188  1.142831  0.901189
6   0.717029  0.923506 -0.503662 -0.674286 -0.530846 -0.601903
7   0.528111  0.561110  0.639952 -0.672123  0.620741  0.534958
8   0.524672  0.370859 -0.033613  0.368915  0.454202  0.064592
9  -0.686263  0.563842  0.851795 -0.779420  0.084648 -0.162402
10  0.195867  0.332683 -0.163910  0.756409  0.077363  0.103677
11  0.430823  0.902307 -0.616035 -0.169710  0.539685 -0.650971
60            0         1         2         3         4         5
0  -0.689034 -0.992814  0.344902 -0.226644  0.104439 -0.655255
1   0.739650  0.639707  0.670981  0.265048  0.878878  0.062060
2   0.875022  0.502653  0.509232 -0.377688  0.922386 -0.115446
3   0.735566 -0.265906 -0.759892  0.595430 -0.236525 -0.349585
4   1.097759  1.053832 -0.272127  1.069326  1.143123  1.040613
5   1.097530  0.994235  1.048907  1.038899  1.141671  0.936289
6   0.748915  0.877330 -0.503662 -0.674286 -0.458128 -0.601903
7   0.641481  0.531973  0.602259 -0.672123  0.594828  0.564079
8   0.524672  0.369121 -0.033613  0.415901  0.451687  0.096301
9  -0.686263  0.563842  0.851795 -0.779420  0.084648 -0.162402
10  0.195867  0.332683 -0.163910  0.756409  0.077363  0.103677
11  0.430823  0.902307 -0.616035 -0.169710  0.539685 -0.650971
80            0         1         2         3         4         5
0  -0.689034 -0.992814  0.344902 -0.226644  0.104439 -0.655255
1   0.891567  0.879480  0.924715  0.368787  1.314087  0.062060
2   0.902258  0.701650  0.734315 -0.377688  0.911690 -0.069831
3   0.735566 -0.265906 -0.759892  0.595430 -0.236525 -0.349585
4   1.369161  1.265089 -0.272127  1.259145  1.302841  1.236448
5   1.098323  1.153489  1.085897  1.038477  1.268217  1.075722
6   0.748915  0.877330 -0.503662 -0.674286 -0.458128 -0.601903
7   0.492153  0.531567  0.618120 -0.672123  0.660126  0.563033
8   0.510367  0.454246 -0.033613  0.488843  0.536869  0.363811
9  -0.686263  0.563842  0.851795 -0.779420  0.084648 -0.162402
10  0.195867  0.332683 -0.163910  0.756409  0.077363  0.103677
11  0.430823  0.902307 -0.616035 -0.169710  0.539685 -0.650971
100            0         1         2         3         4         5
0  -0.689034 -0.992814  0.364436 -0.226644  0.104439 -0.655255
1   1.277160  1.148202  1.046799  0.657026  1.207014  0.214766
2   0.900863  0.717422  0.775088 -0.377688  1.025199  0.002288
3   0.758690 -0.265906 -0.759892  0.595430 -0.236525 -0.349585
4   1.548213  1.520611 -0.272127  1.459129  1.569898  1.498424
5   1.213535  1.139724  1.180684  1.073178  1.239867  1.202031
6   0.748915  0.877330 -0.503662 -0.674286 -0.458128 -0.601903
7   0.674957  0.609338  0.615891 -0.672123  0.640701  0.601834
8   0.492681  0.521604 -0.033613  0.518040  0.570263  0.442913
9  -0.686263  0.563842  0.851795 -0.779420  0.084648 -0.162402
10  0.195867  0.332683 -0.163910  0.756409  0.077363  0.103677
11  0.430823  0.902307 -0.616035 -0.169710  0.539685 -0.650971
120            0         1         2         3         4         5
0  -0.689034 -0.992814  0.364436 -0.226644  0.104439 -0.655255
1   1.343643  1.212800  1.207196  0.682162  1.189820  0.286488
2   0.996301  0.997615  0.853618 -0.377688  1.299410  0.089172
3   0.758690 -0.265906 -0.759892  0.595430 -0.236525 -0.349585
4   1.509784  1.459074 -0.272127  1.427008  1.433384  1.499812
5   1.311093  1.283839  1.267834  1.289423  1.522263  1.303061
6   0.748915  0.877330 -0.503662 -0.674286 -0.458128 -0.601903
7   0.647752  0.644869  0.671018 -0.672123  0.697331  0.610774
8   0.636181  0.631239 -0.033613  0.547211  0.745861  0.614036
9  -0.686263  0.563842  0.851795 -0.779420  0.084648 -0.162402
10  0.195867  0.332683 -0.163910  0.756409  0.077363  0.103677
11  0.430823  0.902307 -0.616035 -0.169710  0.539685 -0.650971
140            0         1         2         3         4         5
0  -0.689034 -0.992814  0.364436 -0.226644  0.104439 -0.655255
1   1.369067  1.171876  1.271183  0.743242  1.497658  0.351395
2   1.262525  1.073805  0.964543 -0.377688  1.426107  0.351251
3   0.768442 -0.214676 -0.759892  0.595430 -0.236525 -0.349585
4   1.647659  1.602055 -0.272127  1.591360  1.597321  1.503850
5   1.565234  1.365169  1.552330  1.514786  1.581580  1.453771
6   0.728868  0.877330 -0.434613 -0.674286 -0.458128 -0.601903
7   0.809643  0.788281  0.806473 -0.672123  0.877729  0.738817
8   0.658977  0.729313 -0.033613  0.651801  0.864343  0.751874
9  -0.686263  0.563842  0.851795 -0.779420  0.084648 -0.162402
10  0.195867  0.332683 -0.163910  0.756409  0.077363  0.103677
11  0.430823  0.902307 -0.616035 -0.169710  0.539685 -0.650971
160            0         1         2         3         4         5
0  -0.689034 -0.992814  0.364436 -0.226644  0.104439 -0.655255
1   1.488811  1.493905  1.332404  1.042565  1.766145  0.788817
2   1.262525  1.040573  1.060992 -0.377688  1.426107  0.351251
3   0.768442 -0.214676 -0.759892  0.595430 -0.236525 -0.349585
4   1.900955  1.851018 -0.272127  1.927478  1.970974  1.911449
5   1.587246  1.413527  1.552330  1.520824  1.635535  1.471493
6   0.728868  0.877330 -0.434613 -0.674286 -0.458128 -0.601903
7   1.098321  0.934404  0.975883 -0.672123  1.144964  1.068011
8   0.658977  0.729313 -0.033613  0.651801  0.864343  0.751874
9  -0.686263  0.563842  0.851795 -0.779420  0.084648 -0.162402
10  0.195867  0.332683 -0.163910  0.756409  0.077363  0.103677
11  0.430823  0.902307 -0.616035 -0.169710  0.539685 -0.650971
180            0         1         2         3         4         5
0  -0.689034 -0.992814  0.421661 -0.226644  0.104439 -0.655255
1   1.546386  1.379708  1.434241  1.105615  1.806459  0.934924
2   1.365740  1.170024  1.025830 -0.377688  1.455747  0.643414
3   0.729857 -0.073844 -0.759892  0.583337 -0.057297 -0.240537
4   1.938774  1.876925 -0.272127  1.934649  1.946892  1.885037
5   1.529021  1.548591  1.681421  1.561923  1.613801  1.547641
6   0.709843  0.877330 -0.247497 -0.674286 -0.327921 -0.601903
7   1.043964  0.954353  1.010223 -0.672123  1.118366  1.096792
8   0.826978  0.828526 -0.033613  0.758251  1.061814  0.898427
9  -0.686263  0.563842  0.851795 -0.779420  0.084648 -0.162402
10  0.195867  0.332683 -0.163910  0.756409  0.077363  0.103677
11  0.430823  0.902307 -0.616035 -0.169710  0.539685 -0.650971
200            0         1         2         3         4         5
0  -0.689034 -0.992814  0.421661 -0.226644  0.104439 -0.655255
1   1.799427  1.435427  1.656330  1.197347  1.889157  1.158748
2   1.313634  1.112902  1.215874 -0.377688  1.536928  0.678263
3   0.729857 -0.073844 -0.759892  0.583337 -0.057297 -0.240537
4   2.025942  2.011658 -0.272127  2.023281  2.106054  1.985872
5   1.711144  1.635575  1.677368  1.443430  1.740133  1.633820
6   0.726173  0.833464 -0.191255 -0.674286 -0.269852 -0.601903
7   1.249145  1.053809  1.125315 -0.672123  1.170203  1.136851
8   0.848477  0.918946 -0.033613  0.901866  1.036639  0.956394
9  -0.686263  0.563842  0.851795 -0.779420  0.084648 -0.162402
10  0.195867  0.332683 -0.163910  0.756409  0.077363  0.103677
11  0.430823  0.902307 -0.616035 -0.169710  0.539685 -0.650971
220            0         1         2         3         4         5
0  -0.689034 -0.992814  0.421661 -0.226644  0.104439 -0.655255
1   1.917075  1.575028  1.795157  1.305363  1.961275  1.357412
2   1.428965  1.105216  1.248951 -0.377688  1.563372  0.682124
3   0.729857 -0.073844 -0.759892  0.583337 -0.057297 -0.240537
4   2.183847  2.135834 -0.272127  2.088305  2.125883  2.196241
5   1.673690  1.614536  1.761030  1.561962  1.715015  1.712971
6   0.726173  0.833464 -0.191255 -0.674286 -0.269852 -0.601903
7   1.185634  1.212305  1.207504 -0.672123  1.152314  1.110885
8   0.895977  0.983789 -0.033613  0.926866  1.036639  0.922715
9  -0.686263  0.563842  0.851795 -0.779420  0.084648 -0.162402
10  0.195867  0.332683 -0.163910  0.756409  0.077363  0.103677
11  0.430823  0.902307 -0.616035 -0.169710  0.539685 -0.650971
240            0         1         2         3         4         5
0  -0.689034 -0.992814  0.421661 -0.226644  0.104439 -0.655255
1   1.981220  1.727794  1.929138  1.289749  1.985049  1.379847
2   1.944734  1.610956  1.660846 -0.377688  1.668957  0.852310
3   0.729857 -0.073844 -0.759892  0.583337 -0.057297 -0.240537
4   2.235105  2.196627 -0.272127  2.241883  2.276743  2.254930
5   1.972358  1.827788  1.947133  1.971673  2.114723  1.861481
6   0.726173  0.833464 -0.191255 -0.674286 -0.269852 -0.601903
7   1.289960  1.306633  1.287860 -0.672123  1.408100  1.146987
8   1.159650  1.189382 -0.033613  1.138284  1.311171  1.037390
9  -0.686263  0.563842  0.851795 -0.779420  0.084648 -0.162402
10  0.195867  0.332683 -0.163910  0.756409  0.077363  0.103677
11  0.430823  0.902307 -0.616035 -0.169710  0.539685 -0.650971
260            0         1         2         3         4         5
0  -0.689034 -0.992814  0.421661 -0.226644  0.104439 -0.655255
1   2.221999  1.918381  2.089431  1.553723  2.145563  1.523837
2   1.874794  1.604209  1.603712 -0.377688  2.055127  1.073638
3   0.729857 -0.073844 -0.759892  0.583337 -0.057297 -0.240537
4   2.494140  2.449604 -0.272127  2.407280  2.479157  2.338399
5   1.985751  2.060388  2.084747  2.070997  2.129978  2.136786
6   0.726173  0.833464 -0.191255 -0.674286 -0.269852 -0.601903
7   1.571552  1.558862  1.547496 -0.672123  1.700613  1.342394
8   1.342100  1.188074 -0.033613  1.288879  1.536037  1.206889
9  -0.686263  0.563842  0.851795 -0.779420  0.084648 -0.162402
10  0.195867  0.332683 -0.163910  0.756409  0.077363  0.103677
11  0.430823  0.902307 -0.616035 -0.169710  0.539685 -0.650971
280            0         1         2         3         4         5
0  -0.689034 -0.992814  0.467544 -0.226644  0.104439 -0.655255
1   2.273684  2.053042  2.066757  1.569523  2.366832  1.640156
2   1.978430  1.622691  1.667825 -0.377688  2.069265  1.146302
3   0.713537  0.173568 -0.759892  0.588887  0.236462  0.020152
4   2.472931  2.462818 -0.272127  2.481943  2.517923  2.436974
5   2.073069  2.127168  2.033139  2.008572  2.062672  2.136786
6   0.773785  0.791791 -0.045105 -0.674286 -0.216770 -0.601903
7   1.441755  1.551592  1.473557 -0.672123  1.351327  1.523458
8   1.413809  1.181216 -0.033613  1.354353  1.459235  1.268929
9  -0.686263  0.563842  0.851795 -0.779420  0.084648 -0.162402
10  0.195867  0.332683 -0.163910  0.756409  0.077363  0.103677
11  0.430823  0.902307 -0.616035 -0.169710  0.539685 -0.650971
300            0         1         2         3         4         5
0  -0.689034 -0.992814  0.467544 -0.226644  0.104439 -0.655255
1   2.779573  2.067909  2.333297  1.862068  2.612326  1.801188
2   1.930883  1.806486  1.818001 -0.377688  2.045746  1.183894
3   0.713537  0.173568 -0.759892  0.588887  0.236462  0.020152
4   2.685382  2.815447 -0.272127  2.801284  2.849502  2.740729
5   2.183665  2.134553  2.168352  1.953745  2.213988  2.081236
6   0.773785  0.791791 -0.045105 -0.674286 -0.216770 -0.601903
7   1.399515  1.418742  1.399344 -0.672123  1.487750  1.406819
8   1.392404  1.391663 -0.033613  1.305672  1.554093  1.375352
9  -0.686263  0.563842  0.851795 -0.779420  0.084648 -0.162402
10  0.195867  0.332683 -0.163910  0.756409  0.077363  0.103677
11  0.430823  0.902307 -0.616035 -0.169710  0.539685 -0.650971
320            0         1         2         3         4         5
0  -0.689034 -0.992814  0.467544 -0.226644  0.104439 -0.655255
1   2.554548  2.501734  2.487402  2.096200  2.527647  2.020298
2   2.001014  1.772165  1.868909 -0.377688  2.036605  1.277498
3   0.713537  0.173568 -0.759892  0.588887  0.236462  0.020152
4   2.921099  2.790552 -0.272127  2.866248  2.830700  2.854762
5   2.268776  2.050339  2.221521  2.091521  2.339679  2.179075
6   0.777858  0.791791 -0.003260 -0.674286 -0.216770 -0.571808
7   1.695547  1.624383  1.720324 -0.672123  1.862976  1.720907
8   1.371959  1.290365 -0.033613  1.351753  1.554093  1.408507
9  -0.686263  0.563842  0.851795 -0.779420  0.084648 -0.162402
10  0.195867  0.332683 -0.163910  0.756409  0.077363  0.103677
11  0.430823  0.902307 -0.616035 -0.169710  0.539685 -0.650971
340            0         1         2         3         4         5
0  -0.689034 -0.992814  0.489843 -0.179635  0.215186 -0.586816
1   2.557961  2.313507  2.374948  2.167952  2.604232  2.071519
2   2.251147  2.016782  2.161434 -0.377688  2.412414  1.566938
3   0.713537  0.272673 -0.759892  0.612009  0.324005  0.167420
4   2.816494  2.824211 -0.272127  2.820389  2.823464  2.825200
5   2.394993  2.390905  2.629434  2.409841  2.457778  2.570861
6   0.777858  0.791791  0.176596 -0.674286 -0.205931 -0.503628
7   1.654768  1.709541  1.772510 -0.672123  1.719668  1.664902
8   1.608764  1.278717 -0.033613  1.390582  1.613616  1.446042
9  -0.686263  0.563842  0.851795 -0.779420  0.084648 -0.162402
10  0.195867  0.332683 -0.163910  0.756409  0.077363  0.103677
11  0.430823  0.902307 -0.616035 -0.169710  0.539685 -0.650971
360            0         1         2         3         4         5
0  -0.689034 -0.992814  0.489843 -0.179635  0.215186 -0.586816
1   2.799575  2.635994  2.626386  2.206210  2.840611  2.175668
2   2.451729  2.193157  2.436197 -0.377688  2.515193  1.746779
3   0.713537  0.272673 -0.759892  0.612009  0.324005  0.167420
4   3.147564  3.043537 -0.272127  3.008933  3.047433  3.011164
5   2.668635  2.647847  2.577282  2.703504  2.736636  2.583618
6   0.777858  0.791791  0.176596 -0.674286 -0.205931 -0.503628
7   1.545801  1.578182  1.659007 -0.672123  1.812966  1.697277
8   1.795183  1.390268 -0.033613  1.502285  1.716441  1.604558
9  -0.686263  0.563842  0.851795 -0.779420  0.084648 -0.162402
10  0.195867  0.332683 -0.163910  0.756409  0.077363  0.103677
11  0.430823  0.902307 -0.616035 -0.169710  0.539685 -0.650971
380            0         1         2         3         4         5
0  -0.689034 -0.992814  0.489843 -0.179635  0.215186 -0.586816
1   2.880146  2.596298  2.709565  2.387372  2.757195  2.279441
2   2.447421  2.209566  2.436197 -0.377688  2.515193  1.747718
3   0.713537  0.272673 -0.759892  0.612009  0.324005  0.167420
4   3.067805  3.042227 -0.272127  3.137203  3.118375  2.992311
5   2.630000  2.687525  2.595639  2.626399  2.765564  2.620519
6   0.777858  0.791791  0.176596 -0.674286 -0.205931 -0.503628
7   1.990246  1.820250  1.811200 -0.672123  1.815719  1.819278
8   1.706865  1.497533 -0.033613  1.458788  1.734254  1.614090
9  -0.686263  0.563842  0.851795 -0.779420  0.084648 -0.162402
10  0.195867  0.332683 -0.163910  0.756409  0.077363  0.103677
11  0.430823  0.902307 -0.616035 -0.169710  0.539685 -0.650971
400            0         1         2         3         4         5
0  -0.689034 -0.992814  0.489843 -0.179635  0.215186 -0.586816
1   2.971451  2.516158  2.621794  2.351079  2.825476  2.268931
2   2.620888  2.224953  2.495752 -0.377688  2.511292  1.909640
3   0.681021  0.295431 -0.759892  0.627882  0.362699  0.167420
4   3.019736  3.016605 -0.272127  3.050458  3.120074  2.997487
5   2.881111  2.810782  2.687954  2.790389  2.754240  2.701119
6   0.743400  0.791791  0.290710 -0.674286 -0.205931 -0.503628
7   1.996147  1.939222  1.995929 -0.672123  1.769913  1.855723
8   1.744978  1.518065 -0.033613  1.486810  1.710763  1.678001
9  -0.686263  0.563842  0.851795 -0.779420  0.084648 -0.162402
10  0.195867  0.332683 -0.163910  0.756409  0.077363  0.103677
11  0.430823  0.902307 -0.616035 -0.169710  0.539685 -0.650971
420            0         1         2         3         4         5
0  -0.689034 -0.992814  0.489843 -0.179635  0.215186 -0.586816
1   3.166036  2.666445  2.674840  2.458139  2.885420  2.437432
2   2.443750  2.236216  2.365434 -0.377688  2.549381  1.941542
3   0.681021  0.295431 -0.759892  0.627882  0.362699  0.167420
4   3.358856  3.296772 -0.272127  3.227859  3.315823  3.203291
5   2.810065  2.671129  2.779674  2.751959  2.762440  2.738075
6   0.743400  0.791791  0.290710 -0.674286 -0.205931 -0.503628
7   2.077890  2.037692  2.003096 -0.672123  2.228962  2.059459
8   1.663105  1.583717 -0.033613  1.546560  1.943016  1.776302
9  -0.686263  0.563842  0.851795 -0.779420  0.084648 -0.162402
10  0.195867  0.332683 -0.163910  0.756409  0.077363  0.103677
11  0.430823  0.902307 -0.616035 -0.169710  0.539685 -0.650971
