20            0         1         2         3         4         5
0  -0.567933  0.540223 -0.667133  0.404384 -0.927525  0.029582
1   0.512949 -0.158005 -0.453127 -0.771170  0.233399 -0.152576
2  -0.673143  0.241145 -0.275235 -0.458106 -0.129686 -0.085390
3   0.126317  0.941258 -0.019523 -0.296938 -0.227020 -0.457930
4   0.783212 -0.490369  0.720132  0.584781  0.171174  0.127102
5   0.407087  0.537293  0.545557  0.243571  0.358043 -0.287645
6   0.925216  0.958223 -0.532364  0.717293  0.422317  0.503739
7   0.152812 -0.594232 -0.509932 -0.793693 -0.024047  0.033209
8   0.633672  0.701043  0.492261  0.083809  0.411333  0.662068
9   0.141498  0.110757  0.904089 -0.236434  0.481384 -0.625885
10  0.695734  0.787493  0.258280  0.047744 -0.804945  0.602690
11 -0.111705  0.901025 -0.724827  0.883337 -0.315724  0.250891
40            0         1         2         3         4         5
0  -0.567933  0.540223 -0.667133  0.404384 -0.927525  0.029582
1   0.368330 -0.034920 -0.321165 -0.771170  0.294082 -0.150103
2  -0.673143  0.137071 -0.250220 -0.456271  0.002632 -0.144454
3   0.126317  0.941258 -0.019523 -0.296938 -0.227020 -0.457930
4   0.652247 -0.490369  0.617847  0.592727  0.527725  0.479006
5   0.422537  0.501872  0.520016  0.295032  0.427964 -0.287645
6   0.925216  0.958223 -0.532364  0.717293  0.422317  0.503739
7   0.162731 -0.082434  0.001930 -0.793693  0.159617  0.131318
8   0.618394  0.653595  0.524167  0.133973  0.458921  0.628207
9   0.141498  0.110757  0.904089 -0.236434  0.481384 -0.625885
10  0.695734  0.787493  0.258280  0.047744 -0.804945  0.602690
11 -0.111705  0.901025 -0.724827  0.883337 -0.315724  0.250891
60            0         1         2         3         4         5
0  -0.567933  0.540223 -0.667133  0.404384 -0.927525  0.053779
1   0.265353 -0.067646 -0.202775 -0.771170  0.278718 -0.187965
2  -0.673143  0.112951 -0.253974 -0.456271  0.014899 -0.146328
3   0.153620  0.928165  0.004523 -0.261864 -0.205007 -0.457930
4   0.582677 -0.490369  0.560310  0.544850  0.564445  0.499567
5   0.435110  0.496382  0.500269  0.311719  0.429864 -0.287645
6   0.904832  0.944895 -0.532364  0.737810  0.475726  0.537688
7   0.150156  0.107185  0.130847 -0.793693  0.156428  0.141888
8   0.605871  0.632973  0.534103  0.164341  0.478594  0.614701
9   0.141498  0.110757  0.904089 -0.236434  0.481384 -0.625885
10  0.695734  0.787493  0.258280  0.047744 -0.804945  0.602690
11 -0.111705  0.901025 -0.724827  0.883337 -0.315724  0.250891
80            0         1         2         3         4         5
0  -0.567933  0.543158 -0.667133  0.404384 -0.927525  0.053779
1   0.294080 -0.039837 -0.180586 -0.771170  0.270349 -0.237803
2  -0.673143  0.021558 -0.220445 -0.466904  0.006091 -0.208076
3   0.151679  0.909015  0.018964 -0.261864 -0.205007 -0.457930
4   0.574164 -0.490369  0.531953  0.526096  0.542406  0.485254
5   0.406283  0.421074  0.396819  0.328889  0.397881 -0.287645
6   0.876468  0.909563 -0.532364  0.750532  0.521079  0.577434
7   0.134911  0.124753  0.129930 -0.793693  0.140711  0.133625
8   0.539066  0.548809  0.513440  0.257682  0.495942  0.559092
9   0.141498  0.110757  0.904089 -0.236434  0.481384 -0.625885
10  0.695734  0.787493  0.258280  0.047744 -0.804945  0.602690
11 -0.111705  0.901025 -0.724827  0.883337 -0.315724  0.250891
100            0         1         2         3         4         5
0  -0.567933  0.543158 -0.667133  0.404384 -0.927525  0.053779
1   0.217481 -0.030384 -0.169325 -0.771170  0.189851 -0.281941
2  -0.673143 -0.017271 -0.199936 -0.466904  0.022093 -0.213521
3   0.161277  0.907198  0.028376 -0.248223 -0.205007 -0.457930
4   0.488058 -0.490369  0.452585  0.451388  0.473159  0.447957
5   0.391785  0.410757  0.373783  0.327143  0.402994 -0.287645
6   0.874156  0.898667 -0.532364  0.751204  0.521079  0.584483
7   0.147243  0.139134  0.135912 -0.793693  0.149503  0.131716
8   0.523781  0.528808  0.504631  0.289086  0.486481  0.538211
9   0.141498  0.110757  0.904089 -0.236434  0.481384 -0.625885
10  0.695734  0.787493  0.258280  0.047744 -0.804945  0.602690
11 -0.111705  0.901025 -0.724827  0.883337 -0.315724  0.250891
120            0         1         2         3         4         5
0  -0.567933  0.543158 -0.667133  0.404384 -0.927525  0.053779
1   0.170383  0.007783 -0.127960 -0.771170  0.180838 -0.300327
2  -0.673143 -0.102127 -0.230169 -0.462225  0.150462 -0.282620
3   0.156045  0.901769  0.043986 -0.248223 -0.205007 -0.457930
4   0.452888 -0.490369  0.431963  0.431498  0.440085  0.424304
5   0.370110  0.330505  0.348004  0.307529  0.388979 -0.287645
6   0.874156  0.898667 -0.532364  0.751204  0.521079  0.584483
7   0.143301  0.140666  0.127828 -0.793693  0.143546  0.126773
8   0.464621  0.462230  0.468001  0.379516  0.438144  0.477300
9   0.141498  0.110757  0.904089 -0.236434  0.481384 -0.625885
10  0.695734  0.787493  0.258280  0.047744 -0.804945  0.602690
11 -0.111705  0.901025 -0.724827  0.883337 -0.315724  0.250891
140            0         1         2         3         4         5
0  -0.567933  0.543158 -0.667133  0.404384 -0.927525  0.053779
1   0.125047  0.029590 -0.152210 -0.771170  0.165297 -0.334871
2  -0.673143 -0.116508 -0.200577 -0.465583  0.099060 -0.308060
3   0.156045  0.901769  0.043986 -0.248223 -0.205007 -0.457930
4   0.406515 -0.490369  0.398113  0.386875  0.422597  0.379525
5   0.357818  0.320967  0.315067  0.310178  0.380897 -0.287645
6   0.874156  0.898667 -0.532364  0.751204  0.521079  0.584483
7   0.134701  0.133772  0.127140 -0.793693  0.133325  0.125070
8   0.422677  0.427937  0.420993  0.386500  0.413347  0.431406
9   0.141498  0.110757  0.904089 -0.236434  0.481384 -0.625885
10  0.695734  0.787493  0.258280  0.047744 -0.804945  0.602690
11 -0.111705  0.901025 -0.724827  0.883337 -0.315724  0.250891
160            0         1         2         3         4         5
0  -0.567933  0.543158 -0.667133  0.404384 -0.927525  0.053779
1   0.105138 -0.024245 -0.142296 -0.771170  0.152012 -0.359349
2  -0.673143 -0.116508 -0.200577 -0.465583  0.109610 -0.308060
3   0.156045  0.901769  0.043986 -0.248223 -0.205007 -0.457930
4   0.381647 -0.490369  0.354921  0.331038  0.363406  0.340473
5   0.357818  0.320967  0.315067  0.310178  0.380897 -0.287645
6   0.874156  0.898667 -0.532364  0.751204  0.521079  0.584483
7   0.125876  0.123582  0.121789 -0.793693  0.132078  0.127016
8   0.422677  0.427937  0.420993  0.386500  0.413347  0.431406
9   0.141498  0.110757  0.904089 -0.236434  0.481384 -0.625885
10  0.695734  0.787493  0.258280  0.047744 -0.804945  0.602690
11 -0.111705  0.901025 -0.724827  0.883337 -0.315724  0.250891
180            0         1         2         3         4         5
0  -0.567933  0.545842 -0.667133  0.404384 -0.927525  0.053779
1   0.118584 -0.053166 -0.077855 -0.771170  0.141214 -0.360950
2  -0.673143 -0.154085 -0.189604 -0.492965  0.165238 -0.353598
3   0.162592  0.899066  0.041562 -0.248223 -0.205545 -0.457930
4   0.368907 -0.490369  0.362096  0.325724  0.347261  0.337619
5   0.318080  0.290919  0.297089  0.265435  0.339023 -0.287645
6   0.864401  0.882628 -0.532364  0.742400  0.553000  0.612660
7   0.121501  0.119836  0.118317 -0.793693  0.127444  0.121371
8   0.374555  0.388487  0.373039  0.369102  0.379681  0.371450
9   0.141498  0.110757  0.904089 -0.236434  0.481384 -0.625885
10  0.695734  0.787493  0.258280  0.047744 -0.804945  0.602690
11 -0.111705  0.901025 -0.724827  0.883337 -0.315724  0.250891
200            0         1         2         3         4         5
0  -0.567933  0.545842 -0.667133  0.404384 -0.927525  0.053779
1   0.088722 -0.064171 -0.079938 -0.771170  0.100638 -0.378831
2  -0.673143 -0.164968 -0.205500 -0.502022  0.112753 -0.386051
3   0.162592  0.899066  0.041562 -0.248223 -0.205545 -0.457930
4   0.356304 -0.490369  0.336627  0.322264  0.352265  0.320229
5   0.304906  0.263156  0.289744  0.229496  0.325427 -0.287645
6   0.864401  0.882628 -0.532364  0.742400  0.553000  0.612660
7   0.120796  0.109409  0.111360 -0.793693  0.123831  0.115777
8   0.342570  0.355241  0.353360  0.342896  0.358040  0.345459
9   0.141498  0.110757  0.904089 -0.236434  0.481384 -0.625885
10  0.695734  0.787493  0.258280  0.047744 -0.804945  0.602690
11 -0.111705  0.901025 -0.724827  0.883337 -0.315724  0.250891
220            0         1         2         3         4         5
0  -0.567933  0.545842 -0.667133  0.404384 -0.927525  0.053779
1   0.060108 -0.111066 -0.155485 -0.771170  0.088475 -0.427404
2  -0.673143 -0.201032 -0.218179 -0.504079  0.121800 -0.384542
3   0.162592  0.899066  0.041562 -0.248223 -0.205545 -0.457930
4   0.338812 -0.490369  0.304042  0.310584  0.314297  0.301584
5   0.302230  0.269432  0.264724  0.240251  0.323664 -0.287645
6   0.864401  0.882628 -0.532364  0.742400  0.553000  0.612660
7   0.116282  0.108927  0.105195 -0.793693  0.100082  0.095057
8   0.339298  0.348465  0.347676  0.339922  0.351564  0.335506
9   0.141498  0.110757  0.904089 -0.236434  0.481384 -0.625885
10  0.695734  0.787493  0.258280  0.047744 -0.804945  0.602690
11 -0.111705  0.901025 -0.724827  0.883337 -0.315724  0.250891
240            0         1         2         3         4         5
0  -0.567933  0.545842 -0.667133  0.404384 -0.927525  0.053779
1   0.069824 -0.089705 -0.127473 -0.771170  0.097579 -0.441578
2  -0.673143 -0.233156 -0.163232 -0.501205  0.141058 -0.433108
3   0.162592  0.899066  0.041562 -0.248223 -0.205545 -0.457930
4   0.331432 -0.490369  0.320169  0.298465  0.320139  0.295973
5   0.323838  0.268194  0.295834  0.261803  0.374025 -0.287645
6   0.864401  0.882628 -0.532364  0.742400  0.553000  0.612660
7   0.111296  0.117035  0.106508 -0.793693  0.115012  0.099443
8   0.306669  0.307331  0.311788  0.305022  0.314237  0.301692
9   0.141498  0.110757  0.904089 -0.236434  0.481384 -0.625885
10  0.695734  0.787493  0.258280  0.047744 -0.804945  0.602690
11 -0.111705  0.901025 -0.724827  0.883337 -0.315724  0.250891
260            0         1         2         3         4         5
0  -0.567933  0.545842 -0.667133  0.404384 -0.927525  0.053779
1   0.135627 -0.063178 -0.173749 -0.771170  0.146376 -0.457369
2  -0.673143 -0.223605 -0.171817 -0.498197  0.110562 -0.419867
3   0.162592  0.899066  0.041562 -0.248223 -0.205545 -0.457930
4   0.366897 -0.490369  0.329870  0.312890  0.351656  0.308026
5   0.339582  0.263303  0.275024  0.265565  0.362222 -0.287645
6   0.864401  0.882628 -0.532364  0.742400  0.553000  0.612660
7   0.113515  0.109757  0.106795 -0.793693  0.116219  0.101143
8   0.278546  0.278220  0.283665  0.276081  0.285190  0.281226
9   0.141498  0.110757  0.904089 -0.236434  0.481384 -0.625885
10  0.695734  0.787493  0.258280  0.047744 -0.804945  0.602690
11 -0.111705  0.901025 -0.724827  0.883337 -0.315724  0.250891
280            0         1         2         3         4         5
0  -0.567933  0.548214 -0.667133  0.408035 -0.927525  0.053779
1   0.092662 -0.074004 -0.168468 -0.771170  0.157005 -0.423985
2  -0.673143 -0.208681 -0.183970 -0.494581  0.064680 -0.432746
3   0.183167  0.850685  0.082081 -0.217552 -0.185926 -0.457930
4   0.338652 -0.490369  0.320413  0.303927  0.338274  0.309385
5   0.314478  0.259009  0.239996  0.252816  0.341951 -0.287645
6   0.853182  0.859065 -0.532364  0.737244  0.566220  0.634084
7   0.114796  0.107527  0.102503 -0.793693  0.122608  0.101652
8   0.252080  0.257044  0.257592  0.253587  0.258122  0.254328
9   0.141498  0.110757  0.904089 -0.236434  0.481384 -0.625885
10  0.695734  0.787493  0.258280  0.047744 -0.804945  0.602690
11 -0.111705  0.901025 -0.724827  0.883337 -0.315724  0.250891
300            0         1         2         3         4         5
0  -0.567933  0.550388 -0.667133  0.408035 -0.927525  0.060875
1   0.072757 -0.058845 -0.144052 -0.771170  0.089299 -0.436116
2  -0.673143 -0.227456 -0.154336 -0.498387  0.045868 -0.445770
3   0.203001  0.845594  0.082081 -0.207766 -0.157575 -0.457930
4   0.343072 -0.490369  0.300547  0.298695  0.335457  0.296866
5   0.306968  0.289525  0.225878  0.265307  0.318866 -0.287645
6   0.834506  0.847116 -0.532364  0.740921  0.587274  0.652817
7   0.113560  0.111247  0.106221 -0.793693  0.122165  0.109194
8   0.246534  0.247110  0.248592  0.243823  0.249688  0.240770
9   0.141498  0.110757  0.904089 -0.236434  0.481384 -0.625885
10  0.695734  0.787493  0.258280  0.047744 -0.804945  0.602690
11 -0.111705  0.901025 -0.724827  0.883337 -0.315724  0.250891
320            0         1         2         3         4         5
0  -0.567933  0.552494 -0.667133  0.411424 -0.927525  0.060875
1   0.004051 -0.108056 -0.208293 -0.771170  0.056942 -0.442586
2  -0.673143 -0.218503 -0.141379 -0.500671  0.027793 -0.457670
3   0.203001  0.829891  0.094433 -0.188628 -0.152695 -0.457930
4   0.318649 -0.490369  0.301463  0.292509  0.317477  0.285603
5   0.303298  0.255658  0.235276  0.257771  0.296711 -0.287645
6   0.834506  0.847116 -0.532364  0.740921  0.587274  0.652817
7   0.108508  0.105487  0.105406 -0.793693  0.119067  0.104429
8   0.237874  0.239368  0.241514  0.236858  0.238361  0.235662
9   0.141498  0.110757  0.904089 -0.236434  0.481384 -0.625885
10  0.695734  0.787493  0.258280  0.047744 -0.804945  0.602690
11 -0.111705  0.901025 -0.724827  0.883337 -0.315724  0.250891
340            0         1         2         3         4         5
0  -0.555078  0.552494 -0.667133  0.421196 -0.927525  0.060875
1   0.016428 -0.111115 -0.173674 -0.771170  0.087840 -0.451344
2  -0.673143 -0.240013 -0.146881 -0.530056  0.011454 -0.490998
3   0.238893  0.782927  0.120603 -0.170240 -0.135262 -0.457930
4   0.309680 -0.490369  0.292741  0.287392  0.306782  0.288517
5   0.250227  0.237022  0.216361  0.211949  0.279056 -0.287645
6   0.813556  0.831997 -0.532364  0.743021  0.606210  0.666364
7   0.105462  0.104976  0.096799 -0.793693  0.114162  0.103409
8   0.205343  0.207884  0.206157  0.208449  0.206765  0.202714
9   0.141498  0.110757  0.904089 -0.236434  0.481384 -0.625885
10  0.695734  0.787493  0.258280  0.047744 -0.804945  0.602690
11 -0.111705  0.901025 -0.724827  0.883337 -0.315724  0.250891
360            0         1         2         3         4         5
0  -0.555078  0.552494 -0.667133  0.421196 -0.927525  0.060875
1   0.049512 -0.165182 -0.191972 -0.771170  0.029302 -0.443994
2  -0.673143 -0.279498 -0.124551 -0.516834  0.046011 -0.511577
3   0.238893  0.782927  0.120603 -0.170240 -0.135262 -0.457930
4   0.311107 -0.490369  0.285752  0.274656  0.305757  0.274902
5   0.236980  0.213149  0.217324  0.164325  0.260139 -0.287645
6   0.813556  0.831997 -0.532364  0.743021  0.606210  0.666364
7   0.110138  0.104351  0.101228 -0.793693  0.122164  0.103852
8   0.190698  0.190362  0.191626  0.191593  0.197846  0.191917
9   0.141498  0.110757  0.904089 -0.236434  0.481384 -0.625885
10  0.695734  0.787493  0.258280  0.047744 -0.804945  0.602690
11 -0.111705  0.901025 -0.724827  0.883337 -0.315724  0.250891
380            0         1         2         3         4         5
0  -0.555078  0.552494 -0.667133  0.421196 -0.927525  0.060875
1  -0.068679 -0.153391 -0.177366 -0.771170 -0.053673 -0.464806
2  -0.673143 -0.284390 -0.137881 -0.516834 -0.003640 -0.511577
3   0.233992  0.782144  0.120603 -0.170240 -0.124870 -0.457930
4   0.277623 -0.490369  0.269217  0.277626  0.275977  0.249940
5   0.243172  0.206611  0.200733  0.177461  0.244150 -0.287645
6   0.806518  0.818747 -0.532364  0.743390  0.610408  0.671707
7   0.104633  0.101461  0.103182 -0.793693  0.110231  0.102589
8   0.189379  0.189204  0.188311  0.189687  0.196416  0.188446
9   0.141498  0.110757  0.904089 -0.236434  0.481384 -0.625885
10  0.695734  0.787493  0.258280  0.047744 -0.804945  0.602690
11 -0.111705  0.901025 -0.724827  0.883337 -0.315724  0.250891
400            0         1         2         3         4         5
0  -0.555078  0.556621 -0.667133  0.421196 -0.927525  0.060875
1  -0.055040 -0.150947 -0.174104 -0.771170 -0.032832 -0.456640
2  -0.673143 -0.282928 -0.169644 -0.536842  0.034163 -0.515041
3   0.271346  0.753454  0.171426 -0.149984 -0.115271 -0.457930
4   0.267512 -0.490369  0.261557  0.264297  0.261715  0.248000
5   0.242866  0.194021  0.199979  0.186938  0.255729 -0.287645
6   0.779839  0.798522 -0.532364  0.741549  0.631218  0.676293
7   0.100405  0.090049  0.097160 -0.793693  0.099922  0.096778
8   0.175275  0.173779  0.173064  0.176625  0.177067  0.174855
9   0.141498  0.110757  0.904089 -0.236434  0.481384 -0.625885
10  0.695734  0.787493  0.258280  0.047744 -0.804945  0.602690
11 -0.111705  0.901025 -0.724827  0.883337 -0.315724  0.250891
420            0         1         2         3         4         5
0  -0.555078  0.556621 -0.667133  0.421196 -0.927525  0.060875
1  -0.122521 -0.093785 -0.168916 -0.771170  0.016835 -0.466802
2  -0.673143 -0.291179 -0.185298 -0.544040  0.026739 -0.519990
3   0.271346  0.753454  0.171426 -0.149984 -0.115271 -0.457930
4   0.259288 -0.490369  0.242471  0.244132  0.263923  0.238038
5   0.241125  0.186354  0.188990  0.163219  0.246708 -0.287645
6   0.779839  0.798522 -0.532364  0.741549  0.631218  0.676293
7   0.089814  0.085133  0.084140 -0.793693  0.089307  0.084326
8   0.169290  0.170591  0.171271  0.172272  0.168315  0.170165
9   0.141498  0.110757  0.904089 -0.236434  0.481384 -0.625885
10  0.695734  0.787493  0.258280  0.047744 -0.804945  0.602690
11 -0.111705  0.901025 -0.724827  0.883337 -0.315724  0.250891
