20            0         1         2         3         4         5
0   0.383804  0.427770 -0.594977 -0.825760 -0.706364 -0.461141
1   0.298232  0.088196 -0.826638 -0.535809  0.018596 -0.075316
2   0.070347 -0.322201  0.222506 -0.365714  0.193272 -0.478433
3  -0.374688  0.720845  0.291004 -0.402952 -0.125556 -0.561119
4   0.457773  0.432683  0.436539 -0.468853  0.535440 -0.089036
5   0.340301  0.278187  0.313283  0.308949  0.378234  0.205038
6   0.678204  0.335886  0.349949  0.263814  0.165517 -0.246907
7   0.313469  0.280214 -0.085626  0.295995  0.347361  0.308489
8   0.307435  0.288687  0.311453  0.303934  0.304541  0.284523
9  -0.056988 -0.805083  0.245154 -0.566296  0.803165  0.107613
10  0.411001  0.288390 -0.429926 -0.091172  0.256804 -0.704021
11 -0.142174  0.668891  0.655263  0.107754 -0.278022  0.806257
40            0         1         2         3         4         5
0   0.383804  0.427770 -0.594977 -0.825760 -0.706364 -0.461141
1  -0.147659 -0.217656 -0.826638 -0.582618 -0.253668 -0.484933
2   0.088905 -0.256746  0.047987 -0.405239  0.247056 -0.478433
3  -0.374688  0.720845  0.291004 -0.402952 -0.125556 -0.561119
4   0.161371  0.174778  0.180854 -0.468853  0.186551  0.159938
5   0.288301  0.247947  0.371620  0.214246  0.449653  0.269424
6   0.678204  0.335886  0.349949  0.263814  0.165517 -0.246907
7   0.071194  0.074670 -0.085626  0.077082  0.076490  0.072607
8   0.239352  0.230636  0.240964  0.229634  0.259024  0.221618
9  -0.056988 -0.805083  0.245154 -0.566296  0.803165  0.107613
10  0.411001  0.288390 -0.429926 -0.091172  0.256804 -0.704021
11 -0.142174  0.668891  0.655263  0.107754 -0.278022  0.806257
60            0         1         2         3         4         5
0   0.418448  0.427770 -0.594977 -0.825760 -0.706364 -0.461141
1  -0.229003 -0.241795 -0.826638 -0.625844 -0.082829 -0.537028
2   0.099695 -0.192978  0.175940 -0.405239  0.285636 -0.478433
3  -0.225533  0.553790  0.346911 -0.402952 -0.092132 -0.561119
4   0.170578  0.151768  0.157994 -0.468853  0.186018  0.140253
5   0.296648  0.254341  0.371643  0.214246  0.471594  0.233719
6   0.595138  0.438409  0.427551  0.374656  0.287511 -0.246907
7   0.022247  0.020801 -0.085626  0.019513  0.024574  0.021319
8   0.215378  0.219164  0.204391  0.210685  0.229595  0.202938
9  -0.056988 -0.805083  0.245154 -0.566296  0.803165  0.107613
10  0.411001  0.288390 -0.429926 -0.091172  0.256804 -0.704021
11 -0.142174  0.668891  0.655263  0.107754 -0.278022  0.806257
80            0         1         2         3         4         5
0   0.419636  0.428600 -0.594977 -0.825760 -0.706364 -0.461141
1  -0.188509 -0.381339 -0.826638 -0.630596 -0.192238 -0.624845
2   0.026873 -0.257158  0.024944 -0.410178  0.199617 -0.478433
3  -0.240451  0.526648  0.324433 -0.321973  0.038779 -0.561119
4   0.135134  0.137069  0.148847 -0.468853  0.130310  0.126577
5   0.221750  0.226907  0.216217  0.231406  0.269705  0.194673
6   0.542134  0.446156  0.438910  0.399637  0.321033 -0.246907
7   0.040486  0.037436 -0.085626  0.039398  0.043353  0.038533
8   0.143929  0.140728  0.139950  0.146170  0.152453  0.148120
9  -0.056988 -0.805083  0.245154 -0.566296  0.803165  0.107613
10  0.411001  0.288390 -0.429926 -0.091172  0.256804 -0.704021
11 -0.142174  0.668891  0.655263  0.107754 -0.278022  0.806257
100            0         1         2         3         4         5
0   0.419636  0.428600 -0.594977 -0.825760 -0.706364 -0.461141
1  -0.130360 -0.376495 -0.826638 -0.634941 -0.166641 -0.586408
2  -0.101892 -0.243800 -0.154049 -0.429281  0.023994 -0.478433
3  -0.240451  0.526648  0.324433 -0.321973  0.038779 -0.561119
4   0.175309  0.171622  0.147215 -0.468853  0.216319  0.158350
5   0.325201  0.248184  0.129321  0.231130  0.181664  0.163750
6   0.542134  0.446156  0.438910  0.399637  0.321033 -0.246907
7   0.024157  0.022500 -0.085626  0.016962  0.021435  0.022028
8   0.112369  0.097539  0.111770  0.105839  0.099661  0.101649
9  -0.056988 -0.805083  0.245154 -0.566296  0.803165  0.107613
10  0.411001  0.288390 -0.429926 -0.091172  0.256804 -0.704021
11 -0.142174  0.668891  0.655263  0.107754 -0.278022  0.806257
120            0         1         2         3         4         5
0   0.419636  0.428600 -0.594977 -0.825760 -0.706364 -0.461141
1  -0.016695 -0.238752 -0.826638 -0.674483 -0.017295 -0.554124
2  -0.221740 -0.343056 -0.237611 -0.469023 -0.045642 -0.478433
3  -0.240451  0.526648  0.324433 -0.321973  0.038779 -0.561119
4   0.163680  0.137343  0.149246 -0.468853  0.160126  0.132106
5   0.152626 -0.002651  0.120336  0.165694  0.245871 -0.020375
6   0.472819  0.446156  0.437945  0.399637  0.321033 -0.246907
7   0.001943  0.006834 -0.085626  0.017244  0.019233  0.016578
8   0.077767  0.071418  0.072449  0.072540  0.106636  0.076196
9  -0.056988 -0.805083  0.245154 -0.566296  0.803165  0.107613
10  0.411001  0.288390 -0.429926 -0.091172  0.256804 -0.704021
11 -0.142174  0.668891  0.655263  0.107754 -0.278022  0.806257
140            0         1         2         3         4         5
0   0.419636  0.428600 -0.594977 -0.825760 -0.706364 -0.461141
1  -0.055666 -0.310520 -0.826638 -0.627475 -0.053430 -0.467825
2   0.115217 -0.272678 -0.319302 -0.412029  0.120826 -0.478433
3  -0.240451  0.526648  0.276301 -0.321973  0.038779 -0.561119
4   0.218579  0.204436  0.235209 -0.468853  0.261247  0.204918
5   0.123371  0.148325  0.092134  0.052501  0.141038 -0.020375
6   0.472819  0.442761  0.437945  0.399637  0.267117 -0.246907
7   0.037602  0.065649 -0.085626  0.070984  0.098459  0.070224
8   0.080822  0.080322  0.083488  0.082481  0.102098  0.086598
9  -0.056988 -0.805083  0.245154 -0.566296  0.803165  0.107613
10  0.411001  0.288390 -0.429926 -0.091172  0.256804 -0.704021
11 -0.142174  0.668891  0.655263  0.107754 -0.278022  0.806257
160            0         1         2         3         4         5
0   0.419636  0.428600 -0.594977 -0.825760 -0.706364 -0.461141
1   0.143277 -0.226442 -0.826638 -0.522039 -0.016842 -0.507851
2   0.035465 -0.264536 -0.284182 -0.432362  0.042673 -0.478433
3  -0.240451  0.526648  0.276301 -0.321973  0.038779 -0.561119
4   0.266767  0.258337  0.292354 -0.468853  0.272590  0.242712
5   0.098819  0.129667  0.157729  0.045627  0.213368 -0.020375
6   0.472819  0.442761  0.437945  0.399637  0.267117 -0.246907
7   0.071458  0.068446 -0.085626  0.078468  0.073595  0.073080
8   0.081327  0.080663  0.083662  0.082227  0.097022  0.085416
9  -0.056988 -0.805083  0.245154 -0.566296  0.803165  0.107613
10  0.411001  0.288390 -0.429926 -0.091172  0.256804 -0.704021
11 -0.142174  0.668891  0.655263  0.107754 -0.278022  0.806257
180            0         1         2         3         4         5
0   0.419636  0.428600 -0.594977 -0.825760 -0.706364 -0.461141
1   0.013952 -0.022281 -0.826638 -0.497011  0.060621 -0.546553
2  -0.263857 -0.290055 -0.365224 -0.490452 -0.382170 -0.478433
3  -0.260442  0.526648  0.276301 -0.321973  0.066239 -0.561119
4   0.238162  0.217222  0.239739 -0.468853  0.221937  0.206629
5   0.036645 -0.015543 -0.004869 -0.010868 -0.018356 -0.020375
6   0.403631  0.405654  0.419635  0.369185  0.235712 -0.246907
7   0.062248  0.034529 -0.085626  0.047895  0.046768  0.045603
8   0.035662  0.025896  0.031568  0.032628  0.031314  0.034431
9  -0.056988 -0.805083  0.245154 -0.566296  0.803165  0.107613
10  0.411001  0.288390 -0.429926 -0.091172  0.256804 -0.704021
11 -0.142174  0.668891  0.655263  0.107754 -0.278022  0.806257
200            0         1         2         3         4         5
0   0.419636  0.428600 -0.594977 -0.825760 -0.706364 -0.461141
1  -0.214081 -0.407610 -0.826638 -0.638415  0.031068 -0.663095
2  -0.302846 -0.354823 -0.375950 -0.507667 -0.388561 -0.503228
3  -0.221354  0.521382  0.288552 -0.321973  0.064020 -0.561119
4   0.152974  0.169917  0.181937 -0.468853  0.166292  0.152460
5  -0.018481 -0.063790 -0.063212  0.050832  0.150765 -0.061524
6   0.403631  0.405654  0.419635  0.369185  0.235712 -0.246907
7   0.032700  0.033994 -0.085626  0.032590  0.053184  0.021220
8   0.021586  0.023436  0.022657  0.022291  0.025726  0.022468
9  -0.056988 -0.805083  0.245154 -0.566296  0.803165  0.107613
10  0.411001  0.288390 -0.429926 -0.091172  0.256804 -0.704021
11 -0.142174  0.668891  0.655263  0.107754 -0.278022  0.806257
220            0         1         2         3         4         5
0   0.419636  0.428600 -0.594977 -0.825760 -0.706364 -0.461141
1  -0.048109 -0.394509 -0.826638 -0.583318 -0.168843 -0.625387
2  -0.377221 -0.474334 -0.396909 -0.507667 -0.272876 -0.503228
3  -0.221354  0.521382  0.288552 -0.321973  0.064020 -0.561119
4   0.189988  0.177030  0.173654 -0.468853  0.231725  0.174969
5   0.009782 -0.063790  0.005681  0.014527  0.015886 -0.055725
6   0.403631  0.405654  0.419635  0.369185  0.235712 -0.246907
7   0.028528  0.030134 -0.085626  0.029825  0.032236  0.028853
8   0.020437  0.020831  0.021192  0.020848  0.022382  0.021037
9  -0.056988 -0.805083  0.245154 -0.566296  0.803165  0.107613
10  0.411001  0.288390 -0.429926 -0.091172  0.256804 -0.704021
11 -0.142174  0.668891  0.655263  0.107754 -0.278022  0.806257
240            0         1         2         3         4         5
0   0.419636  0.428600 -0.594977 -0.825760 -0.706364 -0.461141
1  -0.014385 -0.240297 -0.826638 -0.572370  0.073669 -0.608371
2  -0.212038 -0.452894 -0.206442 -0.521016 -0.007635 -0.514096
3  -0.221354  0.521382  0.288552 -0.321973  0.064020 -0.561119
4   0.236331  0.214716  0.255664 -0.468853  0.287754  0.213930
5   0.127570  0.096708  0.081545  0.037992  0.141720 -0.096187
6   0.334069  0.398835  0.415439  0.365921  0.235712 -0.246907
7   0.057908  0.049115 -0.085626  0.050519  0.071899  0.052124
8   0.041825  0.040914  0.041598  0.040878  0.056749  0.039895
9  -0.056988 -0.805083  0.245154 -0.566296  0.803165  0.107613
10  0.411001  0.288390 -0.429926 -0.091172  0.256804 -0.704021
11 -0.142174  0.668891  0.655263  0.107754 -0.278022  0.806257
260            0         1         2         3         4         5
0   0.419636  0.428600 -0.594977 -0.825760 -0.706364 -0.461141
1  -0.204820 -0.376025 -0.826638 -0.582468 -0.046100 -0.599285
2  -0.346698 -0.525367 -0.380869 -0.521016 -0.082020 -0.532358
3  -0.221354  0.521382  0.288552 -0.321973  0.064020 -0.561119
4   0.204041  0.202689  0.200048 -0.468853  0.180337  0.188159
5   0.099369  0.034464  0.091675 -0.041733  0.133467 -0.096187
6   0.334069  0.398835  0.415439  0.365921  0.235712 -0.246907
7   0.061227  0.061810 -0.085626  0.059760  0.065773  0.059719
8   0.049592  0.050040  0.051631  0.050033  0.053748  0.048962
9  -0.056988 -0.805083  0.245154 -0.566296  0.803165  0.107613
10  0.411001  0.288390 -0.429926 -0.091172  0.256804 -0.704021
11 -0.142174  0.668891  0.655263  0.107754 -0.278022  0.806257
280            0         1         2         3         4         5
0   0.419636  0.426698 -0.594977 -0.825760 -0.706364 -0.461141
1  -0.039036 -0.219156 -0.826638 -0.474222  0.101241 -0.665405
2  -0.351670 -0.525367 -0.374589 -0.539218 -0.148781 -0.532358
3  -0.116120  0.478467  0.288725 -0.285019  0.084105 -0.561119
4   0.174904  0.163479  0.171892 -0.468853  0.199147  0.152844
5   0.080384  0.028913 -0.022694 -0.079423  0.018887 -0.096187
6   0.278235  0.373076  0.372868  0.356972  0.273483 -0.246907
7   0.041453  0.033372 -0.085626  0.032919  0.040072  0.033548
8   0.035370  0.034463  0.032718  0.033981  0.032449  0.026110
9  -0.056988 -0.805083  0.245154 -0.566296  0.803165  0.107613
10  0.411001  0.288390 -0.429926 -0.091172  0.256804 -0.704021
11 -0.142174  0.668891  0.655263  0.107754 -0.278022  0.806257
300            0         1         2         3         4         5
0   0.419636  0.426698 -0.594977 -0.825760 -0.706364 -0.461141
1  -0.053233 -0.313482 -0.826638 -0.563102 -0.281898 -0.661812
2  -0.264960 -0.543071 -0.266043 -0.539218 -0.183875 -0.532358
3  -0.116120  0.473682  0.288725 -0.251629  0.049822 -0.561119
4   0.162895  0.140036  0.182001 -0.468853  0.180292  0.153266
5  -0.018086  0.048152  0.067014 -0.047132  0.028059 -0.096187
6   0.266038  0.338771  0.351064  0.326077  0.277340 -0.246907
7   0.052051  0.043877 -0.085626  0.044954  0.051488  0.042380
8   0.031813  0.032885  0.031699  0.032234  0.028681  0.031176
9  -0.056988 -0.805083  0.245154 -0.566296  0.803165  0.107613
10  0.411001  0.288390 -0.429926 -0.091172  0.256804 -0.704021
11 -0.142174  0.668891  0.655263  0.107754 -0.278022  0.806257
320            0         1         2         3         4         5
0   0.419636  0.424310 -0.594977 -0.825760 -0.706364 -0.461141
1  -0.274960 -0.424138 -0.826638 -0.704829 -0.125893 -0.560129
2  -0.375819 -0.543071 -0.276062 -0.539218 -0.157798 -0.532358
3  -0.081366  0.409541  0.239310 -0.251629  0.076089 -0.561119
4   0.146801  0.131797  0.142834 -0.468853  0.143813  0.129350
5   0.049011  0.009802  0.095848 -0.020090  0.071579 -0.096187
6   0.266038  0.333124  0.351064  0.312566  0.277340 -0.246907
7   0.040575  0.044102 -0.085626  0.041238  0.053534  0.043807
8   0.023725  0.024146  0.022753  0.022381  0.024995  0.024755
9  -0.056988 -0.805083  0.245154 -0.566296  0.803165  0.107613
10  0.411001  0.288390 -0.429926 -0.091172  0.256804 -0.704021
11 -0.142174  0.668891  0.655263  0.107754 -0.278022  0.806257
340            0         1         2         3         4         5
0   0.426173  0.420363 -0.488347 -0.825760 -0.706364 -0.484582
1  -0.252052 -0.375380 -0.826638 -0.749833 -0.068926 -0.618711
2  -0.218347 -0.543071 -0.231537 -0.557191 -0.139905 -0.551739
3  -0.043064  0.377901  0.284144 -0.222626  0.052994 -0.561119
4   0.137219  0.106317  0.132172 -0.468853  0.120371  0.127635
5   0.036605  0.015438  0.096684  0.053254  0.145083 -0.096187
6   0.265768  0.287246  0.299119  0.290820  0.273592 -0.246907
7   0.027835  0.028348 -0.085626 -0.005834 -0.028027  0.028349
8   0.030927  0.031967  0.029133  0.033213  0.035628  0.032195
9  -0.056988 -0.805083  0.245154 -0.566296  0.803165  0.107613
10  0.411001  0.288390 -0.429926 -0.091172  0.256804 -0.704021
11 -0.142174  0.668891  0.655263  0.107754 -0.278022  0.806257
360            0         1         2         3         4         5
0   0.426173  0.402040 -0.488347 -0.825760 -0.706364 -0.484582
1  -0.201972 -0.360387 -0.826638 -0.710756 -0.131056 -0.593663
2  -0.091321 -0.559059 -0.433756 -0.566903 -0.057488 -0.560694
3  -0.043064  0.377901  0.284144 -0.222626  0.052994 -0.561119
4   0.169904  0.162967  0.175549 -0.468853  0.158201  0.142034
5   0.115706  0.024641  0.080431  0.069015  0.081179 -0.096187
6   0.263187  0.287246  0.234703  0.290820  0.273592 -0.246907
7   0.061894  0.056146 -0.085626  0.054001  0.072446  0.052838
8   0.059803  0.059761  0.062189  0.060615  0.087499  0.060662
9  -0.056988 -0.805083  0.245154 -0.566296  0.803165  0.107613
10  0.411001  0.288390 -0.429926 -0.091172  0.256804 -0.704021
11 -0.142174  0.668891  0.655263  0.107754 -0.278022  0.806257
380            0         1         2         3         4         5
0   0.426173  0.402040 -0.488347 -0.825760 -0.706364 -0.484582
1  -0.157887 -0.554370 -0.826638 -0.710347 -0.199411 -0.573520
2  -0.106018 -0.559059 -0.457711 -0.566903 -0.117634 -0.560694
3  -0.043064  0.377901  0.284144 -0.222626  0.052994 -0.561119
4   0.154745  0.116503  0.167126 -0.468853  0.140990  0.133514
5   0.102560 -0.002448 -0.000144  0.076052  0.084896 -0.096187
6   0.201649  0.284401  0.234600  0.287912  0.273592 -0.246907
7   0.032072  0.032009 -0.085626  0.032245  0.030824  0.030885
8   0.058883  0.056699  0.063232  0.060236  0.067308  0.061827
9  -0.056988 -0.805083  0.245154 -0.566296  0.803165  0.107613
10  0.411001  0.288390 -0.429926 -0.091172  0.256804 -0.704021
11 -0.142174  0.668891  0.655263  0.107754 -0.278022  0.806257
400            0         1         2         3         4         5
0   0.412197  0.402040 -0.488347 -0.825760 -0.631379 -0.445685
1  -0.019283 -0.371058 -0.826638 -0.728947 -0.131783 -0.629531
2  -0.132129 -0.491667 -0.426918 -0.566903 -0.167924 -0.578986
3  -0.027964  0.341767  0.301135 -0.164120  0.107564 -0.561119
4   0.128796  0.093448  0.128065 -0.468853  0.128709  0.109008
5  -0.048280 -0.045636 -0.105314 -0.039382  0.044693 -0.096187
6   0.196233  0.240209  0.166155  0.233857  0.157937 -0.246907
7   0.004567  0.019514 -0.085626  0.019028  0.002303  0.018654
8   0.039775  0.037356  0.044715  0.038545  0.049773  0.039158
9  -0.056988 -0.805083  0.245154 -0.566296  0.803165  0.107613
10  0.411001  0.288390 -0.429926 -0.091172  0.256804 -0.704021
11 -0.142174  0.668891  0.655263  0.107754 -0.278022  0.806257
420            0         1         2         3         4         5
0   0.412197  0.402040 -0.488347 -0.825760 -0.631379 -0.445685
1  -0.098190 -0.391406 -0.826638 -0.631951 -0.162857 -0.656232
2  -0.208690 -0.520525 -0.473320 -0.566903 -0.110397 -0.578986
3  -0.027964  0.341767  0.301135 -0.164120  0.107564 -0.561119
4   0.189112  0.172333  0.175879 -0.468853  0.213317  0.177232
5  -0.056229 -0.017456 -0.105314  0.003981 -0.068000 -0.070487
6   0.196233  0.240209  0.166155  0.233857  0.157937 -0.246907
7   0.042343  0.040552 -0.085626  0.043441  0.051253  0.039088
8   0.040622  0.045340  0.046241  0.043001  0.067137  0.045274
9  -0.056988 -0.805083  0.245154 -0.566296  0.803165  0.107613
10  0.411001  0.288390 -0.429926 -0.091172  0.256804 -0.704021
11 -0.142174  0.668891  0.655263  0.107754 -0.278022  0.806257
