20            0         1         2         3         4         5
0  -0.404345 -0.780479  0.518686 -0.045165  0.707282 -0.209881
1   0.798895  0.591229  0.706172 -0.271952  0.166591  0.168375
2   0.714466 -0.189644  0.808511  0.424395  0.318598 -0.249785
3  -0.258973  0.283422 -0.990001 -0.203465 -0.014203  0.256641
4  -0.347254  0.809606  0.481223  0.865941  0.793026 -0.788824
5  -0.050615  0.715180  0.878618  0.820115  0.877527  0.374679
6   0.029859 -0.696370  0.734190  0.021526 -0.143252  0.080601
7   0.405811 -0.028857  0.108253  0.883589 -0.349467  0.613367
8   0.469438  0.825525  0.473316 -0.011329  0.202911  0.827877
9  -0.701426 -0.210765  0.457931  0.404691  0.083318  0.690637
10  0.191232 -0.471793 -0.022826  0.644645 -0.324981 -0.160648
11  0.235077 -0.762226 -0.622432 -0.274107 -0.424663 -0.379644
40            0         1         2         3         4         5
0  -0.404345 -0.780479  0.518686 -0.045165  0.707282 -0.209881
1   0.749305  0.568789  0.661511 -0.271952  0.245237  0.153895
2   0.751681 -0.188018  0.705920  0.400596  0.388338 -0.249785
3  -0.258973  0.283422 -0.990001 -0.203465 -0.014203  0.256641
4   0.314548  0.873614  0.775879  0.872957  0.884166 -0.788824
5  -0.050615  0.786282  0.881958  0.852113  0.926968  0.525003
6   0.029859 -0.696370  0.734190  0.021526 -0.143252  0.080601
7   0.612089  0.269628  0.441248  0.840285 -0.349467  0.755911
8   0.546406  0.818795  0.548292 -0.011329  0.311328  0.819599
9  -0.701426 -0.210765  0.457931  0.404691  0.083318  0.690637
10  0.191232 -0.471793 -0.022826  0.644645 -0.324981 -0.160648
11  0.235077 -0.762226 -0.622432 -0.274107 -0.424663 -0.379644
60            0         1         2         3         4         5
0  -0.404345 -0.780479  0.518000 -0.041934  0.710615 -0.209881
1   0.682628  0.566355  0.650976 -0.271952  0.267239  0.151317
2   0.733995 -0.186849  0.698390  0.389038  0.385442 -0.249785
3  -0.234974  0.277929 -0.990001 -0.194604 -0.005473  0.258441
4   0.712514  0.895896  0.891828  0.900906  0.934946 -0.788824
5  -0.050615  0.793574  0.880663  0.858325  0.931845  0.541277
6   0.103575 -0.696370  0.734190  0.095899 -0.089669  0.141883
7   0.695680  0.471595  0.624351  0.816085 -0.349467  0.781629
8   0.562316  0.810128  0.588593 -0.011329  0.345857  0.811403
9  -0.701426 -0.210765  0.457931  0.404691  0.083318  0.690637
10  0.191232 -0.471793 -0.022826  0.644645 -0.324981 -0.160648
11  0.235077 -0.762226 -0.622432 -0.274107 -0.424663 -0.379644
80            0         1         2         3         4         5
0  -0.404345 -0.780479  0.518000 -0.041934  0.710615 -0.209881
1   0.738662  0.622764  0.609745 -0.271952  0.444783  0.162981
2   0.724851 -0.179025  0.688983  0.343153  0.444085 -0.249785
3  -0.234974  0.277929 -0.990001 -0.194604 -0.005473  0.258441
4   0.814543  0.920992  0.918891  0.918551  0.954985 -0.788824
5  -0.050615  0.854637  0.895810  0.879378  0.931914  0.671691
6   0.103575 -0.696370  0.734190  0.095899 -0.089669  0.141883
7   0.743793  0.583322  0.665752  0.789907 -0.349467  0.770773
8   0.612778  0.802125  0.629056 -0.011329  0.425946  0.796915
9  -0.701426 -0.210765  0.457931  0.404691  0.083318  0.690637
10  0.191232 -0.471793 -0.022826  0.644645 -0.324981 -0.160648
11  0.235077 -0.762226 -0.622432 -0.274107 -0.424663 -0.379644
100            0         1         2         3         4         5
0  -0.404345 -0.780479  0.518000 -0.041934  0.710615 -0.209881
1   0.746865  0.602247  0.559891 -0.271952  0.522043  0.175413
2   0.736805 -0.177756  0.666831  0.357199  0.503022 -0.249785
3  -0.234974  0.277929 -0.990001 -0.194604 -0.005473  0.258441
4   0.929674  0.965439  0.960422  0.950693  0.982433 -0.788824
5  -0.050615  0.850570  0.886448  0.879361  0.946103  0.720688
6   0.103575 -0.696370  0.724862  0.102282 -0.089669  0.141883
7   0.741612  0.680174  0.698539  0.774947 -0.349467  0.769280
8   0.644893  0.801373  0.644894 -0.011329  0.476520  0.798143
9  -0.701426 -0.210765  0.457931  0.404691  0.083318  0.690637
10  0.191232 -0.471793 -0.022826  0.644645 -0.324981 -0.160648
11  0.235077 -0.762226 -0.622432 -0.274107 -0.424663 -0.379644
120            0         1         2         3         4         5
0  -0.404345 -0.780479  0.518000 -0.041934  0.710615 -0.209881
1   0.756464  0.637045  0.555217 -0.271952  0.537165  0.171076
2   0.710846 -0.177756  0.636953  0.291575  0.634196 -0.249785
3  -0.234974  0.277929 -0.990001 -0.194604 -0.005473  0.258441
4   0.958339  0.974484  0.963109  0.960316  0.977921 -0.788824
5  -0.050615  0.913925  0.911736  0.859322  0.964955  0.813799
6   0.103575 -0.696370  0.724862  0.102282 -0.089669  0.141883
7   0.753794  0.711145  0.703369  0.753221 -0.349467  0.750843
8   0.714801  0.778960  0.709795 -0.011329  0.613978  0.777527
9  -0.701426 -0.210765  0.457931  0.404691  0.083318  0.690637
10  0.191232 -0.471793 -0.022826  0.644645 -0.324981 -0.160648
11  0.235077 -0.762226 -0.622432 -0.274107 -0.424663 -0.379644
140            0         1         2         3         4         5
0  -0.404345 -0.780479  0.518000 -0.041934  0.710615 -0.209881
1   0.703686  0.600839  0.580820 -0.271952  0.643761  0.157838
2   0.706427 -0.157485  0.624135  0.284537  0.746201 -0.249785
3  -0.234974  0.277929 -0.990001 -0.194604  0.000270  0.258441
4   0.996881  0.986831  0.982453  0.976293  0.994485 -0.788824
5  -0.050615  0.884660  0.944797  0.861828  0.964183  0.858536
6   0.103575 -0.696370  0.724862  0.102282 -0.089669  0.141883
7   0.755829  0.730329  0.710749  0.749342 -0.349467  0.732074
8   0.728637  0.772167  0.738396 -0.011329  0.679659  0.774614
9  -0.701426 -0.210765  0.457931  0.404691  0.083318  0.690637
10  0.191232 -0.471793 -0.022826  0.644645 -0.324981 -0.160648
11  0.235077 -0.762226 -0.622432 -0.274107 -0.424663 -0.379644
160            0         1         2         3         4         5
0  -0.404345 -0.780479  0.518000 -0.041934  0.710615 -0.209881
1   0.758318  0.600905  0.579069 -0.271952  0.685542  0.187263
2   0.706427 -0.157485  0.624135  0.284537  0.746201 -0.249785
3  -0.234974  0.277929 -0.990001 -0.194604  0.000270  0.258441
4   1.027474  1.017400  1.013512  0.996594  1.041588 -0.788824
5  -0.050615  0.885456  0.945636  0.861828  0.964183  0.859593
6   0.103575 -0.696370  0.724862  0.102282 -0.089669  0.141883
7   0.745530  0.733820  0.723073  0.728163 -0.349467  0.733248
8   0.728637  0.772167  0.738396 -0.011329  0.679659  0.774614
9  -0.701426 -0.210765  0.457931  0.404691  0.083318  0.690637
10  0.191232 -0.471793 -0.022826  0.644645 -0.324981 -0.160648
11  0.235077 -0.762226 -0.622432 -0.274107 -0.424663 -0.379644
180            0         1         2         3         4         5
0  -0.404345 -0.780479  0.518000 -0.041934  0.710615 -0.209881
1   0.754156  0.631778  0.646639 -0.271952  0.701506  0.182086
2   0.763375 -0.079161  0.575179  0.251747  0.719287 -0.249785
3  -0.234974  0.272399 -0.990001 -0.194604  0.003080  0.258441
4   1.027391  1.013048  1.022230  1.004873  1.040892 -0.788824
5  -0.050615  0.894568  0.897308  0.876997  0.963370  0.883368
6   0.138606 -0.696370  0.724862  0.108508 -0.073156  0.147712
7   0.731100  0.730651  0.715668  0.716562 -0.349467  0.710146
8   0.736279  0.754232  0.743772 -0.011329  0.718725  0.759442
9  -0.701426 -0.210765  0.457931  0.404691  0.083318  0.690637
10  0.191232 -0.471793 -0.022826  0.644645 -0.324981 -0.160648
11  0.235077 -0.762226 -0.622432 -0.274107 -0.424663 -0.379644
200            0         1         2         3         4         5
0  -0.404345 -0.780479  0.518000 -0.041934  0.710615 -0.209881
1   0.788723  0.609656  0.640446 -0.271952  0.755686  0.180938
2   0.739468 -0.076952  0.593613  0.249416  0.736248 -0.249785
3  -0.234974  0.272399 -0.990001 -0.194604  0.003080  0.258441
4   1.039845  1.026738  1.024784  1.020047  1.061772 -0.788824
5  -0.050615  0.891570  0.889364  0.888145  0.983686  0.891440
6   0.138606 -0.696370  0.724862  0.108508 -0.073156  0.147712
7   0.741124  0.720645  0.720424  0.704432 -0.349467  0.695125
8   0.739568  0.755006  0.743051 -0.011329  0.730002  0.745532
9  -0.701426 -0.210765  0.457931  0.404691  0.083318  0.690637
10  0.191232 -0.471793 -0.022826  0.644645 -0.324981 -0.160648
11  0.235077 -0.762226 -0.622432 -0.274107 -0.424663 -0.379644
220            0         1         2         3         4         5
0  -0.404345 -0.780479  0.518000 -0.041934  0.710615 -0.209881
1   0.793809  0.608012  0.617873 -0.271952  0.740218  0.187004
2   0.715428 -0.076326  0.592635  0.239790  0.729807 -0.249785
3  -0.234974  0.272399 -0.990001 -0.194604  0.003080  0.258441
4   1.062956  1.035253  1.033991  1.028036  1.061697 -0.788824
5  -0.050615  0.907347  0.893475  0.877337  0.987120  0.903601
6   0.138606 -0.696370  0.724862  0.108508 -0.073156  0.147712
7   0.743479  0.706595  0.721820  0.702286 -0.349467  0.710776
8   0.733560  0.741683  0.743698 -0.011329  0.731636  0.745844
9  -0.701426 -0.210765  0.457931  0.404691  0.083318  0.690637
10  0.191232 -0.471793 -0.022826  0.644645 -0.324981 -0.160648
11  0.235077 -0.762226 -0.622432 -0.274107 -0.424663 -0.379644
240            0         1         2         3         4         5
0  -0.404345 -0.780479  0.518000 -0.041934  0.710615 -0.209881
1   0.858922  0.675489  0.696845 -0.271952  0.853597  0.203050
2   0.744723 -0.003914  0.590451  0.221344  0.787595 -0.249785
3  -0.234974  0.272399 -0.990001 -0.194604  0.003080  0.258441
4   1.088591  1.055573  1.060592  1.049519  1.097150 -0.788824
5  -0.050615  0.949086  0.930158  0.916120  1.004109  0.871069
6   0.138606 -0.696370  0.724862  0.108508 -0.073156  0.147712
7   0.714435  0.701591  0.727510  0.710506 -0.349467  0.702921
8   0.754568  0.741270  0.750752 -0.011329  0.748704  0.720986
9  -0.701426 -0.210765  0.457931  0.404691  0.083318  0.690637
10  0.191232 -0.471793 -0.022826  0.644645 -0.324981 -0.160648
11  0.235077 -0.762226 -0.622432 -0.274107 -0.424663 -0.379644
260            0         1         2         3         4         5
0  -0.404345 -0.780479  0.518000 -0.041934  0.710615 -0.209881
1   0.876761  0.759255  0.686288 -0.271952  0.923135  0.240187
2   0.760338  0.033490  0.545367  0.225343  0.829841 -0.249785
3  -0.234974  0.272399 -0.990001 -0.194604  0.003080  0.258441
4   1.145538  1.106884  1.091076  1.081460  1.145949 -0.788824
5  -0.050615  0.942346  0.957558  0.922155  1.042526  0.916175
6   0.138606 -0.696370  0.724862  0.108508 -0.073156  0.147712
7   0.714462  0.670798  0.715956  0.706275 -0.349467  0.710416
8   0.764442  0.731917  0.749587 -0.011329  0.756450  0.721197
9  -0.701426 -0.210765  0.457931  0.404691  0.083318  0.690637
10  0.191232 -0.471793 -0.022826  0.644645 -0.324981 -0.160648
11  0.235077 -0.762226 -0.622432 -0.274107 -0.424663 -0.379644
280            0         1         2         3         4         5
0  -0.404345 -0.780479  0.518000 -0.041934  0.710615 -0.209881
1   0.930890  0.773858  0.713485 -0.271952  0.908512  0.263079
2   0.753660  0.072899  0.547217  0.229045  0.815981 -0.249785
3  -0.234974  0.269959 -0.990001 -0.185311  0.007452  0.258942
4   1.168318  1.114103  1.095380  1.097081  1.152928 -0.788824
5  -0.050615  0.933601  0.937491  0.926711  1.038780  0.915176
6   0.150082 -0.696370  0.708128  0.126529 -0.049739  0.175529
7   0.706488  0.670385  0.700400  0.693384 -0.349467  0.705197
8   0.759050  0.727989  0.753767 -0.011329  0.749100  0.726155
9  -0.701426 -0.210765  0.457931  0.404691  0.083318  0.690637
10  0.191232 -0.471793 -0.022826  0.644645 -0.324981 -0.160648
11  0.235077 -0.762226 -0.622432 -0.274107 -0.424663 -0.379644
300            0         1         2         3         4         5
0  -0.404345 -0.780479  0.518000 -0.041934  0.700497 -0.209881
1   0.927075  0.800643  0.722914 -0.271952  0.888982  0.276974
2   0.755533  0.083194  0.625973  0.228445  0.838470 -0.249785
3  -0.218017  0.264341 -0.990001 -0.176251  0.033416  0.254552
4   1.155603  1.119555  1.139137  1.125468  1.143075 -0.788824
5  -0.050615  0.968919  0.961569  0.944042  1.065576  0.938935
6   0.155087 -0.696370  0.708128  0.160564 -0.027230  0.211711
7   0.735552  0.670419  0.717674  0.692778 -0.349467  0.682836
8   0.745691  0.733007  0.752651 -0.011329  0.773104  0.737101
9  -0.701426 -0.210765  0.457931  0.404691  0.083318  0.690637
10  0.191232 -0.471793 -0.022826  0.644645 -0.324981 -0.160648
11  0.235077 -0.762226 -0.622432 -0.274107 -0.424663 -0.379644
320            0         1         2         3         4         5
0  -0.404345 -0.780479  0.518000 -0.041934  0.700497 -0.209881
1   0.937799  0.749338  0.728080 -0.271952  0.916733  0.308341
2   0.744241  0.092456  0.608596  0.226541  0.843383 -0.249785
3  -0.218017  0.264341 -0.990001 -0.176251  0.033416  0.254552
4   1.205358  1.146149  1.158785  1.138846  1.170238 -0.788824
5  -0.050615  0.995225  0.980365  0.968222  1.028792  0.933834
6   0.155087 -0.696370  0.708128  0.160564 -0.027230  0.211711
7   0.728675  0.688506  0.721732  0.688265 -0.349467  0.700409
8   0.754762  0.733972  0.757972 -0.011329  0.777926  0.736331
9  -0.701426 -0.210765  0.457931  0.404691  0.083318  0.690637
10  0.191232 -0.471793 -0.022826  0.644645 -0.324981 -0.160648
11  0.235077 -0.762226 -0.622432 -0.274107 -0.424663 -0.379644
340            0         1         2         3         4         5
0  -0.404345 -0.780479  0.518000 -0.041934  0.700497 -0.209881
1   0.953513  0.730808  0.763443 -0.271952  0.902874  0.325535
2   0.776357  0.094529  0.625288  0.244628  0.907290 -0.249785
3  -0.218017  0.264341 -0.990001 -0.171845  0.039059  0.247172
4   1.189278  1.143517  1.158254  1.144740  1.181462 -0.788824
5  -0.050615  1.015242  0.986656  0.944863  1.092184  0.967970
6   0.160617 -0.696370  0.708128  0.164451  0.008810  0.226455
7   0.712013  0.699175  0.717010  0.690509 -0.349467  0.695819
8   0.789717  0.752171  0.761431 -0.011329  0.799531  0.768452
9  -0.701426 -0.210765  0.457931  0.404691  0.083318  0.690637
10  0.191232 -0.471793 -0.022826  0.644645 -0.324981 -0.160648
11  0.235077 -0.762226 -0.622432 -0.274107 -0.424663 -0.379644
360            0         1         2         3         4         5
0  -0.404345 -0.780479  0.518000 -0.041934  0.700497 -0.209881
1   1.021659  0.734272  0.762613 -0.271952  0.948556  0.324835
2   0.906858  0.204561  0.623692  0.264121  1.002270 -0.249785
3  -0.218017  0.264341 -0.990001 -0.171845  0.039059  0.247172
4   1.245891  1.188464  1.189839  1.175040  1.235354 -0.788824
5  -0.050615  1.054537  1.032414  0.989987  1.128816  0.970029
6   0.160617 -0.696370  0.708128  0.164451  0.008810  0.226455
7   0.725284  0.705461  0.719173  0.689867 -0.349467  0.682811
8   0.813488  0.764692  0.780256 -0.011329  0.809599  0.780585
9  -0.701426 -0.210765  0.457931  0.404691  0.083318  0.690637
10  0.191232 -0.471793 -0.022826  0.644645 -0.324981 -0.160648
11  0.235077 -0.762226 -0.622432 -0.274107 -0.424663 -0.379644
380            0         1         2         3         4         5
0  -0.404345 -0.780479  0.518000 -0.041934  0.700497 -0.209881
1   1.040420  0.762915  0.807808 -0.271952  0.988874  0.378591
2   0.899077  0.203804  0.613844  0.264121  0.997950 -0.249785
3  -0.218017  0.264341 -0.990001 -0.171845  0.039059  0.247172
4   1.233126  1.197927  1.225403  1.208456  1.236939 -0.788824
5  -0.050615  1.062644  1.025546  0.986348  1.128816  0.979322
6   0.160617 -0.696370  0.708128  0.164451  0.008810  0.226455
7   0.738036  0.704444  0.725062  0.703648 -0.349467  0.714897
8   0.805431  0.769029  0.775244 -0.011329  0.814837  0.781922
9  -0.701426 -0.210765  0.457931  0.404691  0.083318  0.690637
10  0.191232 -0.471793 -0.022826  0.644645 -0.324981 -0.160648
11  0.235077 -0.762226 -0.622432 -0.274107 -0.424663 -0.379644
400            0         1         2         3         4         5
0  -0.404345 -0.780479  0.518000 -0.038871  0.697136 -0.209881
1   1.013631  0.774503  0.833130 -0.271952  0.981565  0.374580
2   0.939412  0.261136  0.646550  0.260352  0.971736 -0.249785
3  -0.193180  0.258708 -0.990001 -0.171845  0.051876  0.242766
4   1.241341  1.203852  1.219405  1.197932  1.249647 -0.788824
5  -0.050615  1.072334  1.062971  1.026189  1.146152  1.027063
6   0.207350 -0.696370  0.694036  0.220938  0.041859  0.263252
7   0.750383  0.698517  0.711143  0.695364 -0.349467  0.705229
8   0.817426  0.783368  0.792429 -0.011329  0.805278  0.769613
9  -0.701426 -0.210765  0.457931  0.404691  0.083318  0.690637
10  0.191232 -0.471793 -0.022826  0.644645 -0.324981 -0.160648
11  0.235077 -0.762226 -0.622432 -0.274107 -0.424663 -0.379644
420            0         1         2         3         4         5
0  -0.404345 -0.780479  0.518000 -0.038871  0.697136 -0.209881
1   1.074550  0.789576  0.833665 -0.271952  0.983404  0.398790
2   0.954040  0.257725  0.627700  0.270045  0.972216 -0.249785
3  -0.193180  0.258708 -0.990001 -0.171845  0.051876  0.242766
4   1.248682  1.240539  1.239331  1.213671  1.282843 -0.788824
5  -0.050615  1.059102  1.094912  1.010098  1.168875  1.059441
6   0.207350 -0.696370  0.694036  0.220938  0.041859  0.263252
7   0.768271  0.712924  0.738606  0.713572 -0.349467  0.728388
8   0.837470  0.784314  0.784525 -0.011329  0.818159  0.781937
9  -0.701426 -0.210765  0.457931  0.404691  0.083318  0.690637
10  0.191232 -0.471793 -0.022826  0.644645 -0.324981 -0.160648
11  0.235077 -0.762226 -0.622432 -0.274107 -0.424663 -0.379644
