0          0        1         2         3         4    5         6    7    8   \
0  0.000000  0.00000  0.000000  0.000000  0.000000  0.0  0.000000  0.0  0.0   
1  0.000000  0.00000  0.000000  0.000000  0.000000  0.0  0.000000  0.0  0.0   
2  0.000000  0.00000  0.000000  0.000000  0.000000  0.0  0.000000  0.0  0.0   
3  0.000000  0.00000  0.000000  0.000000  0.000000  0.0  0.000000  0.0  0.0   
4  0.000000  0.00000  0.000000  0.000000  0.000000  0.0  0.000000  0.0  0.0   
5  0.000000  0.00000  0.000000  0.000000  0.000000  0.0  0.000000  0.0  0.0   
6  0.896565  0.00000  2.604855  0.000000  0.000000  0.0  0.000000  0.0  0.0   
7  0.000000  0.42128  0.000000  0.786565  1.500007  0.0  0.961829  0.8  0.0   
8  0.000000  0.00000  0.000000  0.000000  1.134437  0.0  0.800000  0.0  0.0   

         9    10       11        12   13  
0  0.000000  0.0  0.00000  0.000000  0.0  
1  0.000000  0.0  0.00000  0.000000  0.0  
2  0.000000  0.0  0.00000  0.000000  0.0  
3  0.000000  0.0  0.00000  0.000000  0.0  
4  0.000000  0.0  0.00000  0.000000  0.0  
5  0.000000  0.0  0.00000  0.000000  0.0  
6  0.286565  0.0  2.06543  1.090000  0.0  
7  1.347558  0.0  0.00000  0.000000  0.0  
8  0.000000  0.0  0.00000  0.902099  0.0  
0          0         1         2         3         4         5        6   \
0  0.000000  0.000000  0.000000  0.000000  0.000000  0.000000  0.00000   
1  0.000000  0.000000  0.000000  0.000000  0.000000  0.000000  0.00000   
2  0.000000  0.000000  0.000000  0.000000  0.000000  0.000000  0.00000   
3  0.000000  0.000000  0.000000  0.000000  0.000000  0.000000  0.00000   
4  0.000000  0.000000  0.000000  0.000000  0.000000  0.000000  0.00000   
5  0.000000  0.000000  0.000000  0.000000  0.000000  0.000000  0.00000   
6  1.675121  0.723163  0.000000  0.000000  0.000000  0.423163  0.76178   
7  0.000000  0.000000  0.895861  0.623163  2.010846  1.104694  3.05479   
8  0.000000  0.000000  0.000000  0.000000  1.065121  0.000000  0.00000   

         7         8         9    10        11        12        13  
0  0.000000  0.000000  0.000000  0.0  0.000000  0.000000  0.000000  
1  0.000000  0.000000  0.000000  0.0  0.804694  0.000000  0.000000  
2  0.000000  0.000000  0.000000  0.0  0.000000  0.000000  0.000000  
3  0.000000  0.000000  0.000000  0.0  0.000000  0.000000  0.000000  
4  0.000000  0.000000  0.000000  0.0  0.000000  0.000000  0.000000  
5  0.000000  0.000000  0.000000  0.0  0.000000  0.000000  0.000000  
6  0.804694  1.120724  0.000000  0.0  2.870100  1.023163  0.000000  
7  2.081084  0.310724  1.122682  0.0  1.880051  2.120724  0.274931  
8  0.000000  0.000000  0.997290  0.0  0.595861  0.000000  0.000000  
0     0    1      2     3    4    5    6       7      8    9    10   11   12  \
0  0.0  0.0  0.000  0.00  0.0  0.0  0.0  0.0000  0.000  0.0  0.0  0.0  0.0   
1  0.0  0.0  0.000  0.00  0.0  0.0  0.0  0.0000  0.000  0.0  0.0  0.0  0.0   
2  0.0  0.0  0.000  0.00  0.0  0.0  0.0  0.0000  0.000  0.0  0.0  0.0  0.0   
3  0.0  0.0  0.000  0.00  0.0  0.0  0.0  0.0000  0.000  0.0  0.0  0.0  0.0   
4  0.0  0.0  0.000  0.00  0.0  0.0  0.0  0.0000  0.000  0.0  0.0  0.0  0.0   
5  0.0  0.0  0.000  0.00  0.0  0.0  0.0  0.0000  0.000  0.0  0.0  0.0  0.0   
6  0.0  0.9  0.000  1.99  0.0  0.0  0.0  1.1791  0.000  0.0  0.0  0.0  0.0   
7  0.0  0.0  0.881  0.90  0.0  0.0  0.0  0.0000  0.000  0.0  0.0  0.0  0.9   
8  0.8  0.0  0.000  0.00  0.0  0.0  0.0  0.0000  0.172  0.0  0.0  0.0  0.0   

      13  
0  0.000  
1  0.000  
2  0.000  
3  0.000  
4  0.000  
5  0.000  
6  0.000  
7  0.000  
8  0.472  
20          0         1         2         3         4         5         6   \
0  0.832680  0.000000  2.614274  1.704836  0.000000  0.819812  0.000000   
1  0.519812  2.585335  1.073961  0.140378  0.000000  3.044009  2.272539   
2  0.140378  0.000000  0.000000  0.338844  2.191865  0.000000  1.601049   
3  2.391653  6.983141  1.477830  3.264931  5.441944  0.000000  2.898800   
4  3.853958  4.184360  7.333639  6.013668  6.000216  4.452841  0.458642   
5  1.727167  2.999764  1.645480  0.000000  2.521103  0.698056  0.610788   
6  6.490751  7.932603  6.617891  6.951723  9.775268  7.839044  9.644921   
7  6.971343  8.174950  7.041988  3.627199  8.478462  8.082207  6.365340   
8  3.064748  2.837977  1.876028  0.688841  2.400969  1.778724  1.590165   

         7         8         9         10        11        12        13  
0  0.336794  0.000000  0.000000  0.000000  0.773961  2.720947  1.014203  
1  1.185259  0.480943  0.236772  3.041677  1.444197  0.000000  0.874019  
2  0.000000  0.000000  0.266719  0.100000  0.209000  0.397268  0.000000  
3  5.041051  1.550990  2.537075  3.571262  2.354648  2.671489  3.159981  
4  5.838429  0.126275  3.098027  4.022422  0.000000  4.431682  1.756738  
5  0.802216  0.403263  1.070253  1.998001  0.269979  1.421011  1.518494  
6  7.571154  5.347898  5.784938  7.617035  6.770892  7.094373  7.009603  
7  5.576829  3.382458  5.271457  6.744113  7.882179  7.221367  7.325830  
8  0.000000  0.172000  1.603889  1.216710  1.578302  1.358389  1.611249  
40          0          1          2         3          4          5         6   \
0  1.892633   0.000000   2.614274  1.704836   0.000000   0.819812  0.873961   
1  0.519812   3.024069   1.073961  0.140378   0.743221   3.813569  2.272539   
2  0.140378   0.000000   0.297268  0.902228   2.191865   0.000000  1.638212   
3  2.895142  19.489733   7.106786  4.371273   6.677524   2.730513  4.667074   
4  3.977719   5.325952  14.166886  6.989359   7.881217   6.397594  3.854285   
5  2.063607   7.766867   2.210189  0.902728   2.521103   0.698056  0.819688   
6  6.490751   7.932603   6.617891  9.359589  22.579409   7.937570  9.644921   
7  7.702691  15.507960   8.217564  3.627199   8.693677   8.082207  6.491868   
8  3.144529   2.837977   1.876028  0.688841   2.400969  13.098190  1.590165   

         7         8         9         10        11        12        13  
0  0.336794  0.000000  0.000000  0.000000  0.773961  2.720947  1.014203  
1  1.185259  0.480943  0.236772  3.041677  1.444197  1.076167  1.760578  
2  0.374809  0.197268  0.266719  0.100000  0.209000  0.397268  0.000000  
3  6.991742  1.550990  4.160657  4.456790  4.834134  8.150186  3.586637  
4  5.838429  1.513325  4.366126  6.302087  5.005907  5.213666  2.190220  
5  1.381932  0.672092  1.457113  1.998001  1.072238  2.936506  2.938101  
6  9.088557  5.347898  6.293949  7.617035  6.770892  7.094373  7.287387  
7  6.436418  4.056903  5.577164  8.329773  8.828775  7.171890  7.814792  
8  0.000000  0.683207  4.480796  2.070866  2.794503  1.908806  1.611249  
60           0          1          2         3          4          5         6   \
0   1.892633   0.000000   2.614274  1.704836   0.000000   0.819812  0.873961   
1   0.519812   3.024069   1.073961  0.140378   0.743221   3.813569  2.272539   
2   0.140378   0.000000   0.297268  0.902228   2.191865   0.000000  1.638212   
3   2.895142  23.982856   7.106786  6.499213   6.677524   4.332482  4.667074   
4  12.272115   6.604616  22.098950  8.471490   7.881217   7.644690  6.402708   
5   2.063607  17.306268   2.210189  1.844012   4.929268   4.943439  3.453925   
6   6.490751   7.932603   6.617891  9.359589  23.673898   7.937570  9.644921   
7   7.702691  17.558269   8.217564  3.627199   8.693677   8.082207  6.491868   
8   3.144529   2.837977   1.876028  0.688841   2.400969  14.883804  1.590165   

         7         8         9         10        11         12        13  
0  0.336794  0.000000  0.000000  0.000000  0.773961   2.720947  1.014203  
1  1.185259  0.480943  0.236772  3.041677  1.444197   1.076167  1.760578  
2  0.374809  0.197268  0.266719  0.100000  0.209000   0.397268  0.000000  
3  9.136113  1.550990  5.666237  8.587088  7.228374  10.011566  3.586637  
4  5.838429  4.094201  4.366126  8.144673  7.641347   5.213666  6.653176  
5  1.381932  3.165664  1.457113  4.299500  2.031364   2.936506  4.646743  
6  9.088557  5.347898  6.293949  7.617035  6.770892   7.094373  7.287387  
7  6.436418  4.056903  5.577164  8.329773  8.828775   7.171890  7.814792  
8  0.000000  0.683207  4.480796  2.070866  2.794503   1.908806  1.611249  
0          0        1    2         3         4         5         6         7   \
0  0.000000  0.00000  0.0  0.000000  0.000000  0.000000  0.000000  0.000000   
1  0.000000  0.00000  0.0  0.000000  0.000000  0.000000  0.000000  0.000000   
2  0.000000  0.00000  0.0  0.000000  0.000000  0.000000  0.000000  0.000000   
3  0.000000  0.00000  0.0  0.000000  0.000000  0.000000  0.000000  0.000000   
4  0.000000  0.00000  0.0  0.000000  0.000000  0.000000  0.000000  0.000000   
5  0.000000  0.00000  0.0  0.000000  0.000000  0.000000  0.000000  0.000000   
6  1.551225  1.41100  0.0  0.000000  1.965429  0.000000  0.000000  1.632026   
7  0.483429  1.35719  0.0  1.316661  2.419276  1.064239  0.476889  0.000000   
8  0.000000  0.00000  0.0  0.000000  0.000000  0.183429  0.000000  0.926990   

         8         9    10        11        12        13  
0  0.000000  0.000000  0.0  0.000000  0.000000  0.000000  
1  0.000000  0.000000  0.0  0.000000  0.000000  0.000000  
2  0.000000  0.000000  0.0  0.000000  0.000000  0.000000  
3  0.000000  0.000000  0.0  0.000000  0.000000  0.000000  
4  0.000000  0.000000  0.0  0.000000  0.000000  0.000000  
5  0.000000  0.000000  0.0  0.000000  0.000000  0.000000  
6  0.000000  0.404799  0.0  0.817735  1.826990  1.773446  
7  0.826990  1.077425  0.0  0.376889  0.992429  0.000000  
8  0.083429  0.000000  0.0  0.000000  0.583429  0.000000  
20           0         1          2         3          4          5         6   \
0   1.159542  0.253962   0.000000  0.759542   0.930374   0.000000  1.116719   
1   0.194160  0.776315   0.000000  0.645913   1.448603   0.000000  0.477714   
2   0.517677  0.151014   0.351014  0.229017   1.677933   0.000000  0.701124   
3   2.381631  2.925087   3.174050  4.231504   4.131719   2.831772  4.879005   
4   1.624582  6.593858   5.401264  3.153986   5.801258   1.323308  0.652460   
5   0.170595  3.406528   3.115591  0.443992   3.597984   0.000000  0.936595   
6   9.488710  7.707647  10.049671  3.733686  11.451665  10.476970  8.963862   
7  10.096403  8.235488   8.115191  6.609744   8.040624  10.612196  5.551593   
8   0.000000  3.698612   2.037184  2.260346   3.623121   3.660378  4.908446   

         7         8         9         10         11         12        13  
0  0.700000  0.572883  0.000000  2.156065   1.296877   3.282755  0.309526  
1  1.893585  0.000000  0.607711  0.873980   0.270423   0.532670  0.847940  
2  1.632476  0.086670  0.364673  0.000000   1.193370   0.851014  0.086670  
3  1.784816  0.593447  2.095512  4.031068   2.011529   3.207286  4.989619  
4  3.376620  1.475785  3.486188  4.572128   3.398062   5.331860  3.308311  
5  0.323819  0.820414  0.551111  2.301513   3.173381   2.152220  2.312953  
6  8.345220  5.771338  8.484016  5.640035   9.766005  13.457241  7.843939  
7  8.434377  6.860532  6.818484  8.163614  10.985687  10.296571  6.200530  
8  1.276051  1.156576  3.596842  4.433440   2.718415   3.438392  2.802783  
40           0         1          2          3          4          5          6   \
0   1.159542  1.098989   0.000000   0.759542   0.930374   0.000000   1.116719   
1   0.194160  0.776315   0.000000   1.085996   2.274165   0.304675   0.477714   
2   0.517677  0.151014   0.351014   0.400619   2.161154   0.000000   0.701124   
3   3.144212  8.984097   3.174050  33.385077   6.621416   8.872662   8.656001   
4   9.698973  8.233752   8.045734   7.265809  34.098003   7.663533   4.952396   
5   0.704910  3.426899   3.899480   1.299190   3.597984   0.351375   0.936595   
6  11.514073  7.707647  10.955856   4.956245  12.673821  12.612050   8.963862   
7  10.775474  8.153699   9.571857   6.609744  10.072074  10.612196   6.285146   
8   0.000000  3.698612   2.975225   2.260346   3.623121   3.660378  12.629200   

         7         8         9          10         11         12        13  
0  0.700000  0.920270  0.000000   2.156065   1.296877   3.282755  0.309526  
1  1.893585  0.000000  1.102833   0.873980   0.270423   0.532670  1.514160  
2  1.632476  0.229017  0.479220   1.051014   1.193370   1.160416  0.086670  
3  5.100395  2.813894  3.710210   5.121408   6.619096   8.710653  5.563825  
4  9.243640  3.057251  4.949937  11.349878  12.022709   7.736738  7.789015  
5  0.323819  1.062191  0.919819   3.158908  24.590675   2.152220  3.850115  
6  9.399410  6.182916  8.484016   5.640035   9.766005  28.170510  8.312529  
7  8.026772  6.860532  6.818484   9.578075  22.025414  10.296571  6.900982  
8  1.585789  1.482679  3.596842   4.433440   2.718415   4.390024  3.335981  
0     0         1         2      3    4         5         6         7   \
0  0.0  0.000000  0.000000  0.000  0.0  0.000000  0.000000  0.000000   
1  0.0  0.000000  0.000000  0.000  0.0  0.000000  0.000000  0.000000   
2  0.0  0.000000  0.000000  0.000  0.0  0.000000  0.000000  0.000000   
3  0.0  0.000000  0.000000  0.000  0.0  0.000000  0.000000  0.000000   
4  0.0  0.000000  0.000000  0.000  0.0  0.000000  0.000000  0.000000   
5  0.0  0.000000  0.000000  0.000  0.0  0.000000  0.000000  0.000000   
6  0.9  0.000000  1.787675  0.000  0.0  0.919408  0.000000  0.000000   
7  0.0  2.002308  0.000000  1.081  0.9  1.002395  1.034112  0.580208   
8  0.0  0.000000  0.000000  0.000  0.7  0.000000  0.069310  0.770112   

         8         9         10        11        12       13  
0  0.000000  0.000000  0.000000  0.000000  0.000000  0.10000  
1  0.000000  0.000000  0.000000  0.000000  0.660891  0.00000  
2  0.000000  0.000000  0.000000  0.000000  0.000000  0.00000  
3  0.000000  0.000000  0.000000  0.000000  0.000000  0.00000  
4  0.000000  0.000000  0.000000  0.000000  0.000000  0.00000  
5  0.000000  0.000000  0.000000  0.000000  0.000000  0.00000  
6  0.342395  1.326751  0.000000  0.919408  0.280208  0.00000  
7  0.342395  0.000000  0.480208  0.580208  0.000000  0.26848  
8  0.000000  0.000000  0.000000  1.054112  0.594870  0.30000  
20          0         1          2         3         4         5         6   \
0  2.691906  0.929781   1.263628  1.442013  0.000000  1.218015  0.000000   
1  0.426584  4.677385   0.220781  0.538029  1.869324  1.920239  1.004875   
2  0.449354  1.193000   0.220781  0.200724  1.659484  0.707717  0.785987   
3  3.323701  3.847602   4.169577  2.860519  4.244010  2.484305  4.644606   
4  1.954475  4.117453   1.860981  2.276375  4.076891  3.487769  3.788347   
5  2.241779  2.794621   1.909075  1.519830  3.683214  2.477646  0.331489   
6  4.082754  7.304112  10.609186  7.905400  7.507925  8.665710  4.715335   
7  6.013885  8.204319  10.224628  4.548264  9.744578  5.290627  5.430993   
8  1.262527  3.057978   1.633210  0.733599  4.689820  1.401914  1.700374   

         7         8         9          10        11        12        13  
0  0.853313  2.136141  1.562456   0.971924  3.236786  0.000000  0.464783  
1  1.465041  0.486658  0.516656   0.929781  1.308657  3.059517  1.114783  
2  1.342013  0.370742  0.000000   0.000000  3.406612  1.139177  0.149354  
3  0.304480  0.528769  2.586077   2.477169  4.819081  4.481247  2.476169  
4  4.598331  0.977861  1.708274   2.397906  2.240506  3.189052  2.682083  
5  0.499403  0.719830  0.785521   0.870952  2.145366  2.952074  0.520952  
6  6.531596  7.505514  7.011820  10.327113  9.981049  8.165230  5.736528  
7  6.074426  3.704579  1.429062   6.286023  7.394421  4.029669  7.430217  
8  1.462952  0.792717  2.680184   1.110922  3.553704  1.823614  1.816339  
40          0         1          2         3          4         5         6   \
0  2.691906  1.962558   1.263628  1.442013   0.000000  1.218015  0.000000   
1  3.197433  4.730611   2.410523  0.538029   3.100467  2.134810  1.953310   
2  0.449354  1.928861   2.167867  0.200724   3.312957  1.143540  1.219180   
3  8.805186  6.951439   7.677789  5.196822  32.053459  5.067935  5.721019   
4  4.190655  5.250237   2.869677  6.863154   5.284923  7.258669  6.469941   
5  3.448169  4.717153   2.090818  2.479097   7.042785  2.477646  0.977884   
6  7.600348  7.918767  25.991180  9.115234   7.507925  8.665710  5.916533   
7  6.013885  8.204319  11.701289  4.548264  25.204480  6.855653  5.823024   
8  1.262527  3.174264   1.991972  0.733599  11.891351  2.869357  2.048130   

          7         8         9          10         11         12        13  
0   1.188947  2.343491  1.831966   1.700487   3.834072   1.320965  0.464783  
1   1.888374  0.863747  0.516656   0.929781   2.893287   3.059517  1.424269  
2   2.069561  0.840262  0.306595   0.582531   3.406612   1.139177  0.149354  
3   3.685868  1.289742  3.219702   3.574519   6.959073   6.831497  2.723346  
4   5.313307  2.424865  2.398817  30.408596   4.510076   7.652925  4.076637  
5   2.242250  0.719830  2.675948   0.870952  20.364330   4.076651  0.520952  
6   6.813567  7.675179  7.011820  10.327113  12.041094  10.374643  7.003040  
7  10.276396  5.209338  4.477042   6.286023   8.086859   4.448786  7.430217  
8   1.938741  0.792717  3.034250   1.521914   3.553704   1.823614  1.816339  
60           0          1          2          3          4         5          6   \
0   2.691906   1.962558   1.263628   1.442013   0.000000  1.218015   0.000000   
1   3.197433   4.730611   2.410523   0.538029   3.100467  2.134810   1.953310   
2   0.449354   1.928861   2.167867   0.200724   3.312957  1.143540   1.219180   
3  11.230810  15.753640  11.376724  11.133914  43.673282  5.067935  14.627832   
4   4.190655   8.607898   6.910652  10.806269   8.062010  7.258669  14.315407   
5   3.448169   4.717153   2.090818   2.479097   7.042785  5.068224   0.977884   
6   7.600348   7.918767  29.331274   9.115234   9.787033  8.665710   5.916533   
7   6.013885   8.204319  11.701289   4.548264  24.633870  6.855653   5.823024   
8   1.262527   3.174264   1.991972   0.733599  15.930865  2.869357   2.048130   

          7         8          9          10         11         12        13  
0   1.188947  2.343491   1.831966   1.700487   3.834072   1.320965  0.464783  
1   1.888374  0.863747   0.516656   0.929781   2.893287   3.059517  1.424269  
2   2.069561  0.840262   0.306595   0.582531   3.406612   1.139177  0.149354  
3  16.716491  3.861417   6.887563  12.756682  10.805365  12.808498  6.362599  
4   8.633487  4.772831  15.589182  41.995120   7.774184  11.505006  8.861660  
5   2.242250  3.238299   5.442415   0.870952  35.094044   4.076651  0.520952  
6   6.813567  7.675179   7.011820  10.327113  12.041094  10.374643  7.003040  
7  10.276396  5.209338   4.477042   6.286023   8.086859   4.448786  7.430217  
8   1.938741  0.792717   3.034250   1.521914   3.553704   1.823614  1.816339  
80           0          1          2          3          4          5   \
0   2.691906   1.962558   1.263628   1.442013   0.000000   1.218015   
1   3.197433   4.730611   2.410523   0.538029   3.100467   2.134810   
2   0.449354   1.928861   2.167867   0.200724   3.312957   1.143540   
3  19.943151  20.192871  21.020974  15.108704  56.073930  15.233518   
4   8.496922  21.175408   9.978050  21.045985  21.631087  11.136903   
5   9.399941   4.717153   2.090818  11.457383   7.042785   5.068224   
6   7.600348   7.918767  32.093948   9.115234   9.787033   8.665710   
7   6.013885   8.204319  11.701289   4.548264  28.493373   6.855653   
8   1.262527   3.174264   1.991972   0.733599  15.930865   2.869357   

          6          7          8          9          10         11  \
0   0.000000   1.188947   2.343491   1.831966   1.700487   3.834072   
1   1.953310   1.888374   0.863747   0.516656   0.929781   2.893287   
2   1.219180   2.069561   0.840262   0.306595   0.582531   3.406612   
3  18.122539  27.087490  19.807934  14.364010  16.915831  15.122967   
4  22.736044  17.585853   8.075109  25.127715  51.392840   7.774184   
5   0.977884   2.242250   3.238299   9.070173   6.197027  48.790443   
6   5.916533   6.813567   7.675179   7.011820  10.327113  12.041094   
7   5.823024  10.276396   5.209338   4.477042   6.286023   8.086859   
8   2.048130   1.938741   0.792717   3.034250   1.521914   3.553704   

          12         13  
0   1.320965   0.464783  
1   3.059517   1.424269  
2   1.139177   0.149354  
3  20.060658  14.129975  
4  16.095020  13.424197  
5   4.076651   0.520952  
6  10.374643   7.003040  
7   4.448786   7.430217  
8   1.823614   1.816339  
10           0          1          2          3          4          5   \
0   2.691906   1.962558   1.263628   1.442013   0.000000   1.218015   
1   3.197433   4.730611   2.410523   2.660838  15.772710   2.134810   
2   0.449354   1.928861   2.167867   0.200724   3.312957   1.143540   
3  19.943151  23.744929  21.020974  22.406321  51.981753  19.062368   
4  16.858377  24.004032   9.978050  21.045985  27.538703  11.136903   
5  13.315646   8.727119  10.871008  11.457383   7.042785   9.543082   
6   7.600348  11.296721  46.440664   9.115234  17.110723   8.665710   
7   6.013885   9.523632  14.770917   4.548264  43.947221   6.855653   
8   1.262527   3.174264   1.991972   0.733599  32.249112   5.902152   

          6          7          8          9          10         11  \
0   0.000000   1.188947   2.343491   1.831966   3.276510  13.597229   
1   1.953310   1.888374   0.863747   0.516656   0.929781   2.893287   
2   2.263791   2.069561   0.840262   0.306595   0.582531   4.431820   
3  22.435301  28.503302  25.216357  21.387624  20.657659  19.136190   
4  22.736044  25.411058  12.293192  27.548581  49.138121  10.676337   
5   0.977884   2.242250   7.265974   9.070173   6.197027  47.279092   
6   5.916533  16.020689   7.675179   7.011820  11.066270  19.966221   
7   5.823024  10.276396   8.482561   4.477042  14.896561  19.198423   
8   2.048130   1.938741   0.792717   5.585108   1.521914   3.553704   

          12         13  
0   1.320965   0.464783  
1   3.059517   1.424269  
2   1.139177   0.149354  
3  20.060658  14.129975  
4  27.052854  24.969927  
5   4.076651   0.520952  
6  10.374643   7.003040  
7  11.746464  14.824861  
8   1.823614   1.816339  
30           0          1          2          3          4          5   \
0   2.691906   1.962558   1.263628   3.017717   0.000000   1.218015   
1   3.197433   6.464837   2.410523   2.660838  22.950941   2.134810   
2   0.449354   1.928861   2.167867   0.200724   3.312957   1.143540   
3  19.943151  25.923510  25.487129  22.406321  49.739804  22.396868   
4  16.858377  24.004032   9.978050  23.217905  27.538703  15.138076   
5  13.315646   8.727119  10.871008  15.166763   7.042785   9.543082   
6   7.600348  11.296721  41.987611   9.115234  17.110723  13.147077   
7   6.013885  12.592924  17.465711   4.548264  40.129896   6.855653   
8   4.628995   3.174264   1.991972   0.733599  38.706196   5.902152   

          6          7          8          9          10         11  \
0   0.000000   1.188947   2.343491   1.831966   3.276510  29.589175   
1   3.957681   1.888374   0.863747   0.516656   0.929781   2.893287   
2   2.263791   2.069561   0.840262   0.306595   1.878621   5.144367   
3  24.938015  28.503302  25.216357  21.387624  23.638313  22.722410   
4  24.563467  25.411058  15.410292  30.430731  48.278007  10.676337   
5   0.977884   7.011672   7.265974   9.070173   6.197027  47.862553   
6   5.916533  19.778214  10.647475   7.011820  13.133621  23.653679   
7  14.595140  13.847500  11.737410   7.472785  21.664575  19.198423   
8   5.205109   5.279452   0.792717   9.081300   1.521914   3.553704   

          12         13  
0   1.320965   2.748398  
1   3.059517   1.424269  
2   1.139177   0.149354  
3  20.060658  14.129975  
4  27.052854  24.969927  
5   4.076651   9.847253  
6  16.462492  13.029941  
7  16.687611  16.806173  
8   1.823614   1.816339  
50           0          1          2          3          4          5   \
0   2.691906   1.962558   1.263628   3.017717   0.000000   1.218015   
1   3.197433   6.464837   2.410523   2.660838  22.950941   2.134810   
2   0.449354   1.928861   2.167867   0.200724   3.312957   1.143540   
3  26.245895  25.923510  27.863302  24.690068  48.867359  27.952110   
4  19.348831  26.649334  14.541779  23.217905  27.538703  18.122236   
5  16.620230   8.727119  17.981929  17.746760  11.115864  13.079061   
6   7.600348  14.878352  48.791374   9.115234  17.110723  19.606350   
7   9.635395  12.592924  17.465711   4.548264  48.224781  10.780277   
8   4.628995   7.362892   1.991972   0.733599  43.856162  10.927440   

          6          7          8          9          10         11  \
0   0.000000   1.188947   2.343491   1.831966   3.276510  29.589175   
1   3.957681   1.888374   0.863747   0.516656   0.929781   2.893287   
2   2.263791   2.069561   0.840262   0.306595   1.878621   5.144367   
3  28.176305  30.840756  27.030496  21.387624  30.743536  28.981217   
4  27.148046  25.411058  23.291196  30.430731  46.910891  14.874368   
5   0.977884   7.011672   7.265974   9.070173   6.197027  44.417185   
6   5.916533  19.778214  13.661832  11.080399  13.133621  28.298536   
7  17.746929  13.847500  11.737410   7.472785  21.664575  24.971075   
8   5.205109   5.279452   0.792717   9.081300   1.521914   3.553704   

          12         13  
0   1.320965   2.748398  
1   3.059517   1.424269  
2   1.139177   0.149354  
3  30.641298  17.969849  
4  29.554879  26.883716  
5   4.076651   9.847253  
6  16.462492  13.029941  
7  19.345931  19.309547  
8   1.823614   1.816339  
70           0          1          2          3          4          5   \
0   2.691906   1.962558   1.263628   3.017717   0.000000   1.218015   
1   3.197433   6.464837   2.410523   2.660838  22.950941   2.134810   
2   0.449354   1.928861   2.167867   0.200724   3.312957   1.143540   
3  28.509066  25.923510  32.302870  28.999118  55.473187  27.952110   
4  29.267753  26.649334  14.541779  26.019706  31.230845  24.825911   
5  16.620230   8.727119  20.523463  20.107780  11.115864  13.079061   
6   7.600348  14.878352  49.779613   9.115234  17.110723  19.606350   
7   9.635395  12.592924  17.465711   4.548264  48.473139  10.780277   
8   4.628995   7.362892   1.991972   0.733599  43.856162  10.927440   

          6          7          8          9          10         11  \
0   0.000000   1.188947   2.343491   1.831966   3.276510  29.589175   
1   3.957681   1.888374   0.863747   0.516656   0.929781   2.893287   
2   2.263791   2.069561   0.840262   0.306595   1.878621   5.144367   
3  32.565603  33.032991  28.679834  24.319023  36.943872  30.719500   
4  27.148046  31.062850  25.534628  32.151573  54.149475  22.527706   
5   6.749069   7.011672  13.595928   9.070173   6.197027  49.862492   
6   5.916533  19.778214  13.661832  11.080399  13.133621  28.298536   
7  17.746929  13.847500  11.737410   7.472785  21.664575  24.971075   
8   5.205109   5.279452   0.792717   9.081300   1.521914   3.553704   

          12         13  
0   1.320965   2.748398  
1   3.059517   1.424269  
2   1.139177   0.149354  
3  37.808227  23.842975  
4  31.386117  26.883716  
5   8.892636   9.847253  
6  16.462492  13.029941  
7  19.345931  19.309547  
8   1.823614   1.816339  
0           0          1          2          3          4          5   \
0   2.691906   1.962558   1.263628   3.017717   0.000000   1.218015   
1   3.197433   6.464837   2.410523   2.660838  22.950941   2.134810   
2   0.449354   1.928861   2.167867   0.200724   3.312957   1.143540   
3  31.339331  34.315036  35.012457  34.286876  56.906493  30.616640   
4  33.947680  29.464566  14.541779  30.564463  31.230845  30.042596   
5  20.760826   8.727119  20.523463  23.068620  11.115864  16.831812   
6   7.600348  14.878352  51.519811  13.527686  17.110723  19.606350   
7   9.635395  12.592924  17.465711   4.548264  50.606769  10.780277   
8   4.628995   7.362892   1.991972   0.733599  43.936640  10.927440   

          6          7          8          9          10         11  \
0   0.000000   1.188947   2.343491   1.831966   3.276510  29.589175   
1   3.957681   1.888374   0.863747   0.516656   0.929781   2.893287   
2   2.263791   2.069561   0.840262   0.306595   1.878621   5.144367   
3  37.251320  35.755903  32.767879  30.424159  42.688652  35.644808   
4  29.847498  33.699856  27.868739  40.728575  55.501075  25.332518   
5   6.749069  11.939452  13.595928   9.070173   6.197027  51.151088   
6   5.916533  19.778214  13.661832  11.080399  17.349713  28.298536   
7  17.746929  13.847500  11.737410   7.472785  21.664575  24.971075   
8   5.205109   5.279452   0.792717   9.081300   1.521914   3.553704   

          12         13  
0   1.320965   2.748398  
1   3.059517   1.424269  
2   1.139177   0.149354  
3  42.807511  27.021832  
4  34.292222  32.362891  
5  13.443333  14.917131  
6  16.462492  13.029941  
7  19.345931  19.309547  
8   1.823614   1.816339  
20           0          1          2          3          4          5   \
0   2.691906   1.962558   1.263628   3.017717   0.000000   1.218015   
1   3.197433   6.464837   2.410523   2.660838  29.521079   2.134810   
2   0.449354   1.928861   2.167867   0.200724   3.312957   1.143540   
3  31.339331  37.112402  35.012457  35.997743  56.246223  30.616640   
4  35.872657  29.464566  18.275143  32.367367  31.230845  30.042596   
5  20.760826   8.727119  20.523463  23.068620  11.115864  16.831812   
6   7.600348  19.009996  51.439354  17.954580  24.069270  19.606350   
7   9.635395  24.242984  20.473512  12.888398  52.436043  19.321559   
8   4.628995   7.362892   1.991972   5.416077  51.969419  10.927440   

          6          7          8          9          10         11  \
0   3.797989   1.188947   2.343491   1.831966   3.276510  33.947185   
1   3.957681   1.888374   0.863747   0.516656   0.929781   2.893287   
2   2.263791   2.069561   0.840262   0.306595   1.878621   5.582614   
3  39.360448  35.755903  36.167363  34.622157  42.688652  37.142220   
4  36.440948  37.051447  29.609749  40.728575  52.936117  25.332518   
5   6.749069  11.939452  13.595928   9.070173  10.415189  48.779226   
6  18.573286  19.778214  21.365172  23.292736  20.681888  30.882314   
7  23.811038  17.698973  22.328106  15.855121  21.664575  28.076937   
8   9.186033   5.279452   0.792717  13.250717  14.504058   3.553704   

          12         13  
0   1.320965   2.748398  
1   3.059517   1.424269  
2   1.139177   0.149354  
3  43.779326  27.021832  
4  34.292222  32.362891  
5  13.443333  17.886111  
6  20.418957  21.042160  
7  25.535650  19.309547  
8   6.634393   1.816339  
40           0          1          2          3          4          5   \
0   2.691906   1.962558   1.263628   3.017717   0.000000   1.218015   
1   3.197433   6.464837   2.410523   6.407923  33.241480   2.134810   
2   0.449354   1.928861   2.167867   0.200724   3.312957   1.143540   
3  34.099691  39.071893  35.012457  35.997743  52.093545  32.401696   
4  37.265356  29.464566  22.269010  35.893955  33.618584  30.042596   
5  23.351682   8.727119  24.275567  23.068620  15.359334  16.831812   
6   7.600348  19.009996  53.393110  24.189389  24.069270  19.606350   
7   9.635395  26.837929  22.998149  16.208800  52.454043  19.321559   
8   4.628995   7.362892   1.991972   5.416077  50.421227  10.927440   

          6          7          8          9          10         11  \
0   3.797989   1.188947   2.343491   1.831966   3.276510  34.231139   
1   3.957681   1.888374   3.779861   0.516656   0.929781   5.796786   
2   3.087113   2.069561   1.458671   0.306595   5.397112  10.041366   
3  39.360448  41.680434  36.167363  36.148875  44.831927  38.376108   
4  36.440948  38.991346  29.609749  40.728575  49.406471  25.332518   
5   6.749069  18.875948  16.642306  13.098964  10.415189  50.578318   
6  18.573286  23.264481  21.365172  26.467221  20.681888  30.882314   
7  23.811038  17.698973  25.823805  18.957848  24.501876  33.115360   
8   9.186033   5.279452   0.792717  13.250717  14.504058   7.804241   

          12         13  
0   1.320965   2.748398  
1   3.059517   1.424269  
2   1.139177   0.149354  
3  44.795567  27.021832  
4  37.412130  32.362891  
5  13.443333  20.554142  
6  20.418957  21.042160  
7  25.535650  19.309547  
8   6.634393   1.816339  
60           0          1          2          3          4          5   \
0   2.691906   1.962558   1.263628   3.017717   0.000000   1.218015   
1   3.197433   6.464837   2.410523   6.407923  33.241480   2.134810   
2   0.449354   1.928861   2.167867   0.200724   3.312957   1.143540   
3  35.054721  40.346375  38.804090  38.849685  50.253249  37.778204   
4  38.347211  32.915613  25.045715  37.718975  35.206053  34.598443   
5  23.351682   8.727119  27.086390  23.068620  15.359334  16.831812   
6  11.761177  21.984982  54.139837  24.189389  24.069270  19.606350   
7   9.635395  26.837929  22.998149  19.399781  50.780926  19.321559   
8   4.628995   7.362892   1.991972   5.416077  49.786637  10.927440   

          6          7          8          9          10         11  \
0   3.797989   1.188947   2.343491   1.831966   3.276510  34.231139   
1   3.957681   1.888374   3.779861   0.516656   0.929781   5.796786   
2   3.087113   2.069561   1.458671   0.306595   5.397112  10.041366   
3  41.413443  44.776550  37.059017  36.148875  44.831927  40.140839   
4  40.398857  38.991346  31.151108  40.728575  49.132392  31.785564   
5   6.749069  18.875948  16.642306  15.972969  13.912662  45.931572   
6  18.573286  23.264481  21.365172  26.467221  20.681888  30.882314   
7  26.003333  17.698973  25.823805  18.957848  24.501876  35.299769   
8   9.186033   5.279452   0.792717  13.250717  14.504058   7.804241   

          12         13  
0   1.320965   2.748398  
1   3.059517   1.424269  
2   1.139177   0.149354  
3  44.795567  27.021832  
4  37.412130  34.618573  
5  13.443333  20.554142  
6  20.418957  24.388105  
7  25.535650  19.309547  
8   6.634393   1.816339  
80           0          1          2          3          4          5   \
0   2.691906   1.962558   1.263628   3.017717   0.000000   1.218015   
1   3.197433   6.464837   2.410523   6.407923  33.241480   2.134810   
2   0.449354   1.928861   2.167867   0.200724   3.312957   1.143540   
3  39.911127  43.431233  43.493837  40.481768  53.866413  42.215459   
4  41.790405  34.690805  29.818137  43.285424  37.041049  37.199571   
5  25.846885   8.727119  27.086390  23.068620  19.274042  20.510124   
6  11.761177  21.984982  54.795920  24.189389  24.069270  19.606350   
7   9.635395  26.837929  22.998149  19.399781  50.780926  19.321559   
8   4.628995   7.362892   1.991972   5.416077  49.786637  10.927440   

          6          7          8          9          10         11  \
0   3.797989   1.188947   2.343491   1.831966   3.276510  34.231139   
1   3.957681   1.888374   3.779861   0.516656   0.929781   5.796786   
2   3.087113   2.069561   1.458671   0.306595   5.397112  10.041366   
3  41.413443  45.914132  39.844803  40.235993  46.120184  40.140839   
4  42.422622  40.861649  38.537815  42.424157  51.388133  36.520330   
5   6.749069  18.875948  16.642306  15.972969  13.912662  52.205332   
6  18.573286  23.264481  21.365172  26.467221  20.681888  30.882314   
7  26.003333  17.698973  25.823805  18.957848  24.501876  35.299769   
8   9.186033   5.279452   0.792717  13.250717  14.504058   7.804241   

          12         13  
0   1.320965   2.748398  
1   3.059517   1.424269  
2   1.139177   0.149354  
3  48.361642  27.021832  
4  37.412130  34.618573  
5  13.443333  20.554142  
6  20.418957  24.388105  
7  25.535650  19.309547  
8   6.634393   1.816339  
