0      0        1        2    3        4    5     6
0  1.6  0.00000  0.48496  0.0  1.14400  0.0  1.09
1  0.0  0.18496  0.94400  0.8  0.58496  0.0  0.00
2  0.0  0.00000  0.00000  0.0  0.00000  0.0  0.00
3  0.0  0.00000  0.00000  0.0  0.00000  0.0  0.00
4  0.0  0.00000  0.00000  0.0  0.00000  0.0  0.00
5  0.0  0.00000  0.00000  0.0  0.00000  0.0  0.00
6  0.0  1.00000  0.00000  0.0  0.00000  0.0  0.00
7  0.0  0.00000  0.00000  0.0  0.00000  0.0  0.00
8  0.0  0.00000  0.00000  0.0  0.00000  0.0  0.00
20           0         1         2         3         4         5         6
0  2.868105  1.583063  3.857760  2.412387  1.144000  1.929652  2.588253
1  3.175154  1.986096  1.855464  2.287383  1.566368  0.000000  0.161424
2  0.000000  0.000000  0.099000  0.000000  0.000000  0.000000  0.000000
3  4.563944  5.722025  0.411358  9.515544  5.532029  2.666176  3.664191
4  4.868927  6.890601  3.810369  8.721313  2.083368  4.450743  2.538925
5  0.000000  0.000000  0.000000  2.153128  0.000000  0.000000  0.000000
6  7.644304  3.595424  7.714791  5.042544  9.256194  8.198433  2.982311
7  8.329464  4.124962  3.597769  6.395527  7.051227  3.148245  1.440188
8  0.000000  0.000000  0.000000  0.000000  0.000000  0.000000  0.000000
40            0          1          2          3          4          5          6
0  11.177640   4.361987   6.795808  10.343131   6.374947   9.159163   6.016131
1   9.113536   4.338030   5.786344   5.031373   6.218147   1.558964   2.145887
2   0.000000   0.705083   1.403292   2.278696   1.005083   0.000000   0.465921
3   8.759660   9.183376   3.669580  13.660201   9.967424   6.807686   5.888350
4   4.868927  10.710534   8.964158  14.562516   6.144857   8.173457   6.079683
5   0.000000   0.000000   1.487999   2.153128   0.000000   0.000000   0.000000
6  19.011152  17.006253  17.745162  18.067982  15.746430  16.950686  11.982876
7  13.801515  14.150610  15.083659  19.334460  17.970526  15.278881  13.039179
8   1.877751   0.327015   1.483392   7.119355   1.853492   0.000000   0.000000
60            0          1          2          3          4          5          6
0  13.186682   5.019234   7.649817  12.133628   6.374947   9.136693   6.016131
1   9.319046   6.129302   5.412792  10.869205   6.991911   2.296513   3.453666
2   0.205083   0.705083   1.403292   5.298883   1.005083   0.000000   0.465921
3  14.780567  13.060424   9.887433  40.525223  13.374336  14.836136  15.209037
4  11.982549  15.758946  16.515048  31.698290  14.831530  13.494458  14.324511
5   0.621077   1.875635   4.070652   6.900852   3.329976   0.000000   1.322929
6  45.609445  17.891328  21.170219  19.909832  18.322305  22.131634  16.882702
7  15.140728  21.678639  15.820549  44.422106  19.638691  19.165310  15.287692
8   2.330718   0.327015   1.483392   7.119355   2.608885   0.640742   0.640742
80            0          1          2          3          4          5          6
0  13.640477   5.019234   7.649817  12.133628   6.374947   9.136693   6.016131
1   9.319046   6.129302   5.412792  12.015986   6.991911   2.296513   3.453666
2   0.205083   0.705083   1.403292   6.801744   1.005083   0.000000   0.465921
3  14.780567  13.060424   9.887433  45.441044  13.374336  20.240509  18.629775
4  18.665001  15.758946  16.515048  39.349112  18.506127  15.928860  16.175907
5   0.621077   1.875635   5.043854  20.373634   8.544279   0.000000   1.322929
6  48.151944  17.891328  21.170219  19.909832  18.322305  22.131634  16.882702
7  18.373566  24.644451  18.857793  46.484111  19.638691  21.896049  20.837742
8   2.330718   0.327015   1.483392  15.205454   2.608885   0.640742   0.640742
100            0          1          2          3          4          5          6
0  17.387657   5.019234   7.649817  12.133628   6.374947   9.136693   6.016131
1   9.319046   6.129302   5.412792  18.280902   6.991911   2.296513   3.453666
2   0.205083   0.705083   1.403292   6.801744   1.005083   0.000000   0.465921
3  23.658107  21.890383  20.782383  62.379294  13.374336  35.632954  35.140519
4  18.665001  21.510480  28.355610  59.974755  29.688915  25.509146  20.211035
5   0.621077   1.875635   6.642240  28.091053  14.108629   2.289270   3.287375
6  46.075500  17.891328  21.170219  19.909832  18.322305  22.131634  16.882702
7  18.373566  24.644451  18.857793  46.484111  19.638691  21.896049  20.837742
8   2.330718   0.327015   1.483392  15.205454   2.608885   0.640742   0.640742
120            0          1          2          3          4          5          6
0  18.122720   5.019234   7.649817  12.665546   6.374947   9.136693   6.016131
1   9.319046   6.129302   5.412792  18.157324   6.991911   2.679019   3.453666
2   0.205083   0.705083   1.862938   6.599726   1.005083   0.000000   0.465921
3  30.710906  28.769046  20.782383  62.139133  30.907463  45.594908  41.633165
4  22.421582  31.908273  36.741607  61.455977  38.483163  37.405931  23.680271
5   4.187307   1.875635   6.642240  35.343498  14.108629   2.289270   3.287375
6  54.102997  17.891328  24.067970  19.909832  22.240427  28.673864  16.882702
7  18.373566  24.644451  24.912177  52.742846  26.173444  21.896049  23.573023
8   2.330718   0.327015   1.483392  18.922312   2.608885   0.640742   0.640742
140            0          1          2          3          4          5          6
0  31.631613   5.019234   7.649817  12.665546   8.178050   9.136693   6.016131
1  10.927739  13.960090   7.786806  31.679030   6.991911   8.312576   3.453666
2   0.205083   0.705083   1.862938  11.919593   1.005083   0.000000   0.465921
3  33.248946  32.180003  32.620252  61.685777  33.771249  45.594908  44.762160
4  29.840874  35.498198  36.741607  60.751255  38.483163  40.374660  23.680271
5   4.187307   1.875635   6.642240  35.343498  16.678681   2.289270   3.287375
6  59.830696  25.993656  28.433114  30.767027  36.837652  35.140612  20.541288
7  25.947252  27.746334  28.225443  59.604622  35.981890  21.896049  23.573023
8   2.330718   0.327015   1.483392  18.922312   2.608885   0.640742   0.640742
