0           0         1         2         3         4         5        6   \
0   0.000450  0.001578  0.000000  0.000000  0.000450  0.000450  0.00000   
1   0.000000  0.000000  0.000000  0.000000  0.000000  0.000000  0.00000   
2   0.009950  0.002712  0.005704  0.001279  0.007185  0.004342  0.00150   
3   0.000000  0.000000  0.000000  0.000000  0.000000  0.000000  0.00000   
4  -0.000151 -0.000054 -0.000027  0.000099  0.000448 -0.000043  0.00045   
5   0.000000  0.000000  0.000000  0.000000  0.000000  0.000000  0.00000   
6   0.000000  0.000000  0.000000  0.000000  0.000000  0.000000  0.00000   
7   0.000000  0.000000  0.000000  0.000000  0.000000  0.000000  0.00000   
8   0.000000  0.000000  0.000000  0.000000  0.000000  0.000000  0.00000   
9   0.000000  0.000000  0.000000  0.000000  0.000000  0.000000  0.00000   
10  0.000000  0.000000  0.000000  0.000000  0.000000  0.000000  0.00000   
11  0.000000  0.000000  0.000000  0.000000  0.000000  0.000000  0.00000   

          7         8         9         10  
0   0.000000  0.000878  0.000450  0.000000  
1   0.000000  0.000000  0.000000  0.000000  
2   0.003294  0.002310  0.000832  0.001553  
3   0.000000  0.000000  0.000000  0.000000  
4   0.000000 -0.000108 -0.000069 -0.000078  
5   0.000000  0.000000  0.000000  0.000000  
6   0.000000  0.000000 -0.000050  0.000000  
7   0.000000  0.000000  0.000000  0.000000  
8   0.000000  0.000000  0.000000  0.000000  
9   0.000000  0.000000  0.000000  0.000000  
10  0.000000  0.000000  0.000000  0.000000  
11  0.000000  0.000000  0.000000  0.000000  
effe_insert_same_M_1 [105, 25, 5998]
effe_swap_same_M_1 [95, 15, 3834]
effe_insert_other_M_1 [167, 47, 20586]
effe_swap_other_M_1 [167, 47, 24920]
effe_insert_same_M_0 [279, 59, 39517]
effe_swap_same_M_0 [272, 52, 23432]
effe_insert_other_M_0 [100, 20, 5444]
effe_swap_other_M_0 [98, 18, 5437]
rand_insert_same_M_1 [244, 44, 13752]
rand_insert_other_M_1 [104, 24, 4005]
sort_delay_A_P_1 [220, 0, 0]
sort_delay_A_D_1 [140, 0, 0]
sort_early_D_P_1 [200, 0, 0]
sort_early_A_D_1 [120, 0, 0]
sort_stuck_A_S0_1 [154, 14, 10996]
20           0         1         2         3         4         5         6   \
0   0.006948  0.005412  0.005720  0.004043  0.009795  0.003956  0.009754   
1   0.016952  0.017059  0.004930  0.005526  0.007917  0.002448  0.004442   
2   0.066674  0.040747  0.042527  0.034483  0.040417  0.040366  0.035885   
3   0.027187  0.022991  0.014140  0.011627  0.018057  0.019597  0.012839   
4   0.003302  0.001978  0.002134  0.003547  0.008945  0.000913  0.005082   
5   0.008383  0.004675  0.005209  0.004757  0.005798  0.004853  0.004595   
6   0.010286  0.013072  0.015441  0.006564  0.003047  0.002670  0.005348   
7   0.000000  0.000000  0.000000  0.000000  0.000000  0.000000  0.000000   
8  -0.000050 -0.000143 -0.000098 -0.000143 -0.000143  0.000000 -0.000050   
9   0.000000  0.000000  0.000000  0.000000  0.000000  0.000000  0.000000   
10 -0.000098  0.000000 -0.000050 -0.000143 -0.000098 -0.000143 -0.000143   
11  0.000000  0.000000  0.000000  0.000000  0.000000  0.000000  0.000000   

          7         8         9         10  
0   0.005133  0.011146  0.006000  0.008678  
1   0.004754  0.001582  0.006773  0.002021  
2   0.032984  0.042348  0.044099  0.038656  
3   0.017265  0.015752  0.012408  0.014490  
4   0.006393  0.004062  0.004308  0.002981  
5   0.003564  0.005335  0.004365  0.004778  
6   0.002948  0.004219  0.002484  0.001717  
7   0.000000  0.000000  0.000000  0.000000  
8  -0.000185 -0.000143 -0.000226 -0.000098  
9   0.000000  0.000000  0.000000  0.000000  
10 -0.000050 -0.000143 -0.000050 -0.000050  
11  0.000000  0.000000  0.000000  0.000000  
effe_insert_same_M_1 [124, 24, 6956]
effe_swap_same_M_1 [120, 20, 5769]
effe_insert_other_M_1 [102, 22, 5982]
effe_swap_other_M_1 [120, 40, 10298]
effe_insert_same_M_0 [178, 78, 61432]
effe_swap_same_M_0 [133, 33, 13425]
effe_insert_other_M_0 [83, 3, 373]
effe_swap_other_M_0 [86, 6, 760]
rand_insert_same_M_1 [156, 36, 9224]
rand_insert_other_M_1 [545, 65, 14462]
sort_delay_A_P_1 [240, 0, 0]
sort_delay_A_D_1 [180, 0, 0]
sort_early_D_P_1 [100, 0, 0]
sort_early_A_D_1 [200, 0, 0]
sort_stuck_A_S0_1 [217, 17, 26506]
40           0         1         2         3         4         5         6   \
0   0.023850  0.029192  0.029705  0.013002  0.027232  0.015289  0.019936   
1   0.032810  0.029739  0.022190  0.023011  0.024360  0.026894  0.025802   
2   0.072769  0.071189  0.060725  0.054963  0.065553  0.059422  0.060725   
3   0.064015  0.065513  0.059721  0.056728  0.053127  0.054818  0.051908   
4   0.013434  0.012676  0.013086  0.011936  0.013533  0.014351  0.013000   
5   0.016123  0.018881  0.012619  0.014594  0.011987  0.015339  0.013411   
6   0.023912  0.023472  0.017800  0.017040  0.014246  0.023974  0.005348   
7   0.000000  0.000000  0.000000  0.000000  0.000000  0.000000  0.000000   
8  -0.000050 -0.000143 -0.000098 -0.000143 -0.000143  0.000000 -0.000050   
9   0.000000  0.000000  0.000000  0.000000  0.000000  0.000000  0.000000   
10 -0.000098  0.000000 -0.000050 -0.000143 -0.000098 -0.000143 -0.000143   
11  0.000000  0.000000  0.000000  0.000000  0.000000  0.000000  0.000000   

          7         8         9         10  
0   0.025739  0.025852  0.016686  0.025702  
1   0.026300  0.009246  0.030655  0.013795  
2   0.059868  0.060241  0.059559  0.059164  
3   0.051465  0.054864  0.056121  0.052093  
4   0.007835  0.010487  0.008596  0.010493  
5   0.012958  0.013396  0.015328  0.013306  
6   0.010594  0.004219  0.013823  0.004887  
7   0.000000  0.000000  0.000000  0.000000  
8  -0.000185 -0.000143 -0.000226 -0.000098  
9   0.000000  0.000000  0.000000  0.000000  
10 -0.000050 -0.000143 -0.000050 -0.000050  
11  0.000000  0.000000  0.000000  0.000000  
effe_insert_same_M_1 [151, 51, 25493]
effe_swap_same_M_1 [148, 48, 17645]
effe_insert_other_M_1 [95, 35, 17814]
effe_swap_other_M_1 [76, 16, 7282]
effe_insert_same_M_0 [155, 35, 8512]
effe_swap_same_M_0 [172, 52, 14201]
effe_insert_other_M_0 [179, 39, 8177]
effe_swap_other_M_0 [185, 45, 13941]
rand_insert_same_M_1 [190, 30, 5203]
rand_insert_other_M_1 [244, 44, 16979]
sort_delay_A_P_1 [160, 0, 0]
sort_delay_A_D_1 [160, 0, 0]
sort_early_D_P_1 [40, 0, 0]
sort_early_A_D_1 [120, 0, 0]
sort_stuck_A_S0_1 [78, 18, 32658]
0           0         1         2         3         4         5         6   \
0   0.000878  0.000450  0.000000  0.000244  0.000000  0.000000  0.000000   
1   0.000000  0.000000  0.000000  0.000000  0.000000  0.000000  0.000000   
2   0.005777  0.005685  0.000398  0.000450  0.010000  0.001961  0.002384   
3   0.000000  0.000000  0.000000  0.000000  0.000000  0.000000  0.000000   
4  -0.000141  0.000350  0.000097  0.000409 -0.000138 -0.000058  0.000000   
5   0.000000  0.000000  0.000000  0.000000  0.000000  0.000000  0.000000   
6   0.000000  0.000000 -0.000050  0.000000  0.000000  0.000000  0.000000   
7   0.000000  0.000000  0.000000  0.000000  0.000000  0.000000  0.000000   
8   0.000000  0.000000  0.000000  0.000000  0.000000  0.000000  0.000000   
9   0.000000  0.000000  0.000000  0.000000  0.000000  0.000000  0.000000   
10  0.000000  0.000000  0.000000  0.000000  0.000000  0.000000  0.000000   
11  0.000000  0.000000  0.000000  0.000000  0.000000  0.000000  0.000000   

          7         8         9         10  
0   0.000450  0.000000  0.000000  0.000000  
1   0.000000  0.000000  0.000000  0.000000  
2   0.001669  0.000878  0.000450  0.002036  
3   0.000000  0.000000  0.000000  0.000000  
4   0.000000 -0.000084 -0.000043 -0.000030  
5   0.000000  0.000000  0.000000  0.000000  
6   0.000000  0.000000  0.000000  0.000000  
7   0.000000  0.000000  0.000000  0.000000  
8   0.000000  0.000000  0.000000  0.000000  
9   0.000000  0.000000  0.000000  0.000000  
10  0.000000  0.000000  0.000000  0.000000  
11  0.000000  0.000000  0.000000  0.000000  
effe_insert_same_M_1 [112, 32, 17488]
effe_swap_same_M_1 [106, 26, 5833]
effe_insert_other_M_1 [137, 37, 33675]
effe_swap_other_M_1 [149, 49, 22652]
effe_insert_same_M_0 [67, 7, 749]
effe_swap_same_M_0 [68, 8, 982]
effe_insert_other_M_0 [239, 79, 45089]
effe_swap_other_M_0 [204, 44, 20856]
rand_insert_same_M_1 [324, 44, 8484]
rand_insert_other_M_1 [173, 13, 1942]
sort_delay_A_P_1 [160, 0, 0]
sort_delay_A_D_1 [80, 0, 0]
sort_early_D_P_1 [120, 0, 0]
sort_early_A_D_1 [200, 0, 0]
sort_stuck_A_S0_1 [110, 10, 2657]
0           0         1         2         3         4         5         6   \
0   0.000448  0.000000  0.000355  0.000000  0.000000  0.000450  0.000000   
1   0.000000  0.000000  0.000000  0.000000  0.000000  0.000000  0.000000   
2   0.009303  0.000418  0.002264  0.005332  0.002127  0.001676  0.000798   
3   0.000000  0.000000  0.000000  0.000000  0.000000  0.000000  0.000000   
4   0.003363  0.000299  0.000121 -0.000050  0.000121  0.000121  0.000626   
5   0.000000  0.000000  0.000000  0.000000  0.000000  0.000000  0.000000   
6   0.000000  0.000000  0.000000  0.000000  0.000000  0.000000  0.000000   
7   0.000000  0.000000  0.000000  0.000000  0.000000  0.000000  0.000000   
8   0.000000  0.000000  0.000000  0.000000  0.000000  0.000000  0.000000   
9   0.000000  0.000000  0.000000  0.000000  0.000000  0.000000  0.000000   
10  0.000000  0.000000  0.000000  0.000000  0.000000  0.000000  0.000000   
11  0.000000  0.000000  0.000000  0.000000  0.000000  0.000000  0.000000   

          7         8         9         10  
0   0.000000  0.000450  0.000420  0.000000  
1   0.000000  0.000000  0.000000  0.000000  
2   0.000957  0.002290  0.001575  0.001577  
3   0.000000  0.000000  0.000000  0.000000  
4   0.000339  0.000351  0.000073  0.000515  
5   0.000000  0.000000  0.000000  0.000000  
6   0.000000 -0.000050  0.000000  0.000000  
7   0.000000  0.000000  0.000000  0.000000  
8   0.000000  0.000000  0.000000  0.000000  
9   0.000000  0.000000  0.000000  0.000000  
10  0.000000  0.000000  0.000000  0.000000  
11  0.000000  0.000000  0.000000  0.000000  
effe_insert_same_M_1 [292, 112, 62166]
effe_swap_same_M_1 [241, 61, 27262]
effe_insert_other_M_1 [198, 38, 10256]
effe_swap_other_M_1 [190, 30, 6391]
effe_insert_same_M_0 [241, 61, 11845]
effe_swap_same_M_0 [229, 49, 9158]
effe_insert_other_M_0 [233, 33, 4589]
effe_swap_other_M_0 [234, 34, 4913]
rand_insert_same_M_1 [549, 69, 13164]
rand_insert_other_M_1 [300, 20, 2829]
sort_delay_A_P_1 [160, 0, 0]
sort_delay_A_D_1 [140, 0, 0]
sort_early_D_P_1 [160, 0, 0]
sort_early_A_D_1 [240, 0, 0]
sort_stuck_A_S0_1 [278, 18, 14671]
0           0         1         2         3         4         5         6   \
0   0.000000  0.000000  0.000999  0.000000  0.000763  0.000000  0.000000   
1   0.000000  0.000000  0.000000  0.000000  0.000000  0.000000  0.000000   
2  -0.000050  0.016168  0.002544  0.001879  0.000711  0.001879  0.001177   
3   0.000000  0.000000  0.000000  0.000000  0.000000  0.000000  0.000000   
4  -0.000014  0.001344  0.000004 -0.000009  0.000000 -0.000084 -0.000017   
5   0.000000  0.000000  0.000000  0.000000  0.000000  0.000000  0.000000   
6   0.000000  0.000000  0.000000  0.000000  0.001776  0.000000  0.000000   
7   0.000000  0.000000  0.000000  0.000000  0.000000  0.000000  0.000000   
8   0.000000  0.000000  0.000000  0.000000  0.000000  0.000000  0.000000   
9   0.000000  0.000000  0.000000  0.000000  0.000000  0.000000  0.000000   
10  0.000000  0.000000  0.000000  0.000000  0.000000  0.000000  0.000000   
11  0.000000  0.000000  0.000000  0.000000  0.000000  0.000000  0.000000   

          7         8         9         10  
0   0.000000 -0.000050  0.000436  0.000000  
1   0.000000  0.000000  0.000000  0.000000  
2   0.003921  0.002175 -0.000050  0.003781  
3   0.000000  0.000000  0.000000  0.000000  
4  -0.000107  0.000000  0.000017  0.000000  
5   0.000000  0.000000  0.000000  0.000000  
6   0.000000  0.000000  0.000000  0.000000  
7   0.000000  0.000000  0.000000  0.000000  
8   0.000000  0.000000  0.000000  0.000000  
9   0.000000  0.000000  0.000000  0.000000  
10  0.000000  0.000000  0.000000  0.000000  
11  0.000000  0.000000  0.000000  0.000000  
effe_insert_same_M_1 [57, 37, 26612]
effe_swap_same_M_1 [53, 33, 13598]
effe_insert_other_M_1 [203, 63, 27798]
effe_swap_other_M_1 [170, 30, 8942]
effe_insert_same_M_0 [77, 37, 10856]
effe_swap_same_M_0 [55, 15, 3675]
effe_insert_other_M_0 [86, 26, 4305]
effe_swap_other_M_0 [81, 21, 4313]
rand_insert_same_M_1 [224, 64, 25649]
rand_insert_other_M_1 [300, 60, 27333]
sort_delay_A_P_1 [80, 0, 0]
sort_delay_A_D_1 [140, 0, 0]
sort_early_D_P_1 [80, 0, 0]
sort_early_A_D_1 [100, 0, 0]
sort_stuck_A_S0_1 [66, 6, 3731]
0           0        1         2         3         4         5         6   \
0   0.000910  0.00000  0.000000  0.000450  0.000450  0.000000  0.000000   
1   0.000000  0.00000  0.000000  0.000000  0.000000  0.000000  0.000000   
2   0.000858  0.00980  0.002488  0.001262  0.001570  0.002130  0.001107   
3   0.000000  0.00000  0.000000  0.000000  0.000000  0.000000  0.000000   
4   0.000000 -0.00008 -0.000098 -0.000080 -0.000033  0.000359 -0.000087   
5   0.000000  0.00000  0.000000  0.000000  0.000000  0.000000  0.000000   
6   0.000000  0.00000  0.000000  0.000000  0.000000  0.000000  0.000000   
7   0.000000  0.00000  0.000000  0.000000  0.000000  0.000000  0.000000   
8   0.000000  0.00000  0.000000  0.000000  0.000000  0.000000  0.000000   
9   0.000000  0.00000  0.000000  0.000000  0.000000  0.000000  0.000000   
10  0.000000  0.00000  0.000000  0.000000  0.000000  0.000000  0.000000   
11  0.000000  0.00000  0.000000  0.000000  0.000000  0.000000  0.000000   

          7         8         9         10  
0   0.000448  0.000000  0.000000  0.000000  
1   0.000000  0.000000  0.000000  0.000000  
2   0.001260  0.001269  0.001267  0.000448  
3   0.000000  0.000000  0.000000  0.000000  
4  -0.000032 -0.000064  0.000298  0.000000  
5   0.000000  0.000000  0.000000  0.000000  
6   0.000000 -0.000050  0.000000  0.000000  
7   0.000000  0.000000  0.000000  0.000000  
8   0.000000  0.000000  0.000000  0.000000  
9   0.000000  0.000000  0.000000  0.000000  
10  0.000000  0.000000  0.000000  0.000000  
11  0.000000  0.000000  0.000000  0.000000  
effe_insert_same_M_1 [154, 54, 18640]
effe_swap_same_M_1 [155, 55, 16653]
effe_insert_other_M_1 [36, 16, 5816]
effe_swap_other_M_1 [31, 11, 2836]
effe_insert_same_M_0 [167, 67, 32687]
effe_swap_same_M_0 [141, 41, 19210]
effe_insert_other_M_0 [76, 36, 10735]
effe_swap_other_M_0 [50, 10, 6034]
rand_insert_same_M_1 [102, 22, 3133]
rand_insert_other_M_1 [102, 22, 4103]
sort_delay_A_P_1 [40, 0, 0]
sort_delay_A_D_1 [120, 0, 0]
sort_early_D_P_1 [100, 0, 0]
sort_early_A_D_1 [60, 0, 0]
sort_stuck_A_S0_1 [95, 15, 22913]
20           0         1         2         3         4         5         6   \
0   0.001910  0.008442  0.003057  0.005233  0.003461  0.005949  0.002710   
1   0.006866  0.001574  0.004088  0.009034  0.009660  0.004821  0.005679   
2   0.026108  0.035287  0.019479  0.020781  0.019923  0.030828  0.016766   
3   0.019679  0.044996  0.029970  0.029402  0.033246  0.029065  0.025162   
4   0.001515  0.003446  0.000993  0.002154  0.001222  0.001773  0.002162   
5   0.005273  0.002138  0.001440  0.005750  0.004793  0.005663  0.003681   
6   0.019795  0.017710  0.008230  0.008321  0.000000  0.001084  0.001461   
7   0.000000  0.000000  0.000000  0.000000  0.000000  0.000000  0.000000   
8  -0.000050 -0.000098 -0.000229 -0.000098 -0.000098 -0.000050 -0.000098   
9   0.000000  0.000000  0.000000  0.000000  0.000000  0.000000  0.000000   
10 -0.000143 -0.000098 -0.000143 -0.000098 -0.000050 -0.000050 -0.000050   
11  0.000000  0.000000  0.000000  0.000000  0.000000  0.000000  0.000000   

          7         8         9         10  
0   0.003253  0.003732  0.003199  0.001800  
1   0.008669  0.007567  0.009999  0.001646  
2   0.013698  0.017541  0.020654  0.025677  
3   0.025895  0.030718  0.022442  0.025217  
4   0.002087  0.001427  0.001379  0.003890  
5   0.003685  0.001555  0.002549  0.002073  
6   0.002542  0.002487  0.001646  0.000000  
7   0.000000  0.000000  0.000000  0.000000  
8  -0.000100 -0.000229 -0.000145 -0.000100  
9   0.000000  0.000000  0.000000  0.000000  
10 -0.000185 -0.000050 -0.000098  0.000000  
11  0.000000  0.000000  0.000000  0.000000  
effe_insert_same_M_1 [185, 45, 22694]
effe_swap_same_M_1 [177, 37, 13957]
effe_insert_other_M_1 [194, 34, 9984]
effe_swap_other_M_1 [179, 19, 4365]
effe_insert_same_M_0 [236, 56, 20162]
effe_swap_same_M_0 [206, 26, 3306]
effe_insert_other_M_0 [163, 23, 4497]
effe_swap_other_M_0 [153, 13, 3505]
rand_insert_same_M_1 [498, 58, 16092]
rand_insert_other_M_1 [446, 86, 32576]
sort_delay_A_P_1 [140, 0, 0]
sort_delay_A_D_1 [80, 0, 0]
sort_early_D_P_1 [140, 0, 0]
sort_early_A_D_1 [240, 0, 0]
sort_stuck_A_S0_1 [118, 18, 25536]
40           0         1         2         3         4         5         6   \
0   0.019022  0.040008  0.013968  0.016627  0.014051  0.021402  0.015294   
1   0.020883  0.013061  0.018865  0.020138  0.023966  0.033295  0.025195   
2   0.065796  0.059138  0.042681  0.045315  0.045369  0.048653  0.046228   
3   0.057877  0.063066  0.050237  0.058607  0.055860  0.055168  0.053949   
4   0.012251  0.007039  0.012227  0.010631  0.016436  0.012081  0.010498   
5   0.010610  0.025621  0.010073  0.013687  0.015836  0.018797  0.013866   
6   0.024527  0.017710  0.010857  0.010098  0.015530  0.008720  0.007484   
7   0.000000  0.000000  0.000000  0.000000  0.000000  0.000000  0.000000   
8  -0.000050 -0.000098 -0.000229 -0.000098 -0.000098 -0.000050 -0.000098   
9   0.000000  0.000000  0.000000  0.000000  0.000000  0.000000  0.000000   
10 -0.000143 -0.000098 -0.000143 -0.000098 -0.000050 -0.000050 -0.000050   
11  0.000000  0.000000  0.000000  0.000000  0.000000  0.000000  0.000000   

          7         8         9         10  
0   0.017387  0.013613  0.014222  0.014654  
1   0.030717  0.026005  0.025203  0.021683  
2   0.050646  0.048399  0.047415  0.047524  
3   0.053123  0.053488  0.055483  0.049408  
4   0.011581  0.010340  0.012450  0.009456  
5   0.011460  0.013818  0.018813  0.010685  
6   0.004901  0.009151  0.004229  0.010684  
7   0.000000  0.000000  0.000000  0.000000  
8  -0.000100 -0.000229 -0.000145 -0.000100  
9   0.000000  0.000000  0.000000  0.000000  
10 -0.000185 -0.000050 -0.000098  0.000000  
11  0.000000  0.000000  0.000000  0.000000  
effe_insert_same_M_1 [104, 44, 18296]
effe_swap_same_M_1 [101, 41, 14022]
effe_insert_other_M_1 [97, 17, 4604]
effe_swap_other_M_1 [105, 25, 8601]
effe_insert_same_M_0 [70, 30, 5799]
effe_swap_same_M_0 [61, 21, 4308]
effe_insert_other_M_0 [147, 47, 25893]
effe_swap_other_M_0 [151, 51, 13660]
rand_insert_same_M_1 [163, 43, 21021]
rand_insert_other_M_1 [307, 67, 18559]
sort_delay_A_P_1 [100, 0, 0]
sort_delay_A_D_1 [40, 0, 0]
sort_early_D_P_1 [40, 0, 0]
sort_early_A_D_1 [100, 0, 0]
sort_stuck_A_S0_1 [137, 17, 23944]
60           0         1         2         3         4         5         6   \
0   0.026266  0.040008  0.024896  0.029619  0.022347  0.037835  0.017747   
1   0.056257  0.052055  0.038229  0.042817  0.043965  0.053659  0.040670   
2   0.083489  0.069648  0.065905  0.069779  0.059409  0.080054  0.059206   
3   0.065512  0.072318  0.069945  0.065204  0.067519  0.070006  0.069573   
4   0.023555  0.014962  0.020449  0.019189  0.027531  0.021490  0.017747   
5   0.039714  0.036658  0.031066  0.027394  0.033056  0.033830  0.033555   
6   0.042264  0.030894  0.010854  0.017769  0.021058  0.022414  0.013833   
7   0.000000  0.000000  0.000000  0.000000  0.000000  0.000000  0.000000   
8   0.002249  0.001873  0.011333  0.000943  0.001789  0.001321  0.001420   
9   0.000000  0.000000  0.000000  0.000000  0.000000  0.000000  0.000000   
10 -0.000185 -0.000169  0.000730 -0.000146 -0.000165  0.000436 -0.000135   
11  0.000000  0.000000  0.000000  0.000000  0.000000  0.000000  0.000000   

          7         8         9         10  
0   0.025499  0.021999  0.027958  0.021799  
1   0.048293  0.050437  0.045492  0.039749  
2   0.063069  0.066911  0.061157  0.062858  
3   0.070000  0.068113  0.066337  0.068823  
4   0.020849  0.014700  0.019257  0.018561  
5   0.030074  0.031201  0.032243  0.029695  
6   0.008172  0.018037  0.007475  0.021462  
7   0.000000  0.000000  0.000000  0.000000  
8   0.002247  0.002554  0.002194  0.000886  
9   0.000000  0.000000  0.000000  0.000000  
10 -0.000206  0.000277 -0.000153 -0.000095  
11  0.000000  0.000000  0.000000  0.000000  
effe_insert_same_M_1 [50, 10, 3604]
effe_swap_same_M_1 [53, 13, 3955]
effe_insert_other_M_1 [73, 13, 2330]
effe_swap_other_M_1 [84, 24, 6680]
effe_insert_same_M_0 [134, 54, 33899]
effe_swap_same_M_0 [96, 16, 8007]
effe_insert_other_M_0 [166, 46, 15104]
effe_swap_other_M_0 [159, 39, 19374]
rand_insert_same_M_1 [198, 38, 11345]
rand_insert_other_M_1 [217, 57, 38897]
sort_delay_A_P_1 [100, 0, 0]
sort_delay_A_D_1 [60, 0, 0]
sort_early_D_P_1 [140, 0, 0]
sort_early_A_D_1 [80, 0, 0]
sort_stuck_A_S0_1 [66, 6, 4330]
80           0         1         2         3         4         5         6   \
0   0.029258  0.042861  0.036734  0.035086  0.029225  0.043128  0.021160   
1   0.069900  0.074743  0.062591  0.056548  0.058685  0.066811  0.065326   
2   0.083855  0.071665  0.075595  0.076098  0.069990  0.078987  0.067628   
3   0.095064  0.096173  0.090695  0.089378  0.090947  0.093781  0.089538   
4   0.026048  0.016246  0.021199  0.023593  0.028765  0.026872  0.022195   
5   0.055059  0.049523  0.053190  0.048298  0.048728  0.050203  0.050420   
6   0.061548  0.052705  0.014682  0.021583  0.033440  0.036830  0.017353   
7   0.000000  0.000000  0.000000  0.000000  0.000000  0.000000  0.000000   
8   0.002249  0.001873  0.011333  0.000943  0.001789  0.001321  0.001420   
9   0.000000  0.000000  0.000000  0.000000  0.000000  0.000000  0.000000   
10 -0.000185 -0.000169  0.000730 -0.000146 -0.000165  0.000436 -0.000135   
11  0.000000  0.000000  0.000000  0.000000  0.000000  0.000000  0.000000   

          7         8         9         10  
0   0.028524  0.031120  0.033642  0.033728  
1   0.066615  0.063218  0.059985  0.050783  
2   0.070581  0.072575  0.066538  0.069746  
3   0.091633  0.091231  0.085155  0.091470  
4   0.021804  0.016613  0.021855  0.020308  
5   0.049753  0.055297  0.050114  0.047363  
6   0.008172  0.018037  0.011853  0.030072  
7   0.000000  0.000000  0.000000  0.000000  
8   0.002247  0.002554  0.002194  0.000886  
9   0.000000  0.000000  0.000000  0.000000  
10 -0.000206  0.000277 -0.000153 -0.000095  
11  0.000000  0.000000  0.000000  0.000000  
effe_insert_same_M_1 [165, 45, 16992]
effe_swap_same_M_1 [165, 45, 13731]
effe_insert_other_M_1 [125, 65, 44320]
effe_swap_other_M_1 [92, 32, 18911]
effe_insert_same_M_0 [127, 7, 1373]
effe_swap_same_M_0 [124, 4, 661]
effe_insert_other_M_0 [119, 39, 8449]
effe_swap_other_M_0 [137, 57, 12997]
rand_insert_same_M_1 [98, 18, 4685]
rand_insert_other_M_1 [55, 15, 2756]
sort_delay_A_P_1 [20, 0, 0]
sort_delay_A_D_1 [100, 0, 0]
sort_early_D_P_1 [40, 0, 0]
sort_early_A_D_1 [40, 0, 0]
sort_stuck_A_S0_1 [95, 15, 15378]
100           0         1         2         3         4         5         6   \
0   0.029258  0.053006  0.037666  0.037472  0.029225  0.045114  0.021160   
1   0.088356  0.089772  0.103886  0.084327  0.086466  0.087828  0.085249   
2   0.083405  0.069517  0.077467  0.076277  0.072882  0.075859  0.072182   
3   0.113357  0.106419  0.108500  0.104930  0.107092  0.104204  0.103857   
4   0.028897  0.019437  0.022292  0.027757  0.028659  0.029994  0.024627   
5   0.066348  0.070562  0.071940  0.075510  0.067037  0.070423  0.069400   
6   0.063081  0.075934  0.038641  0.021583  0.042278  0.047639  0.021514   
7   0.000000  0.000000  0.000000  0.000000  0.000000  0.000000  0.000000   
8   0.002249  0.001873  0.011333  0.000943  0.001789  0.001321  0.001420   
9   0.000000  0.000000  0.000000  0.000000  0.000000  0.000000  0.000000   
10 -0.000185 -0.000169  0.000730 -0.000146 -0.000165  0.000436 -0.000135   
11  0.000000  0.000000  0.000000  0.000000  0.000000  0.000000  0.000000   

          7         8         9         10  
0   0.028524  0.031120  0.033642  0.033728  
1   0.084223  0.083322  0.088356  0.080778  
2   0.071015  0.073545  0.070196  0.072235  
3   0.106847  0.103499  0.106500  0.104896  
4   0.030295  0.019296  0.022777  0.021362  
5   0.067415  0.070550  0.063604  0.063639  
6   0.013293  0.021263  0.016432  0.037416  
7   0.000000  0.000000  0.000000  0.000000  
8   0.002247  0.002554  0.002194  0.000886  
9   0.000000  0.000000  0.000000  0.000000  
10 -0.000206  0.000277 -0.000153 -0.000095  
11  0.000000  0.000000  0.000000  0.000000  
effe_insert_same_M_1 [648, 128, 40595]
effe_swap_same_M_1 [640, 120, 34735]
effe_insert_other_M_1 [0, 0, 0]
effe_swap_other_M_1 [0, 0, 0]
effe_insert_same_M_0 [259, 59, 20056]
effe_swap_same_M_0 [236, 36, 13811]
effe_insert_other_M_0 [301, 41, 20493]
effe_swap_other_M_0 [301, 41, 18289]
rand_insert_same_M_1 [0, 0, 0]
rand_insert_other_M_1 [0, 0, 0]
sort_delay_A_P_1 [40, 0, 0]
sort_delay_A_D_1 [0, 0, 0]
sort_early_D_P_1 [0, 0, 0]
sort_early_A_D_1 [20, 0, 0]
sort_stuck_A_S0_1 [0, 0, 0]
120           0         1         2         3         4         5         6   \
0   0.029258  0.062103  0.037666  0.037472  0.029225  0.045114  0.021160   
1   0.090844  0.091231  0.132037  0.089783  0.087850  0.087828  0.087255   
2   0.077435  0.070603  0.083124  0.076277  0.073345  0.075859  0.072182   
3   0.130249  0.105024  0.110156  0.108509  0.107502  0.105279  0.108199   
4   0.028897  0.019437  0.022847  0.027757  0.028681  0.029994  0.024627   
5   0.076094  0.070562  0.074812  0.109199  0.078823  0.071919  0.076093   
6   0.066028  0.127482  0.038641  0.021583  0.042278  0.047639  0.021514   
7   0.000000  0.000000  0.000000  0.000000  0.000000  0.000000  0.000000   
8   0.002249  0.001873  0.008659  0.001350  0.001789  0.001321  0.001420   
9   0.000000  0.000000  0.000000  0.000000  0.000000  0.000000  0.000000   
10 -0.000185 -0.000169  0.000430 -0.000146 -0.000165  0.000730 -0.000135   
11  0.000000  0.000000  0.000000  0.000000  0.000000  0.000000  0.000000   

          7         8         9         10  
0   0.028524  0.031120  0.033642  0.033728  
1   0.085386  0.085512  0.088356  0.080778  
2   0.071015  0.073833  0.070196  0.072235  
3   0.108524  0.105372  0.109046  0.108102  
4   0.036429  0.019296  0.022777  0.021362  
5   0.070966  0.073232  0.066306  0.063639  
6   0.013293  0.021263  0.016432  0.037416  
7   0.000000  0.000000  0.000000  0.000000  
8   0.002247  0.002554  0.002194  0.000886  
9   0.000000  0.000000  0.000000  0.000000  
10 -0.000202  0.000277 -0.000153 -0.000095  
11  0.000000  0.000000  0.000000  0.000000  
effe_insert_same_M_1 [835, 95, 27245]
effe_swap_same_M_1 [827, 87, 20488]
effe_insert_other_M_1 [92, 32, 12359]
effe_swap_other_M_1 [76, 16, 3749]
effe_insert_same_M_0 [153, 33, 9524]
effe_swap_same_M_0 [148, 28, 9092]
effe_insert_other_M_0 [306, 46, 22660]
effe_swap_other_M_0 [301, 41, 15082]
rand_insert_same_M_1 [89, 9, 1671]
rand_insert_other_M_1 [0, 0, 0]
sort_delay_A_P_1 [0, 0, 0]
sort_delay_A_D_1 [20, 0, 0]
sort_early_D_P_1 [0, 0, 0]
sort_early_A_D_1 [0, 0, 0]
sort_stuck_A_S0_1 [35, 15, 38257]
140           0         1         2         3         4         5         6   \
0   0.029258  0.124939  0.037666  0.037472  0.029225  0.047591  0.027263   
1   0.095640  0.091231  0.169224  0.096597  0.091873  0.087828  0.090235   
2   0.081152  0.070901  0.073793  0.075035  0.074855  0.072704  0.073291   
3   0.168691  0.120764  0.118288  0.114756  0.113248  0.116466  0.115499   
4   0.028897  0.019437  0.025470  0.028226  0.030953  0.029994  0.026660   
5   0.078355  0.073711  0.086309  0.138527  0.085272  0.081498  0.078803   
6   0.066028  0.201020  0.038641  0.034710  0.042278  0.047639  0.021514   
7   0.000000  0.000000  0.000000  0.000000  0.000000  0.000000  0.000000   
8   0.002249  0.001873  0.006357  0.001350  0.001789  0.001321  0.001644   
9   0.000000  0.000000  0.000000  0.000000  0.000000  0.000000  0.000000   
10 -0.000185 -0.000169  0.000385 -0.000146 -0.000165  0.000523 -0.000152   
11  0.000000  0.000000  0.000000  0.000000  0.000000  0.000000  0.000000   

          7         8         9         10  
0   0.031493  0.031120  0.033642  0.033728  
1   0.085386  0.092544  0.090401  0.083806  
2   0.073350  0.073833  0.070753  0.073355  
3   0.114535  0.121084  0.122352  0.119571  
4   0.053216  0.020632  0.022777  0.024500  
5   0.078031  0.078582  0.066306  0.074413  
6   0.013293  0.021263  0.016432  0.045877  
7   0.000000  0.000000  0.000000  0.000000  
8   0.002247  0.002554  0.002194  0.000886  
9   0.000000  0.000000  0.000000  0.000000  
10 -0.000202  0.000277 -0.000153 -0.000095  
11  0.000000  0.000000  0.000000  0.000000  
effe_insert_same_M_1 [926, 86, 32798]
effe_swap_same_M_1 [946, 106, 31171]
effe_insert_other_M_1 [28, 8, 2421]
effe_swap_other_M_1 [35, 15, 3474]
effe_insert_same_M_0 [223, 43, 6683]
effe_swap_same_M_0 [223, 43, 11153]
effe_insert_other_M_0 [407, 67, 53055]
effe_swap_other_M_0 [391, 51, 26100]
rand_insert_same_M_1 [48, 8, 2743]
rand_insert_other_M_1 [41, 1, 203]
sort_delay_A_P_1 [40, 0, 0]
sort_delay_A_D_1 [20, 0, 0]
sort_early_D_P_1 [0, 0, 0]
sort_early_A_D_1 [20, 0, 0]
sort_stuck_A_S0_1 [20, 0, 0]
160           0         1         2         3         4         5         6   \
0   0.029258  0.125381  0.042523  0.037472  0.029225  0.047591  0.027263   
1   0.095640  0.094567  0.196562  0.103385  0.095722  0.087828  0.098683   
2   0.100986  0.071105  0.073743  0.073215  0.074669  0.072704  0.073372   
3   0.201735  0.127784  0.130586  0.132944  0.129493  0.125625  0.134021   
4   0.028897  0.019437  0.025470  0.028226  0.032104  0.029994  0.026660   
5   0.090402  0.089132  0.092262  0.174934  0.094381  0.105270  0.085946   
6   0.066028  0.227427  0.051375  0.034710  0.054893  0.047639  0.021514   
7   0.000000  0.000000  0.000000  0.000000  0.000000  0.000000  0.000000   
8   0.002249  0.002015  0.004971  0.001350  0.001789  0.001321  0.001644   
9   0.000000  0.000000  0.000000  0.000000  0.000000  0.000000  0.000000   
10 -0.000185 -0.000169  0.000281 -0.000146 -0.000165  0.000273 -0.000152   
11  0.000000  0.000000  0.000000  0.000000  0.000000  0.000000  0.000000   

          7         8         9         10  
0   0.031493  0.031120  0.033642  0.033728  
1   0.089754  0.095813  0.098714  0.088327  
2   0.073350  0.073727  0.071108  0.073586  
3   0.131078  0.131828  0.144139  0.140346  
4   0.057561  0.020632  0.022777  0.024500  
5   0.089605  0.082953  0.081132  0.084565  
6   0.013293  0.021263  0.016432  0.047262  
7   0.000000  0.000000  0.000000  0.000000  
8   0.001984  0.002656  0.002194  0.000886  
9   0.000000  0.000000  0.000000  0.000000  
10 -0.000202  0.000232 -0.000153 -0.000121  
11  0.000000  0.000000  0.000000  0.000000  
effe_insert_same_M_1 [738, 118, 41628]
effe_swap_same_M_1 [753, 133, 40178]
effe_insert_other_M_1 [0, 0, 0]
effe_swap_other_M_1 [0, 0, 0]
effe_insert_same_M_0 [178, 38, 9335]
effe_swap_same_M_0 [187, 47, 8285]
effe_insert_other_M_0 [262, 42, 11511]
effe_swap_other_M_0 [248, 28, 11274]
rand_insert_same_M_1 [42, 2, 39]
rand_insert_other_M_1 [164, 44, 24865]
sort_delay_A_P_1 [20, 0, 0]
sort_delay_A_D_1 [0, 0, 0]
sort_early_D_P_1 [20, 0, 0]
sort_early_A_D_1 [20, 0, 0]
sort_stuck_A_S0_1 [0, 0, 0]
180           0         1         2         3         4         5         6   \
0   0.029258  0.131372  0.042523  0.037472  0.029225  0.047591  0.027263   
1   0.100844  0.099729  0.209890  0.108278  0.111007  0.087828  0.098683   
2   0.109404  0.071105  0.073743  0.073215  0.074669  0.072704  0.073372   
3   0.204969  0.140716  0.146705  0.150436  0.145329  0.136030  0.137551   
4   0.028897  0.019437  0.025470  0.028226  0.032104  0.029994  0.026660   
5   0.120323  0.108522  0.097497  0.197857  0.106992  0.122441  0.105982   
6   0.066028  0.253625  0.051375  0.034710  0.061949  0.047639  0.021514   
7   0.000000  0.000000  0.000000  0.000000  0.000000  0.000000  0.000000   
8   0.002249  0.002015  0.004971  0.001350  0.001789  0.001321  0.001644   
9   0.000000  0.000000  0.000000  0.000000  0.000000  0.000000  0.000000   
10 -0.000185 -0.000169  0.000281 -0.000146 -0.000165  0.000273 -0.000152   
11  0.000000  0.000000  0.000000  0.000000  0.000000  0.000000  0.000000   

          7         8         9         10  
0   0.031493  0.031120  0.033642  0.033728  
1   0.095333  0.101059  0.103500  0.088327  
2   0.073350  0.073727  0.071108  0.073586  
3   0.149474  0.155247  0.165516  0.164780  
4   0.057561  0.020632  0.022777  0.024500  
5   0.099644  0.088114  0.091192  0.104951  
6   0.013293  0.021263  0.025539  0.047262  
7   0.000000  0.000000  0.000000  0.000000  
8   0.001984  0.002656  0.002194  0.000886  
9   0.000000  0.000000  0.000000  0.000000  
10 -0.000202  0.000232 -0.000153 -0.000121  
11  0.000000  0.000000  0.000000  0.000000  
effe_insert_same_M_1 [1113, 133, 63016]
effe_swap_same_M_1 [1105, 125, 40817]
effe_insert_other_M_1 [0, 0, 0]
effe_swap_other_M_1 [0, 0, 0]
effe_insert_same_M_0 [238, 38, 6824]
effe_swap_same_M_0 [229, 29, 4602]
effe_insert_other_M_0 [522, 62, 20484]
effe_swap_other_M_0 [502, 42, 8322]
rand_insert_same_M_1 [48, 8, 2118]
rand_insert_other_M_1 [57, 17, 2647]
sort_delay_A_P_1 [0, 0, 0]
sort_delay_A_D_1 [0, 0, 0]
sort_early_D_P_1 [0, 0, 0]
sort_early_A_D_1 [100, 0, 0]
sort_stuck_A_S0_1 [40, 0, 0]
200           0         1         2         3         4         5         6   \
0   0.029258  0.131372  0.042523  0.037472  0.029225  0.047591  0.027263   
1   0.112678  0.105438  0.238047  0.108278  0.128199  0.102398  0.115580   
2   0.109404  0.071105  0.073743  0.073215  0.074669  0.072704  0.073372   
3   0.233729  0.163834  0.174577  0.183169  0.179997  0.176790  0.165896   
4   0.028897  0.019437  0.025470  0.028226  0.032104  0.029994  0.026660   
5   0.149787  0.129115  0.114406  0.227605  0.111894  0.136321  0.105982   
6   0.073150  0.247637  0.051375  0.034710  0.061949  0.047639  0.021514   
7   0.000000  0.000000  0.000000  0.000000  0.000000  0.000000  0.000000   
8   0.002249  0.002015  0.004971  0.001350  0.001789  0.001321  0.001644   
9   0.000000  0.000000  0.000000  0.000000  0.000000  0.000000  0.000000   
10 -0.000185 -0.000169  0.000281 -0.000146 -0.000165  0.000273 -0.000152   
11  0.000000  0.000000  0.000000  0.000000  0.000000  0.000000  0.000000   

          7         8         9         10  
0   0.031493  0.031120  0.033642  0.033728  
1   0.112377  0.101059  0.103500  0.113078  
2   0.073350  0.073727  0.071108  0.073586  
3   0.171590  0.176634  0.195016  0.185179  
4   0.057561  0.020632  0.022777  0.024500  
5   0.120489  0.099585  0.114801  0.117050  
6   0.013293  0.021263  0.025539  0.047262  
7   0.000000  0.000000  0.000000  0.000000  
8   0.001984  0.002656  0.002194  0.000886  
9   0.000000  0.000000  0.000000  0.000000  
10 -0.000202  0.000232 -0.000153 -0.000121  
11  0.000000  0.000000  0.000000  0.000000  
effe_insert_same_M_1 [656, 156, 66813]
effe_swap_same_M_1 [615, 115, 35616]
effe_insert_other_M_1 [0, 0, 0]
effe_swap_other_M_1 [0, 0, 0]
effe_insert_same_M_0 [124, 44, 7657]
effe_swap_same_M_0 [107, 27, 10507]
effe_insert_other_M_0 [280, 40, 14649]
effe_swap_other_M_0 [289, 49, 16808]
rand_insert_same_M_1 [46, 6, 1145]
rand_insert_other_M_1 [0, 0, 0]
sort_delay_A_P_1 [0, 0, 0]
sort_delay_A_D_1 [0, 0, 0]
sort_early_D_P_1 [0, 0, 0]
sort_early_A_D_1 [0, 0, 0]
sort_stuck_A_S0_1 [0, 0, 0]
220           0         1         2         3         4         5         6   \
0   0.029258  0.131372  0.042523  0.037472  0.029225  0.047591  0.027263   
1   0.112678  0.112654  0.253422  0.108278  0.128199  0.116183  0.132903   
2   0.109404  0.071105  0.073743  0.073215  0.074669  0.072704  0.073372   
3   0.249950  0.194056  0.213437  0.205142  0.208826  0.202068  0.202336   
4   0.028897  0.019437  0.025470  0.028226  0.032104  0.029994  0.026660   
5   0.178181  0.144200  0.126968  0.252193  0.136645  0.145202  0.135160   
6   0.073150  0.263605  0.051375  0.034710  0.061949  0.047639  0.021514   
7   0.000000  0.000000  0.000000  0.000000  0.000000  0.000000  0.000000   
8   0.002249  0.002015  0.004971  0.001350  0.001789  0.001321  0.001644   
9   0.000000  0.000000  0.000000  0.000000  0.000000  0.000000  0.000000   
10 -0.000185 -0.000169  0.000281 -0.000146 -0.000165  0.000273 -0.000152   
11  0.000000  0.000000  0.000000  0.000000  0.000000  0.000000  0.000000   

          7         8         9         10  
0   0.031493  0.031120  0.033642  0.033728  
1   0.118979  0.101059  0.103500  0.119089  
2   0.073350  0.073727  0.071108  0.073586  
3   0.178728  0.201168  0.210132  0.211840  
4   0.057561  0.020632  0.022777  0.024500  
5   0.137505  0.124333  0.127610  0.140527  
6   0.024929  0.021263  0.036564  0.047262  
7   0.000000  0.000000  0.000000  0.000000  
8   0.001984  0.002656  0.002194  0.000886  
9   0.000000  0.000000  0.000000  0.000000  
10 -0.000202  0.000232 -0.000153 -0.000121  
11  0.000000  0.000000  0.000000  0.000000  
effe_insert_same_M_1 [811, 91, 31100]
effe_swap_same_M_1 [824, 104, 34950]
effe_insert_other_M_1 [0, 0, 0]
effe_swap_other_M_1 [0, 0, 0]
effe_insert_same_M_0 [200, 80, 55085]
effe_swap_same_M_0 [155, 35, 12560]
effe_insert_other_M_0 [379, 39, 19894]
effe_swap_other_M_0 [385, 45, 14932]
rand_insert_same_M_1 [85, 5, 322]
rand_insert_other_M_1 [41, 1, 5]
sort_delay_A_P_1 [20, 0, 0]
sort_delay_A_D_1 [0, 0, 0]
sort_early_D_P_1 [20, 0, 0]
sort_early_A_D_1 [20, 0, 0]
sort_stuck_A_S0_1 [42, 2, 487]
240           0         1         2         3         4         5         6   \
0   0.029258  0.132228  0.042523  0.037472  0.029225  0.047591  0.027263   
1   0.112678  0.112654  0.258800  0.108278  0.128199  0.116183  0.144526   
2   0.103929  0.073117  0.073743  0.073215  0.074669  0.072704  0.073372   
3   0.252531  0.204388  0.230338  0.221932  0.220234  0.220464  0.213516   
4   0.028897  0.019437  0.025470  0.028226  0.032104  0.029994  0.026660   
5   0.185394  0.149895  0.150430  0.257578  0.158322  0.150802  0.162182   
6   0.090533  0.263877  0.061329  0.034710  0.061949  0.047639  0.021514   
7   0.000000  0.000000  0.000000  0.000000  0.000000  0.000000  0.000000   
8   0.002249  0.002015  0.004971  0.001350  0.001789  0.001321  0.001644   
9   0.000000  0.000000  0.000000  0.000000  0.000000  0.000000  0.000000   
10 -0.000185 -0.000169  0.000281 -0.000146 -0.000165  0.000273 -0.000152   
11  0.000000  0.000000  0.000000  0.000000  0.000000  0.000000  0.000000   

          7         8         9         10  
0   0.031493  0.031120  0.033642  0.033728  
1   0.118979  0.101059  0.103500  0.119089  
2   0.073350  0.073727  0.071108  0.073586  
3   0.191903  0.210676  0.224029  0.221008  
4   0.061527  0.020632  0.022777  0.024500  
5   0.154295  0.148205  0.150337  0.178169  
6   0.024929  0.021263  0.050565  0.057499  
7   0.000000  0.000000  0.000000  0.000000  
8   0.001984  0.002656  0.002194  0.000886  
9   0.000000  0.000000  0.000000  0.000000  
10 -0.000202  0.000232 -0.000153 -0.000121  
11  0.000000  0.000000  0.000000  0.000000  
effe_insert_same_M_1 [667, 107, 35719]
effe_swap_same_M_1 [648, 88, 23397]
effe_insert_other_M_1 [0, 0, 0]
effe_swap_other_M_1 [0, 0, 0]
effe_insert_same_M_0 [141, 41, 18786]
effe_swap_same_M_0 [146, 46, 17419]
effe_insert_other_M_0 [329, 49, 14264]
effe_swap_other_M_0 [324, 44, 16334]
rand_insert_same_M_1 [163, 43, 16211]
rand_insert_other_M_1 [40, 0, 0]
sort_delay_A_P_1 [0, 0, 0]
sort_delay_A_D_1 [40, 0, 0]
sort_early_D_P_1 [20, 0, 0]
sort_early_A_D_1 [0, 0, 0]
sort_stuck_A_S0_1 [0, 0, 0]
260           0         1         2         3         4         5         6   \
0   0.029258  0.137872  0.042523  0.037472  0.029225  0.047591  0.027263   
1   0.112678  0.112654  0.265907  0.121064  0.128199  0.116183  0.144526   
2   0.115049  0.073117  0.073743  0.073215  0.074669  0.072704  0.073372   
3   0.261860  0.217866  0.241774  0.237170  0.223625  0.225838  0.219478   
4   0.028897  0.019437  0.025470  0.028226  0.032104  0.029994  0.026660   
5   0.192228  0.169485  0.172858  0.258330  0.172338  0.165747  0.171431   
6   0.090533  0.260380  0.061329  0.034710  0.061949  0.047639  0.033247   
7   0.000000  0.000000  0.000000  0.000000  0.000000  0.000000  0.000000   
8   0.002249  0.002015  0.003174  0.001406  0.001789  0.001321  0.001691   
9   0.000000  0.000000  0.000000  0.000000  0.000000  0.000000  0.000000   
10 -0.000185 -0.000169  0.000087 -0.000146 -0.000165  0.000048 -0.000152   
11  0.000000  0.000000  0.000000  0.000000  0.000000  0.000000  0.000000   

          7         8         9         10  
0   0.031493  0.031120  0.033642  0.033728  
1   0.118979  0.101059  0.103500  0.119089  
2   0.073350  0.073727  0.071108  0.073586  
3   0.206604  0.220903  0.236586  0.227120  
4   0.061527  0.020632  0.022777  0.024500  
5   0.172976  0.163744  0.169874  0.185764  
6   0.024929  0.021263  0.050565  0.057499  
7   0.000000  0.000000  0.000000  0.000000  
8   0.001984  0.002656  0.002194  0.000886  
9   0.000000  0.000000  0.000000  0.000000  
10 -0.000202  0.000040 -0.000153 -0.000121  
11  0.000000  0.000000  0.000000  0.000000  
effe_insert_same_M_1 [1036, 116, 44429]
effe_swap_same_M_1 [1019, 99, 19751]
effe_insert_other_M_1 [21, 1, 12]
effe_swap_other_M_1 [20, 0, 0]
effe_insert_same_M_0 [273, 53, 28531]
effe_swap_same_M_0 [269, 49, 23727]
effe_insert_other_M_0 [357, 57, 22368]
effe_swap_other_M_0 [361, 61, 15447]
rand_insert_same_M_1 [0, 0, 0]
rand_insert_other_M_1 [42, 2, 425]
sort_delay_A_P_1 [20, 0, 0]
sort_delay_A_D_1 [20, 0, 0]
sort_early_D_P_1 [40, 0, 0]
sort_early_A_D_1 [20, 0, 0]
sort_stuck_A_S0_1 [65, 5, 11402]
280           0         1         2         3         4         5         6   \
0   0.029258  0.145391  0.042523  0.037472  0.029225  0.047591  0.027263   
1   0.112678  0.120054  0.272411  0.121064  0.128199  0.116183  0.144526   
2   0.114187  0.075348  0.075751  0.073215  0.076856  0.075281  0.075751   
3   0.257040  0.223325  0.243806  0.240809  0.230983  0.227566  0.229401   
4   0.028897  0.019437  0.025470  0.030175  0.033779  0.029994  0.026660   
5   0.204694  0.178482  0.181473  0.255895  0.185371  0.170570  0.180089   
6   0.090533  0.277235  0.073379  0.045794  0.061949  0.047639  0.033247   
7   0.000000  0.000000  0.000000  0.000000  0.000000  0.000000  0.000000   
8   0.002199  0.001989  0.002076  0.001406  0.001789  0.001321  0.001691   
9   0.000000  0.000000  0.000000  0.000000  0.000000  0.000000  0.000000   
10 -0.000227 -0.000212 -0.000135 -0.000146 -0.000165 -0.000152 -0.000152   
11  0.000000  0.000000  0.000000  0.000000  0.000000  0.000000  0.000000   

          7         8         9         10  
0   0.031493  0.031120  0.033642  0.033728  
1   0.118979  0.116375  0.111315  0.119089  
2   0.075257  0.075485  0.073334  0.073586  
3   0.216139  0.226072  0.242250  0.232744  
4   0.071507  0.022963  0.022777  0.024500  
5   0.177460  0.181694  0.182745  0.196839  
6   0.024929  0.020308  0.061030  0.057499  
7   0.000000  0.000000  0.000000  0.000000  
8   0.001962  0.002235  0.002190  0.000886  
9   0.000000  0.000000  0.000000  0.000000  
10 -0.000202 -0.000127 -0.000153 -0.000171  
11  0.000000  0.000000  0.000000  0.000000  
effe_insert_same_M_1 [728, 128, 58347]
effe_swap_same_M_1 [723, 123, 47212]
effe_insert_other_M_1 [0, 0, 0]
effe_swap_other_M_1 [0, 0, 0]
effe_insert_same_M_0 [109, 29, 6592]
effe_swap_same_M_0 [102, 22, 7950]
effe_insert_other_M_0 [341, 61, 22331]
effe_swap_other_M_0 [300, 20, 3712]
rand_insert_same_M_1 [0, 0, 0]
rand_insert_other_M_1 [43, 3, 559]
sort_delay_A_P_1 [0, 0, 0]
sort_delay_A_D_1 [0, 0, 0]
sort_early_D_P_1 [0, 0, 0]
sort_early_A_D_1 [20, 0, 0]
sort_stuck_A_S0_1 [23, 3, 852]
300           0         1         2         3         4         5         6   \
0   0.029258  0.133456  0.042523  0.037472  0.029225  0.047591  0.027263   
1   0.112678  0.128079  0.294914  0.121064  0.128199  0.116183  0.144526   
2   0.090109  0.075348  0.077615  0.086592  0.080022  0.077163  0.077157   
3   0.290224  0.230645  0.247245  0.260768  0.237042  0.235595  0.231953   
4   0.031302  0.019437  0.025470  0.030175  0.041594  0.034543  0.026660   
5   0.211712  0.178482  0.181473  0.276137  0.193051  0.192070  0.187607   
6   0.090533  0.304681  0.073379  0.045794  0.061949  0.050275  0.033247   
7   0.000000  0.000000  0.000000  0.000000  0.000000  0.000000  0.000000   
8   0.012364  0.002597  0.002748  0.001406  0.002365  0.001321  0.001691   
9   0.000000  0.000000  0.000000  0.000000  0.000000  0.000000  0.000000   
10 -0.000227 -0.000212 -0.000185 -0.000196  0.001126 -0.000202 -0.000202   
11  0.000000  0.000000  0.000000  0.000000  0.000000  0.000000  0.000000   

          7         8         9         10  
0   0.031493  0.031120  0.033642  0.037353  
1   0.118979  0.116375  0.119994  0.119089  
2   0.075257  0.079546  0.073334  0.076134  
3   0.226885  0.236854  0.246740  0.249231  
4   0.078739  0.025580  0.022777  0.027979  
5   0.188518  0.192213  0.197387  0.203350  
6   0.024929  0.031847  0.061030  0.057499  
7   0.000000  0.000000  0.000000  0.000000  
8   0.001962  0.002684  0.002140  0.000886  
9   0.000000  0.000000  0.000000  0.000000  
10 -0.000202 -0.000177 -0.000203 -0.000152  
11  0.000000  0.000000  0.000000  0.000000  
effe_insert_same_M_1 [776, 156, 76916]
effe_swap_same_M_1 [770, 150, 51151]
effe_insert_other_M_1 [41, 1, 134]
effe_swap_other_M_1 [40, 0, 0]
effe_insert_same_M_0 [251, 31, 6756]
effe_swap_same_M_0 [251, 31, 6973]
effe_insert_other_M_0 [371, 51, 10151]
effe_swap_other_M_0 [368, 48, 13202]
rand_insert_same_M_1 [128, 48, 27771]
rand_insert_other_M_1 [42, 2, 245]
sort_delay_A_P_1 [20, 0, 0]
sort_delay_A_D_1 [0, 0, 0]
sort_early_D_P_1 [0, 0, 0]
sort_early_A_D_1 [0, 0, 0]
sort_stuck_A_S0_1 [0, 0, 0]
320           0         1         2         3         4         5         6   \
0   0.029258  0.137324  0.042523  0.037472  0.043419  0.047591  0.027263   
1   0.121990  0.128079  0.323311  0.121064  0.128199  0.125090  0.152089   
2   0.096322  0.075348  0.077615  0.086069  0.081014  0.077163  0.077157   
3   0.318001  0.259139  0.261145  0.263948  0.253720  0.247604  0.248825   
4   0.033615  0.019437  0.025470  0.030175  0.043447  0.034543  0.026660   
5   0.215798  0.194673  0.202584  0.297027  0.197951  0.206389  0.206791   
6   0.090533  0.375531  0.073379  0.058185  0.061949  0.050275  0.033247   
7   0.000000  0.000000  0.000000  0.000000  0.000000  0.000000  0.000000   
8   0.012364  0.002597  0.002748  0.001406  0.002365  0.001321  0.001691   
9   0.000000  0.000000  0.000000  0.000000  0.000000  0.000000  0.000000   
10 -0.000227 -0.000212 -0.000185 -0.000196  0.001126 -0.000202 -0.000202   
11  0.000000  0.000000  0.000000  0.000000  0.000000  0.000000  0.000000   

          7         8         9         10  
0   0.031493  0.034020  0.033642  0.037353  
1   0.136231  0.116375  0.119994  0.119089  
2   0.075257  0.080314  0.073334  0.076580  
3   0.250015  0.260139  0.265180  0.268211  
4   0.079662  0.025580  0.022777  0.027979  
5   0.204102  0.209536  0.206015  0.224063  
6   0.024929  0.031847  0.061030  0.057499  
7   0.000000  0.000000  0.000000  0.000000  
8   0.001962  0.002684  0.002140  0.000886  
9   0.000000  0.000000  0.000000  0.000000  
10 -0.000202 -0.000177 -0.000203 -0.000152  
11  0.000000  0.000000  0.000000  0.000000  
effe_insert_same_M_1 [691, 131, 70939]
effe_swap_same_M_1 [660, 100, 34976]
effe_insert_other_M_1 [25, 5, 409]
effe_swap_other_M_1 [21, 1, 120]
effe_insert_same_M_0 [306, 86, 25869]
effe_swap_same_M_0 [254, 34, 6841]
effe_insert_other_M_0 [330, 50, 23898]
effe_swap_other_M_0 [306, 26, 9648]
rand_insert_same_M_1 [44, 4, 92]
rand_insert_other_M_1 [0, 0, 0]
sort_delay_A_P_1 [0, 0, 0]
sort_delay_A_D_1 [0, 0, 0]
sort_early_D_P_1 [20, 0, 0]
sort_early_A_D_1 [20, 0, 0]
sort_stuck_A_S0_1 [0, 0, 0]
340           0         1         2         3         4         5         6   \
0   0.029258  0.144839  0.042523  0.037472  0.059057  0.047591  0.032974   
1   0.121990  0.133372  0.311201  0.121064  0.128199  0.125090  0.160992   
2   0.110088  0.080216  0.086641  0.091775  0.085987  0.079734  0.080138   
3   0.323292  0.270275  0.267689  0.270074  0.272011  0.255030  0.261063   
4   0.041353  0.023201  0.034049  0.040562  0.047847  0.041315  0.033156   
5   0.220334  0.199856  0.216999  0.308381  0.203129  0.212193  0.211369   
6   0.090533  0.417325  0.073379  0.081442  0.061949  0.050275  0.033247   
7   0.000000  0.000000  0.000000  0.000000  0.000000  0.000000  0.000000   
8   0.012364  0.002597  0.002748  0.001406  0.002365  0.001321  0.001691   
9   0.000000  0.000000  0.000000  0.000000  0.000000  0.000000  0.000000   
10 -0.000227 -0.000212 -0.000185 -0.000196  0.001126 -0.000202 -0.000202   
11  0.000000  0.000000  0.000000  0.000000  0.000000  0.000000  0.000000   

          7         8         9         10  
0   0.035916  0.034020  0.033642  0.037353  
1   0.136231  0.116375  0.130305  0.129910  
2   0.079961  0.082100  0.080273  0.076730  
3   0.257732  0.269016  0.283240  0.277598  
4   0.096895  0.034364  0.026150  0.038887  
5   0.208938  0.214138  0.210575  0.232108  
6   0.024929  0.031847  0.061030  0.057499  
7   0.000000  0.000000  0.000000  0.000000  
8   0.001962  0.002684  0.002140  0.000886  
9   0.000000  0.000000  0.000000  0.000000  
10 -0.000202 -0.000177 -0.000203 -0.000152  
11  0.000000  0.000000  0.000000  0.000000  
effe_insert_same_M_1 [865, 145, 58981]
effe_swap_same_M_1 [838, 118, 37276]
effe_insert_other_M_1 [41, 1, 62]
effe_swap_other_M_1 [41, 1, 280]
effe_insert_same_M_0 [206, 46, 9383]
effe_swap_same_M_0 [198, 38, 10672]
effe_insert_other_M_0 [248, 48, 24839]
effe_swap_other_M_0 [225, 25, 12534]
rand_insert_same_M_1 [79, 39, 29563]
rand_insert_other_M_1 [0, 0, 0]
sort_delay_A_P_1 [20, 0, 0]
sort_delay_A_D_1 [20, 0, 0]
sort_early_D_P_1 [0, 0, 0]
sort_early_A_D_1 [0, 0, 0]
sort_stuck_A_S0_1 [0, 0, 0]
0           0         1         2         3         4         5         6   \
0   0.000000  0.000450  0.000000  0.000000  0.000000  0.000000  0.000000   
1   0.000000  0.000000  0.000000  0.000000  0.000000  0.000000  0.000000   
2   0.002767  0.009806  0.000750  0.003858  0.000873  0.000871  0.000859   
3   0.000000  0.000000  0.000000  0.000000  0.000000  0.000000  0.000000   
4  -0.000030  0.000353 -0.000058 -0.000077 -0.000099 -0.000123 -0.000075   
5   0.000000  0.000000  0.000000  0.000000  0.000000  0.000000  0.000000   
6   0.000000  0.000000  0.000000 -0.000050  0.000000  0.000000  0.000000   
7   0.000000  0.000000  0.000000  0.000000  0.000000  0.000000  0.000000   
8   0.000000  0.000000  0.000000  0.000000  0.000000  0.000000  0.000000   
9   0.000000  0.000000  0.000000  0.000000  0.000000  0.000000  0.000000   
10  0.000000  0.000000  0.000000  0.000000  0.000000  0.000000  0.000000   
11  0.000000  0.000000  0.000000  0.000000  0.000000  0.000000  0.000000   

          7        8         9         10  
0   0.000000  0.00000  0.000125  0.000055  
1   0.000000  0.00000  0.000000  0.000000  
2  -0.000030  0.00063  0.001664  0.001394  
3   0.000000  0.00000  0.000000  0.000000  
4  -0.000081  0.00000  0.000445  0.000000  
5   0.000000  0.00000  0.000000  0.000000  
6   0.000000  0.00000  0.000000  0.000000  
7   0.000000  0.00000  0.000000  0.000000  
8   0.000000  0.00000  0.000000  0.000000  
9   0.000000  0.00000  0.000000  0.000000  
10  0.000000  0.00000  0.000000  0.000000  
11  0.000000  0.00000  0.000000  0.000000  
effe_insert_same_M_1 [241, 61, 42661]
effe_swap_same_M_1 [236, 56, 23394]
effe_insert_other_M_1 [240, 40, 10746]
effe_swap_other_M_1 [230, 30, 7367]
effe_insert_same_M_0 [259, 79, 21640]
effe_swap_same_M_0 [246, 66, 19731]
effe_insert_other_M_0 [128, 8, 366]
effe_swap_other_M_0 [136, 16, 2296]
rand_insert_same_M_1 [439, 39, 4358]
rand_insert_other_M_1 [423, 63, 16773]
sort_delay_A_P_1 [140, 0, 0]
sort_delay_A_D_1 [180, 0, 0]
sort_early_D_P_1 [120, 0, 0]
sort_early_A_D_1 [160, 0, 0]
sort_stuck_A_S0_1 [240, 20, 20315]
0           0         1         2         3         4         5         6   \
0   0.000000  0.000000  0.000111  0.000203  0.000000  0.000000  0.000000   
1   0.000000  0.000000  0.000000  0.000000  0.000000  0.000000  0.000000   
2   0.000203  0.000752  0.000155  0.000143  0.005005  0.000578  0.000395   
3   0.000000  0.000000  0.000000  0.000000  0.000000  0.000000  0.000000   
4   0.000346  0.000437  0.000298  0.000153  0.000000  0.004011  0.000437   
5   0.000000  0.000000  0.000000  0.000000  0.000000  0.000000  0.000000   
6   0.000000  0.000000  0.000000  0.000000  0.000000  0.010000  0.000000   
7   0.000000  0.000000  0.000000  0.000000  0.000000  0.000000  0.000000   
8   0.000000  0.000000  0.000000  0.000000  0.000000  0.000000  0.000000   
9   0.000000  0.000000  0.000000  0.000000  0.000000  0.000000  0.000000   
10  0.000000  0.000000  0.000000  0.000000  0.000000  0.000000  0.000000   
11  0.000000  0.000000  0.000000  0.000000  0.000000  0.000000  0.000000   

          7         8         9         10  
0   0.000203  0.000000 -0.000050  0.000000  
1   0.000000  0.000000  0.000000  0.000000  
2   0.000752  0.000703  0.001223  0.001131  
3   0.000000  0.000000  0.000000  0.000000  
4   0.000437  0.000301  0.000298  0.000153  
5   0.000000  0.000000  0.000000  0.000000  
6   0.000000  0.000000  0.000000  0.000000  
7   0.000000  0.000000  0.000000  0.000000  
8   0.000000  0.000000  0.000000  0.000000  
9   0.000000  0.000000  0.000000  0.000000  
10  0.000000  0.000000  0.000000  0.000000  
11  0.000000  0.000000  0.000000  0.000000  
effe_insert_same_M_1 [152, 32, 18335]
effe_swap_same_M_1 [153, 33, 7772]
effe_insert_other_M_1 [211, 31, 7007]
effe_swap_other_M_1 [234, 54, 10683]
effe_insert_same_M_0 [230, 30, 6724]
effe_swap_same_M_0 [218, 18, 5412]
effe_insert_other_M_0 [288, 88, 65358]
effe_swap_other_M_0 [260, 60, 26010]
rand_insert_same_M_1 [317, 37, 4771]
rand_insert_other_M_1 [374, 54, 10267]
sort_delay_A_P_1 [240, 0, 0]
sort_delay_A_D_1 [100, 0, 0]
sort_early_D_P_1 [100, 0, 0]
sort_early_A_D_1 [140, 0, 0]
sort_stuck_A_S0_1 [93, 13, 11172]
0           0         1         2         3         4         5         6   \
0   0.000000  0.000000  0.000510  0.000000  0.000448  0.000000  0.000448   
1   0.000000  0.000000  0.000000  0.000000  0.000000  0.000000  0.000000   
2   0.011195  0.000355  0.002213  0.002325  0.000398  0.000935 -0.000050   
3   0.000000  0.000000  0.000000  0.000000  0.000000  0.000000  0.000000   
4  -0.000101  0.000459  0.000000 -0.000120 -0.000075 -0.000027  0.000000   
5   0.000000  0.000000  0.000000  0.000000  0.000000  0.000000  0.000000   
6   0.000000  0.000000  0.000000  0.000000  0.000000  0.000000  0.000000   
7   0.000000  0.000000  0.000000  0.000000  0.000000  0.000000  0.000000   
8   0.000000  0.000000  0.000000  0.000000  0.000000  0.000000  0.000000   
9   0.000000  0.000000  0.000000  0.000000  0.000000  0.000000  0.000000   
10  0.000000  0.000000  0.000000  0.000000  0.000000  0.000000  0.000000   
11  0.000000  0.000000  0.000000  0.000000  0.000000  0.000000  0.000000   

          7         8         9         10  
0   0.000000  0.000000  0.000450  0.000000  
1   0.000000  0.000000  0.000000  0.000000  
2   0.002164  0.001400  0.002865  0.001343  
3   0.000000  0.000000  0.000000  0.000000  
4  -0.000075  0.000448 -0.000098 -0.000053  
5   0.000000  0.000000  0.000000  0.000000  
6   0.000000  0.000000 -0.000050  0.000000  
7   0.000000  0.000000  0.000000  0.000000  
8   0.000000  0.000000  0.000000  0.000000  
9   0.000000  0.000000  0.000000  0.000000  
10  0.000000  0.000000  0.000000  0.000000  
11  0.000000  0.000000  0.000000  0.000000  
effe_insert_same_M_1 [336, 116, 57548]
effe_swap_same_M_1 [309, 89, 28262]
effe_insert_other_M_1 [152, 12, 4393]
effe_swap_other_M_1 [159, 19, 4270]
effe_insert_same_M_0 [169, 49, 12547]
effe_swap_same_M_0 [164, 44, 11002]
effe_insert_other_M_0 [319, 19, 5946]
effe_swap_other_M_0 [337, 37, 11545]
rand_insert_same_M_1 [405, 45, 9373]
rand_insert_other_M_1 [440, 40, 7468]
sort_delay_A_P_1 [380, 0, 0]
sort_delay_A_D_1 [60, 0, 0]
sort_early_D_P_1 [160, 0, 0]
sort_early_A_D_1 [180, 0, 0]
sort_stuck_A_S0_1 [195, 15, 24792]
0           0         1         2         3         4        5         6   \
0   0.000000  0.000000  0.000451  0.000000  0.000000  0.00000  0.000000   
1   0.000000  0.000000  0.000000  0.000000  0.000000  0.00000  0.000000   
2   0.009913  0.000732  0.006456  0.000869  0.000446  0.00098  0.000869   
3   0.000000  0.000000  0.000000  0.000000  0.000000  0.00000  0.000000   
4   0.000348  0.000000 -0.000030 -0.000086 -0.000050  0.00000 -0.000123   
5   0.000000  0.000000  0.000000  0.000000  0.000000  0.00000  0.000000   
6   0.000000  0.000000  0.000000  0.000000  0.000000  0.00000 -0.000050   
7   0.000000  0.000000  0.000000  0.000000  0.000000  0.00000  0.000000   
8   0.000000  0.000000  0.000000  0.000000  0.000000  0.00000  0.000000   
9   0.000000  0.000000  0.000000  0.000000  0.000000  0.00000  0.000000   
10  0.000000  0.000000  0.000000  0.000000  0.000000  0.00000  0.000000   
11  0.000000  0.000000  0.000000  0.000000  0.000000  0.00000  0.000000   

          7         8         9         10  
0  -0.000022  0.000266  0.000000  0.000000  
1   0.000000  0.000000  0.000000  0.000000  
2   0.002018  0.002018  0.000331  0.000871  
3   0.000000  0.000000  0.000000  0.000000  
4   0.000396 -0.000104 -0.000059 -0.000078  
5   0.000000  0.000000  0.000000  0.000000  
6   0.000000  0.000000  0.000000  0.000000  
7   0.000000  0.000000  0.000000  0.000000  
8   0.000000  0.000000  0.000000  0.000000  
9   0.000000  0.000000  0.000000  0.000000  
10  0.000000  0.000000  0.000000  0.000000  
11  0.000000  0.000000  0.000000  0.000000  
effe_insert_same_M_1 [234, 54, 15799]
effe_swap_same_M_1 [254, 74, 19083]
effe_insert_other_M_1 [185, 45, 36545]
effe_swap_other_M_1 [177, 37, 14872]
effe_insert_same_M_0 [336, 116, 31851]
effe_swap_same_M_0 [265, 45, 12168]
effe_insert_other_M_0 [21, 1, 15]
effe_swap_other_M_0 [25, 5, 735]
rand_insert_same_M_1 [398, 78, 18356]
rand_insert_other_M_1 [214, 14, 2002]
sort_delay_A_P_1 [140, 0, 0]
sort_delay_A_D_1 [240, 0, 0]
sort_early_D_P_1 [120, 0, 0]
sort_early_A_D_1 [120, 0, 0]
sort_stuck_A_S0_1 [182, 2, 564]
0           0         1         2         3         4         5         6   \
0   0.000000  0.000000  0.000000  0.000565  0.000000  0.000000  0.000000   
1   0.000000  0.000000  0.000000  0.000000  0.000000  0.000000  0.000000   
2   0.012154  0.002084  0.001640  0.002005  0.001354  0.001316  0.000955   
3   0.000000  0.000000  0.000000  0.006437  0.000000  0.000000  0.000000   
4  -0.000157 -0.000079 -0.000032 -0.000026 -0.000026  0.000484  0.000360   
5   0.000000  0.000000  0.000000  0.000000  0.000000  0.000000  0.000000   
6   0.000000  0.000000  0.000000  0.000000  0.000000  0.000000  0.000000   
7   0.000000  0.000000  0.000000  0.000000  0.000000  0.000000  0.000000   
8   0.000000  0.000000  0.000000  0.000000  0.000000  0.000000  0.000000   
9   0.000000  0.000000  0.000000  0.000000  0.000000  0.000000  0.000000   
10  0.000000  0.000000  0.000000  0.000000  0.000000  0.000000  0.000000   
11  0.000000  0.000000  0.000000  0.000000  0.000000  0.000000  0.000000   

          7         8         9         10  
0   0.000000  0.000000  0.000795  0.000568  
1  -0.000050  0.000000  0.000000  0.000000  
2   0.001118  0.002991  0.001818  0.001602  
3   0.000000  0.000000  0.000000  0.000000  
4  -0.000026 -0.000032 -0.000157  0.000435  
5   0.000000  0.000000  0.000000  0.000000  
6   0.000000  0.000000 -0.000050  0.000000  
7   0.000000  0.000000  0.000000  0.000000  
8   0.000000  0.000000  0.000000  0.000000  
9   0.000000  0.000000  0.000000  0.000000  
10  0.000000  0.000000  0.000000  0.000000  
11  0.000000  0.000000  0.000000  0.000000  
effe_insert_same_M_1 [361, 81, 47438]
effe_swap_same_M_1 [351, 71, 17048]
effe_insert_other_M_1 [243, 23, 7086]
effe_swap_other_M_1 [250, 30, 10378]
effe_insert_same_M_0 [409, 89, 16263]
effe_swap_same_M_0 [383, 63, 14122]
effe_insert_other_M_0 [239, 19, 5013]
effe_swap_other_M_0 [236, 16, 2705]
rand_insert_same_M_1 [578, 98, 19771]
rand_insert_other_M_1 [344, 24, 9487]
sort_delay_A_P_1 [140, 0, 0]
sort_delay_A_D_1 [300, 0, 0]
sort_early_D_P_1 [280, 0, 0]
sort_early_A_D_1 [180, 0, 0]
sort_stuck_A_S0_1 [227, 27, 29678]
0           0         1         2         3         4         5         6   \
0   0.000481  0.000000  0.000408  0.000000  0.000408  0.000000  0.000000   
1   0.000000  0.000000  0.000000  0.000000  0.000000  0.000000  0.000000   
2   0.010217  0.002052  0.001672  0.003383  0.002133  0.004224  0.003048   
3   0.000000  0.000000  0.000000  0.002664  0.000000  0.000000  0.000000   
4   0.000221  0.000434  0.000634  0.005414  0.000479  0.000226  0.000630   
5   0.000000  0.000000  0.000000  0.000000  0.000000  0.000000  0.000000   
6   0.000000  0.000000 -0.000050  0.000000  0.000000  0.000000  0.000000   
7   0.000000  0.000000  0.000000  0.000000  0.000000  0.000000  0.000000   
8   0.000000  0.000000  0.000000  0.000000  0.000000  0.000000  0.000000   
9   0.000000  0.000000  0.000000  0.000000  0.000000  0.000000  0.000000   
10  0.000000  0.000000  0.000000  0.000000  0.000000  0.000000  0.000000   
11  0.000000  0.000000  0.000000  0.000000  0.000000  0.000000  0.000000   

          7         8         9         10  
0   0.000000  0.000489  0.000874  0.000489  
1  -0.000050  0.000000  0.000000  0.000000  
2   0.000864  0.002155  0.001543  0.003298  
3   0.000000  0.000000  0.000000  0.000000  
4   0.000221  0.000636  0.000430  0.000395  
5   0.000000  0.000000  0.000000  0.000000  
6   0.000000  0.000000  0.000000  0.000000  
7   0.000000  0.000000  0.000000  0.000000  
8   0.000000  0.000000  0.000000  0.000000  
9   0.000000  0.000000  0.000000  0.000000  
10  0.000000  0.000000  0.000000  0.000000  
11  0.000000  0.000000  0.000000  0.000000  
effe_insert_same_M_1 [118, 58, 29102]
effe_swap_same_M_1 [117, 57, 17292]
effe_insert_other_M_1 [94, 14, 4734]
effe_swap_other_M_1 [95, 15, 3107]
effe_insert_same_M_0 [140, 47, 16554]
effe_swap_same_M_0 [140, 51, 28100]
effe_insert_other_M_0 [140, 23, 9279]
effe_swap_other_M_0 [140, 18, 2608]
rand_insert_same_M_1 [62, 22, 5893]
rand_swap_same_M_1 [56, 16, 9979]
rand_insert_other_M_1 [205, 25, 8842]
rand_swap_other_M_1 [201, 21, 5366]
sort_delay_A_P_1 [160, 0, 0]
sort_delay_A_D_1 [120, 0, 0]
sort_early_D_P_1 [180, 0, 0]
sort_early_A_D_1 [100, 0, 0]
sort_stuck_A_S0_1 [217, 17, 12289]
0           0         1         2         3         4         5         6   \
0   0.000020  0.000000  0.000033  0.004155  0.000020  0.000000  0.000000   
1   0.000000  0.000000  0.000000  0.000000  0.000000  0.000000  0.000000   
2   0.002924  0.000976  0.000252  0.001074  0.006042  0.000892  0.000501   
3   0.000000  0.000000  0.000000  0.000000  0.000000  0.000000  0.000000   
4  -0.000087 -0.000087 -0.000118 -0.000087  0.000000 -0.000083  0.000000   
5   0.000000  0.000000  0.000000  0.000000  0.000000  0.000000  0.000000   
6   0.000000  0.000000  0.000000  0.000000  0.000000  0.000000  0.000000   
7   0.000000  0.000000  0.000000  0.000000  0.000000  0.000000  0.000000   
8   0.000000  0.000000  0.000000  0.000000  0.000000  0.000000  0.000000   
9   0.000000  0.000000  0.000000  0.000000  0.000000  0.000000  0.000000   
10  0.000000  0.000000  0.000000  0.000000  0.000000  0.000000  0.000000   
11  0.000000  0.000000  0.000000  0.000000  0.000000  0.000000  0.000000   

          7        8         9         10        11        12        13  \
0   0.000000  0.00000  0.000000  0.000090  0.007761  0.000252  0.000087   
1   0.000000  0.00000  0.000000  0.000000  0.000000  0.000000  0.000000   
2   0.000212  0.00021  0.000270  0.000087  0.000496  0.002968  0.000170   
3   0.000000  0.00000  0.000000  0.000000  0.000000  0.000000  0.000000   
4  -0.000046 -0.00005 -0.000098  0.000209 -0.000046 -0.000046  0.000000   
5   0.000000  0.00000  0.000000  0.000000  0.000000  0.000000  0.000000   
6   0.000000 -0.00005  0.000000  0.000000  0.000000  0.000000  0.000000   
7   0.000000  0.00000  0.000000  0.000000  0.000000  0.000000  0.000000   
8   0.000000  0.00000  0.000000  0.000000  0.000000  0.000000  0.000000   
9   0.000000  0.00000  0.000000  0.000000  0.000000  0.000000  0.000000   
10  0.000000  0.00000  0.000000  0.000000  0.000000  0.000000  0.000000   
11  0.000000  0.00000  0.000000  0.000000  0.000000  0.000000  0.000000   

          14  
0   0.000000  
1   0.000000  
2   0.000499  
3   0.000000  
4   0.000087  
5   0.000000  
6   0.000000  
7   0.000000  
8   0.000000  
9   0.000000  
10  0.000000  
11  0.000000  
effe_insert_same_EM_1 [180, 31, 7126]
effe_swap_same_EM_1 [180, 15, 4420]
effe_insert_other_EM_1 [180, 29, 9321]
effe_swap_other_EM_1 [180, 26, 6684]
effe_insert_same_DM_1 [200, 42, 27972]
effe_swap_same_DM_1 [200, 31, 9809]
effe_insert_other_DM_1 [140, 22, 19533]
effe_swap_other_DM_1 [140, 26, 10195]
rand_insert_same_M_1 [160, 26, 3764]
rand_swap_same_M_1 [160, 16, 2827]
rand_insert_other_M_1 [60, 10, 3614]
rand_swap_other_M_1 [60, 13, 2649]
sort_delay_A_P_1 [160, 0, 0]
sort_delay_A_D_1 [160, 0, 0]
sort_early_D_P_1 [220, 0, 0]
sort_early_A_D_1 [180, 0, 0]
sort_stuck_A_S0_1 [100, 26, 28933]
dire_insert_same_dweight_1 [100, 9, 3415]
dire_insert_same_eweight_1 [80, 0, 0]
dire_insert_other_dweight_1 [140, 38, 23925]
dire_insert_other_eweight_1 [60, 1, 118]
