0            0         1        2         3         4         5         6  \
0   0.000000  0.000157  0.00000  0.000000  0.000000  0.000214  0.000000   
1   0.000000  0.000000  0.00000  0.000000  0.000000  0.000000  0.000000   
2   0.000348  0.000000  0.00026  0.000720  0.000013 -0.000050  0.003982   
3   0.000000  0.000000  0.00000  0.000000  0.000000  0.000000  0.000000   
4   0.000189  0.000334  0.00054  0.000702  0.000189  0.000369  0.000000   
5   0.000000  0.000000  0.00000  0.000000  0.000000  0.000000  0.000000   
6   0.000000  0.000000  0.01000  0.000000  0.000000  0.000000  0.000000   
7   0.000000  0.000000  0.00000  0.000000  0.000000  0.000000  0.000000   
8   0.000000  0.000000  0.00000  0.000000  0.000000  0.000000  0.000000   
9   0.000000  0.000000  0.00000  0.000000  0.000000  0.000000  0.000000   
10  0.000000  0.000000  0.00000  0.000000  0.000000  0.000000  0.000000   
11  0.000000  0.000000  0.00000  0.000000  0.000000  0.000000  0.000000   

           7         8         9  
0   0.000000 -0.000050  0.000000  
1   0.000000  0.000000  0.000000  
2  -0.000050  0.000480 -0.000058  
3   0.000000  0.000000  0.000000  
4   0.000224  0.004783  0.000702  
5   0.000000  0.000000  0.000000  
6   0.000000  0.000000  0.000000  
7   0.000000  0.000000  0.000000  
8   0.000000  0.000000  0.000000  
9   0.000000  0.000000  0.000000  
10  0.000000  0.000000  0.000000  
11  0.000000  0.000000  0.000000  
effe_insert_same_EM_1 [60, 5, 4249]
effe_swap_same_EM_1 [60, 8, 4405]
effe_insert_other_EM_1 [140, 40, 14434]
effe_swap_other_EM_1 [140, 35, 14163]
effe_insert_same_DM_1 [140, 31, 13002]
effe_swap_same_DM_1 [140, 19, 5066]
effe_insert_other_DM_1 [120, 36, 18781]
effe_swap_other_DM_1 [120, 29, 7016]
rand_insert_same_M_1 [60, 6, 776]
rand_swap_same_M_1 [60, 8, 2373]
rand_insert_other_M_1 [80, 24, 6784]
rand_swap_other_M_1 [80, 27, 7809]
dire_insert_same_dweight_1 [120, 34, 23553]
dire_insert_same_eweight_1 [240, 1, 1844]
dire_insert_other_dweight_1 [200, 35, 16882]
dire_insert_other_eweight_1 [120, 0, 0]
0            0         1         2         3         4         5         6  \
0   0.000263  0.000000  0.002216  0.000924  0.000276  0.000000  0.005474   
1   0.000000  0.000000  0.000000  0.000000  0.000000 -0.000050  0.000000   
2   0.000583  0.003858  0.000539  0.000731  0.000666  0.000148  0.000400   
3  -0.000143  0.000000  0.000000  0.000000  0.002890  0.000000  0.000000   
4   0.000093 -0.000083 -0.000093 -0.000086 -0.000043  0.000000 -0.000090   
5   0.000000  0.000000  0.000000  0.000000  0.000000  0.000000  0.000000   
6  -0.000050  0.000000  0.000000  0.000000  0.000000  0.000000  0.000000   
7   0.000000  0.000000  0.000000  0.000000  0.000000  0.000000  0.000000   
8   0.000000  0.000000  0.000000  0.000000  0.000000  0.000000  0.000000   
9   0.000000  0.000000  0.000000  0.000000  0.000000  0.000000  0.000000   
10  0.000000  0.000000  0.000000  0.000000  0.000000  0.000000  0.000000   
11  0.000000  0.000000  0.000000  0.000000  0.000000  0.000000  0.000000   

           7         8         9  
0   0.000000  0.000000  0.001828  
1   0.000000  0.000000  0.000000  
2   0.000565  0.000098  0.002081  
3  -0.000050 -0.000050 -0.000050  
4   0.000048 -0.000181 -0.000090  
5   0.000000  0.000000  0.000000  
6   0.000000  0.000000  0.000000  
7   0.000000  0.000000  0.000000  
8   0.000000  0.000000  0.000000  
9   0.000000  0.000000  0.000000  
10  0.000000  0.000000  0.000000  
11  0.000000  0.000000  0.000000  
effe_insert_same_EM_1 [240, 13, 3155]
effe_swap_same_EM_1 [240, 23, 3766]
effe_insert_other_EM_1 [220, 41, 13801]
effe_swap_other_EM_1 [220, 43, 11879]
effe_insert_same_DM_1 [160, 31, 9142]
effe_swap_same_DM_1 [160, 12, 8791]
effe_insert_other_DM_1 [140, 27, 11145]
effe_swap_other_DM_1 [140, 36, 12238]
rand_insert_same_M_1 [60, 14, 2746]
rand_swap_same_M_1 [60, 11, 2070]
rand_insert_other_M_1 [120, 41, 19016]
rand_swap_other_M_1 [120, 45, 15343]
dire_insert_same_dweight_1 [60, 27, 23226]
dire_insert_same_eweight_1 [260, 2, 469]
dire_insert_other_dweight_1 [140, 30, 17503]
dire_insert_other_eweight_1 [160, 1, 129]
