20           0         1         2         3         4         5         6
0  0.052712  0.240886  0.023909  0.068929  0.056419  0.032943  0.032152
1  0.163778  0.122514  0.133322  0.198892  0.097564  0.158520  0.173383
2  0.033793  0.085368  0.034973  0.044035  0.047063  0.030538  0.023291
3  0.004118  0.082186  0.013462  0.011314  0.006412  0.006878  0.005323
4  0.000000  0.000000  0.000000  0.000000  0.008757  0.000000  0.000000
5  0.025821  0.033899  0.035639  0.017143  0.058394  0.032453  0.205449
6  0.016269  0.069603  0.010550  0.008293  0.020219  0.007804  0.024669
7  0.000000  0.103622  0.000000  0.000000  0.000000  0.000000  0.000000
40           0         1         2         3         4         5         6
0  0.104835  0.327771  0.023909  0.149295  0.114250  0.068263  0.083695
1  0.281078  0.255212  0.272819  0.284001  0.259792  0.265538  0.327651
2  0.137506  0.204777  0.115764  0.139814  0.124777  0.126244  0.115120
3  0.070629  0.202021  0.105328  0.083345  0.054027  0.104269  0.082509
4  0.000000  0.000000  0.000000  0.000000  0.045289  0.000000  0.000000
5  0.059723  0.055261  0.069669  0.040837  0.095286  0.085150  0.278999
6  0.030708  0.176938  0.023325  0.045027  0.037672  0.035936  0.069049
7  0.000000  0.213729  0.011922  0.000000  0.012644  0.000000  0.000000
60           0         1         2         3         4         5         6
0  0.151850  0.459722  0.105785  0.252936  0.195138  0.184164  0.167783
1  0.420454  0.377379  0.378873  0.410830  0.395311  0.384924  0.435309
2  0.231864  0.341139  0.229088  0.249953  0.221588  0.221925  0.210814
3  0.168829  0.340593  0.220638  0.213415  0.163562  0.205540  0.178995
4  0.000000  0.000000  0.000000  0.000000  0.060261  0.016710  0.000000
5  0.112445  0.090351  0.096075  0.080068  0.131699  0.136444  0.407660
6  0.092762  0.246212  0.066611  0.094692  0.109882  0.127046  0.112223
7  0.000000  0.339922  0.011922  0.000000  0.012644  0.000000  0.000000
80           0         1         2         3         4         5         6
0  0.339713  0.692716  0.226040  0.350935  0.288727  0.259624  0.290035
1  0.644205  0.644437  0.644063  0.652209  0.635985  0.630258  0.661041
2  0.370953  0.485026  0.395710  0.375105  0.382399  0.390575  0.368142
3  0.311747  0.513077  0.417082  0.400572  0.316910  0.368872  0.335326
4  0.000000  0.000000  0.000000  0.000000  0.083827  0.016710  0.000000
5  0.160297  0.134485  0.211603  0.210114  0.157757  0.156201  0.654794
6  0.161199  0.469139  0.155221  0.184694  0.131270  0.171591  0.176191
7  0.000000  0.535543  0.034126  0.000000  0.012644  0.000000  0.000000
100           0         1         2         3         4         5         6
0  0.492992  0.746873  0.442410  0.475062  0.404105  0.476495  0.392565
1  0.737735  0.737357  0.735458  0.740224  0.736808  0.740352  0.739918
2  0.660948  0.712517  0.648307  0.643682  0.654377  0.636971  0.651093
3  0.593760  0.690282  0.615353  0.561425  0.585410  0.623530  0.582784
4  0.000000  0.000000  0.000000  0.000000  0.083827  0.016710  0.000000
5  0.187604  0.134485  0.234742  0.280860  0.184116  0.233319  0.719179
6  0.181823  0.609189  0.178128  0.252206  0.152094  0.171591  0.223984
7  0.000000  0.636198  0.100944  0.034160  0.048287  0.000000  0.000000
120           0         1         2         3         4         5         6
0  0.634344  0.983949  0.593831  0.627977  0.646691  0.613745  0.641921
1  0.955869  0.951829  0.956274  0.945577  0.949274  0.955377  0.955410
2  0.863655  0.880097  0.837830  0.847504  0.857338  0.851896  0.850933
3  0.736257  0.839738  0.772427  0.710020  0.727879  0.730956  0.708338
4  0.000000  0.000000  0.000000  0.000000  0.116854  0.016710  0.000000
5  0.245675  0.134485  0.291390  0.280860  0.272736  0.298646  0.900728
6  0.291908  0.838096  0.324911  0.342969  0.278647  0.313044  0.366775
7  0.000000  0.811453  0.100944  0.034160  0.048287  0.000000  0.000000
140           0         1         2         3         4         5         6
0  0.805144  1.061939  0.685956  0.728269  0.795422  0.756393  0.740083
1  1.016467  1.026237  1.007651  1.037326  1.023562  1.025275  1.115957
2  0.914789  0.963058  0.921702  0.912089  0.918448  0.919779  0.913607
3  0.850314  0.944987  0.827544  0.866179  0.860006  0.832885  0.851966
4  0.000000  0.000000  0.000000  0.000000  0.162064  0.016710  0.000000
5  0.346984  0.296401  0.419703  0.382522  0.373427  0.367712  1.020946
6  0.431280  0.901392  0.453786  0.468318  0.311782  0.445990  0.465217
7  0.053058  0.932107  0.146565  0.034160  0.048287  0.000000  0.050288
160           0         1         2         3         4         5         6
0  0.973243  1.200905  0.779504  0.847669  0.907113  0.899461  0.894950
1  1.168359  1.162641  1.168433  1.170862  1.186043  1.165961  1.171914
2  1.061266  1.122197  1.047232  1.024401  1.049273  1.039902  1.056343
3  0.942596  1.088101  0.940366  0.957813  0.957552  0.944733  0.971844
4  0.000000  0.000000  0.000000  0.000000  0.339552  0.016710  0.000000
5  0.419242  0.404491  0.452269  0.457953  0.481358  0.409685  1.162714
6  0.528403  1.079779  0.649068  0.639907  0.582435  0.590897  0.563974
7  0.053058  1.079018  0.146565  0.143415  0.048287  0.000000  0.050288
180           0         1         2         3         4         5         6
0  1.016022  5.538392  0.883164  0.921389  0.991241  1.352716  1.341764
1  1.730467  2.241189  2.036881  1.601624  1.633342  1.289301  7.023471
2  1.211482  1.223642  1.188746  1.184750  1.452744  1.187133  1.231834
3  1.138071  1.312900  1.164511  1.084799  1.057391  1.131523  1.098717
4  0.000000  0.000000  0.000000  0.000000  0.379161  0.016710  0.000000
5  0.494613  0.548516  0.628273  0.738420  0.649274  0.557791  1.261544
6  0.696093  1.202448  0.672419  0.708574  0.710866  0.644515  0.678832
7  0.053058  1.874342  0.211976  0.195181  0.048287  0.000000  0.050288
200           0         1         2         3         4         5         6
0  2.589681  3.420631  1.994305  2.577299  1.958553  2.622950  2.249009
1  3.393871  3.392023  3.390153  3.376032  3.388962  3.375330  3.389074
2  2.727797  2.777460  2.512653  2.608909  3.140312  2.591699  2.733222
3  2.349194  3.136192  2.417830  2.452570  2.528933  2.286637  2.161837
4  0.000000  0.000000  0.000000  0.000000  0.379161  0.016710  0.000000
5  0.591314  0.548516  0.689162  0.807649  0.790682  0.691738  3.293465
6  0.721411  2.288529  0.672419  1.061001  0.934094  0.731081  0.879074
7  0.053058  3.086122  0.211976  0.195181  0.301929  0.000000  0.050288
220           0         1         2         3         4         5         6
0  2.942610  3.560411  2.501048  2.862604  2.360225  2.961420  2.666354
1  3.503305  3.516524  3.492638  3.530892  3.513344  3.510306  3.545067
2  3.203446  3.129993  3.076916  3.083218  3.315484  3.192346  3.170623
3  3.241336  3.368107  3.106160  3.233340  3.096676  3.169160  2.943951
4  0.000000  0.000000  0.000000  0.000000  0.379161  0.016710  0.000000
5  0.731896  0.832335  0.962558  0.807649  0.920658  0.830739  3.457566
6  0.963988  3.248012  1.197610  1.269304  1.491099  0.924838  1.177760
7  0.053058  3.340302  0.211976  0.195181  0.301929  0.000000  0.050288
240           0         1         2         3         4         5         6
0  2.979891  3.982940  2.554391  3.110728  2.582042  3.120949  2.771046
1  3.754892  3.801938  3.827504  3.716374  3.766921  3.791314  3.880184
2  3.260754  3.276324  3.248948  3.234481  3.563335  3.302842  3.336797
3  3.318644  3.624053  3.198019  3.334928  3.258957  3.274101  3.063390
4  0.000000  0.000000  0.000000  0.000000  0.553425  0.016710  0.000000
5  1.016221  1.268651  1.482490  1.595725  1.869495  0.985266  3.874709
6  2.274620  3.545577  2.228850  1.766832  2.047827  1.610879  1.842613
7  0.053058  3.660040  0.211976  0.195181  0.301929  0.000000  0.245084
260           0         1         2         3         4         5         6
0  2.979891  4.056775  2.818149  3.312029  2.709459  3.163880  2.940879
1  3.946404  3.929559  3.963295  3.906629  3.938916  3.956990  4.014782
2  3.506515  3.557699  3.487561  3.565951  3.809966  3.556757  3.580127
3  3.568096  3.803772  3.489552  3.561067  3.449794  3.493161  3.451000
4  0.000000  0.000000  0.197905  0.000000  0.711840  0.016710  0.000000
5  1.566455  1.871992  1.717705  2.133200  2.157099  1.410095  3.992291
6  2.518790  3.757419  2.550335  2.186005  2.407406  2.209637  2.496853
7  0.253456  3.836746  0.211976  0.386699  0.484864  0.000000  0.245084
280           0         1         2         3         4         5         6
0  3.123885  4.283849  3.037250  3.457733  2.709459  3.208623  3.025678
1  4.148084  4.184303  4.193226  4.168672  4.131466  4.177840  4.205024
2  3.701651  3.657497  3.693381  3.665190  3.938655  3.629672  3.692800
3  3.617170  3.977584  3.592808  3.703586  3.595913  3.614085  3.568402
4  0.000000  0.000000  0.197905  0.000000  1.728242  0.016710  0.000000
5  2.126845  2.357236  2.069219  2.426642  2.533346  2.032920  3.967154
6  2.886678  3.983043  3.294146  2.711461  3.182021  3.136138  3.224647
7  0.253456  4.106247  0.211976  0.386699  0.484864  0.223954  0.450763
300           0         1         2         3         4         5         6
0  3.169169  4.776442  3.122898  3.619534  2.869664  3.338516  3.414111
1  4.399181  4.426657  4.341939  4.425740  4.470627  4.435366  4.725847
2  3.768920  3.765163  3.909717  3.751646  4.127446  3.740364  3.798085
3  3.711174  4.185202  3.674325  3.880466  3.595913  3.735968  3.661483
4  0.000000  0.000000  0.197905  0.000000  2.087767  0.016710  0.000000
5  2.426899  2.967559  2.668650  3.185578  2.687395  2.701332  4.612068
6  3.485303  4.077393  3.620747  3.286978  3.467898  3.597447  3.477802
7  0.253456  4.312031  0.211976  0.579987  0.484864  0.223954  0.674686
320           0         1         2         3         4         5         6
0  3.559331  4.838180  3.514668  3.858056  2.966114  3.771857  3.625871
1  4.761467  4.774550  4.761010  4.779786  4.770812  4.745184  4.779943
2  4.062190  4.108620  4.129443  4.101435  4.407618  4.020002  4.118679
3  4.008717  4.531415  4.046950  4.129717  4.018789  3.939130  3.984073
4  0.000000  0.000000  0.197905  0.000000  2.814171  0.016710  0.000000
5  3.392753  3.244652  3.077535  3.600318  2.987090  2.912348  4.770249
6  3.807498  4.349147  4.001067  3.646838  3.756253  3.887769  3.824593
7  0.253456  4.649786  0.444164  0.791678  0.484864  0.223954  0.884014
340           0         1         2         3         4         5         6
0  3.842141  4.769626  3.579239  4.103169  3.303869  3.820667  3.941420
1  4.748542  4.727626  4.733447  4.729796  4.724024  4.733585  4.732574
2  4.380837  4.327446  4.301512  4.353204  4.567149  4.214210  4.395399
3  4.205461  4.663299  4.178773  4.186157  4.177553  4.207247  4.168495
4  0.000000  0.000000  0.197905  0.233649  3.375246  0.016710  0.236671
5  3.632206  3.525767  3.376812  3.936469  3.445660  3.324905  4.701846
6  4.264474  4.559385  4.266311  4.140970  3.973158  4.252619  4.133893
7  0.253456  4.717272  0.660597  0.791678  0.484864  0.223954  0.884014
360           0         1         2         3         4         5         6
0  4.139220  4.840722  3.807237  4.308072  3.579982  3.961987  4.196567
1  4.790141  4.848033  4.795517  4.792508  4.784361  4.779778  4.796088
2  4.635591  4.595707  4.608185  4.596257  4.754826  4.538317  4.632171
3  4.591557  4.759717  4.529722  4.449376  4.605183  4.558338  4.606736
4  0.000000  0.000000  0.197905  0.233649  3.505624  0.016710  0.460099
5  3.920964  3.749485  3.681212  4.039632  3.729076  3.584390  4.764019
6  4.333900  4.671977  4.381494  4.244060  4.149368  4.294482  4.269744
7  0.253456  4.759124  0.660597  0.993003  0.484864  0.223954  0.884014
380           0         1         2         3         4         5         6
0  5.494139  4.954665  4.064449  4.538499  3.579982  4.183203  4.328561
1  5.199695  5.216252  5.131793  5.406710  5.126111  5.149273  5.402473
2  4.743889  4.722887  4.761750  4.741276  4.994908  4.717120  4.769898
3  4.739880  4.987631  4.673605  4.668242  4.735976  4.737341  4.732272
4  0.000000  0.000000  0.197905  0.233649  3.505624  0.016710  0.460099
5  4.168770  3.972540  3.926612  4.284848  3.729076  3.719649  5.259987
6  4.497191  4.927349  4.516514  4.363371  4.283486  4.533538  4.317601
7  0.485335  5.018086  0.660597  1.214516  0.484864  0.223954  0.884014
400           0         1         2         3         4         5         6
0  5.785918  5.217865  4.752826  4.776398  3.809443  4.554389  4.602484
1  5.747894  5.706689  5.751834  5.730913  5.754156  5.713564  5.750220
2  5.462620  5.357677  5.394584  5.361943  5.579915  5.525391  5.311227
3  5.189488  5.555708  5.264568  5.214774  5.178561  5.320543  5.225418
4  0.000000  0.000000  0.197905  0.233649  3.505624  0.016710  0.460099
5  4.168770  4.065284  3.926612  4.284848  3.729076  3.803705  5.601608
6  4.551988  5.196286  4.516514  4.363371  4.283486  4.533538  4.317601
7  0.485335  5.458625  0.660597  1.214516  0.484864  0.223954  0.884014
420           0         1         2         3         4         5         6
0  5.878533  5.445125  5.114056  5.030251  4.265816  4.885416  4.780125
1  5.838202  5.837247  5.832830  5.820392  5.830292  5.814305  5.844345
2  5.626065  5.633908  5.554895  5.608272  5.669175  5.633978  5.567611
3  5.446187  5.646350  5.465103  5.479140  5.476301  5.515977  5.447386
4  0.000000  0.000000  0.197905  0.233649  3.615341  0.016710  0.460099
5  4.328553  4.212775  4.101526  4.547709  4.275025  3.994373  5.742813
6  4.656109  5.684738  4.768967  4.590164  4.352339  4.742808  4.557455
7  0.747891  5.691153  0.660597  1.214516  0.484864  0.223954  0.884014
440           0         1         2         3         4         5         6
0  5.954396  5.520423  5.377552  5.196947  4.731001  5.136561  4.838978
1  5.868035  5.879579  5.860641  5.876914  5.875139  5.943042  5.870068
2  5.685850  5.694870  5.647459  5.665824  5.786289  5.685413  5.676010
3  5.508154  5.728573  5.536748  5.538392  5.518202  5.620805  5.546783
4  0.000000  0.000000  0.197905  0.233649  3.727020  0.016710  0.460099
5  4.674529  4.443626  4.101526  4.787200  4.501760  4.418574  5.906075
6  4.941961  5.789395  5.157526  5.081241  4.811158  5.078444  5.031550
7  1.005450  5.813295  0.660597  1.214516  0.484864  0.223954  0.884014
460           0         1         2         3         4         5         6
0  6.266717  5.772529  5.586150  5.556957  5.115831  5.267497  5.311025
1  6.222353  6.182654  6.163020  6.164714  6.187002  6.187652  6.177202
2  5.953290  5.939890  5.923919  5.951956  6.036082  5.958082  5.937944
3  5.804212  6.027297  5.782966  5.852561  5.764973  5.810452  5.745602
4  0.000000  0.000000  0.197905  0.233649  3.844950  0.016710  0.460099
5  4.869542  4.519299  4.201112  5.208455  4.661814  4.586759  6.260899
6  4.989089  5.987661  5.285908  5.216646  5.085166  5.226036  5.112113
7  1.258609  6.015852  0.660597  1.214516  0.774104  0.517402  0.884014
480           0         1         2         3         4         5         6
0  6.561495  5.935971  5.861209  5.787984  5.377442  5.561420  5.453048
1  6.455929  6.456293  6.416404  6.496407  6.430228  6.502059  6.579321
2  6.137177  6.113961  6.149877  6.112455  6.260871  6.126845  6.156084
3  5.979960  6.234105  5.925089  6.023730  5.997385  5.994762  5.983505
4  0.000000  0.000000  0.197905  0.233649  3.844950  0.016710  0.460099
5  5.014273  4.605785  4.399975  5.456194  4.821477  4.897677  6.446428
6  5.298592  6.240018  5.419891  5.394259  5.290323  5.314031  5.168131
7  1.258609  6.270047  0.660597  1.483167  0.774104  0.803095  0.884014
500           0         1         2         3         4         5         6
0  6.729311  6.171221  6.168280  6.012473  5.751406  5.771989  5.830999
1  6.697616  6.694869  6.698268  6.696031  6.699546  6.651835  6.697725
2  6.514225  6.444917  6.487373  6.465275  6.563923  6.459259  6.510776
3  6.331184  6.580177  6.352608  6.322803  6.334597  6.360048  6.373468
4  0.000000  0.000000  0.197905  0.233649  3.984934  0.016710  0.460099
5  5.075720  4.705289  4.812043  5.519597  5.002404  5.070228  6.672338
6  5.358236  6.504124  5.465343  5.495875  5.448692  5.426961  5.415123
7  1.258609  6.529683  0.660597  1.483167  0.774104  1.090356  0.884014
520           0         1         2         3         4         5         6
0  6.827633  6.286075  6.231659  6.276618  5.909522  5.966064  6.185978
1  6.775841  6.775998  6.777543  6.777878  6.778020  6.777567  6.752592
2  6.629626  6.616468  6.617839  6.637581  6.675204  6.618204  6.610801
3  6.591743  6.694126  6.577273  6.469491  6.525501  6.559233  6.545991
4  0.000000  0.000000  0.197905  0.233649  4.505809  0.341083  0.460099
5  5.364386  4.985629  4.812043  5.729479  5.247627  5.511802  6.785130
6  5.522267  6.628892  5.720037  5.830747  5.746064  5.735089  5.716606
7  1.258609  6.693027  0.660597  1.749697  1.362322  1.090356  0.884014
