20           0         1         2         3         4         5         6
0 -1.094611 -1.033290 -0.970998 -0.948766 -1.011731 -1.097403 -0.965779
1 -4.899330 -4.902222 -4.900151 -4.917684 -4.894480 -4.894005 -4.869941
2 -4.193829 -4.185026 -4.170666 -4.190922 -4.190818 -4.056954 -4.186017
3 -1.379105 -1.341176 -1.363141 -1.368263 -1.329521 -1.344952 -1.353133
4 -0.013588 -0.035632 -0.023456 -0.048061 -0.046773  0.057126  0.000000
5 -3.909087 -4.005558 -3.875778 -3.875279 -3.900067 -3.881430 -3.891699
6 -4.517721 -4.118141 -4.495794 -4.481736 -4.506698 -4.518683 -4.485189
7 -0.236380 -0.166077 -0.247613 -0.116348 -0.187387 -0.105406 -0.154886
40           0         1         2         3         4         5         6
0 -4.236807 -4.277907 -4.256385 -4.226953 -4.211915 -4.250798 -4.209186
1 -7.729745 -7.697340 -7.649121 -7.710522 -7.716647 -7.713686 -7.112162
2 -7.515652 -7.510040 -7.516876 -7.503401 -6.819929 -7.506449 -7.511386
3 -5.715232 -5.707454 -5.713790 -5.703965 -5.712463 -5.694664 -5.643802
4 -0.161133 -0.217444 -0.216747 -0.048061 -0.046773 -0.075703 -0.142907
5 -5.763571 -5.746099 -5.736499 -5.753060 -5.746068 -5.775604 -5.766012
6 -6.112801 -6.345823 -6.353834 -6.340956 -6.344208 -6.367228 -6.360978
7 -0.683766 -0.828546 -0.703327 -0.957143 -0.821075 -0.668249 -0.784503
60           0         1         2         3         4         5         6
0 -5.521698 -5.499545 -5.545096 -5.503032 -5.503517 -5.546914 -5.563952
1 -8.413966 -8.408775 -8.419499 -8.413720 -8.419732 -8.415083 -8.411939
2 -8.569729 -8.569308 -8.573379 -8.570239 -8.571262 -8.575486 -8.505080
3 -7.303425 -7.300525 -7.043772 -7.298273 -7.297092 -7.312583 -7.305907
4 -0.161133 -0.217444 -0.216747 -0.048061 -0.046773 -0.075703 -0.142907
5 -7.012352 -6.996815 -7.012744 -7.021964 -7.047636 -7.027067 -7.027939
6 -7.362431 -7.345841 -7.362991 -7.361816 -7.401070 -7.335434 -7.360639
7 -1.401295 -1.533904 -1.438925 -1.446807 -1.555417 -1.370423 -1.508691
80           0         1         2         3         4         5         6
0 -6.298067 -6.301709 -6.335415 -6.299857 -6.327998 -6.309392 -6.179100
1 -9.124057 -9.118004 -9.118275 -9.128193 -9.119465 -9.122561 -9.120402
2 -9.070189 -9.024163 -8.539440 -9.079679 -9.083010 -9.030651 -9.038694
3 -8.268929 -8.260573 -8.266999 -8.261628 -8.263211 -8.173743 -8.265587
4 -0.161133 -0.217444 -0.216747 -0.048061 -0.046773 -0.075703 -0.142907
5 -7.941009 -7.883175 -7.914577 -7.922862 -7.913642 -7.921134 -7.915517
6 -8.096538 -8.098909 -8.145362 -8.104891 -8.092660 -8.119344 -8.092108
7 -2.107532 -2.244555 -2.138833 -2.188046 -2.042244 -2.090151 -2.205830
100           0         1         2         3         4         5         6
0 -5.767827 -6.404073 -6.424398 -6.388917 -6.415622 -6.390419 -6.388227
1 -8.898197 -8.838891 -8.798699 -8.818141 -8.674125 -8.563088 -8.581285
2 -9.266059 -9.104859 -9.269978 -9.272292 -9.270062 -9.274565 -9.239468
3 -8.823733 -8.822769 -8.818772 -8.818979 -8.824743 -8.819297 -8.543904
4 -0.161133 -0.217444 -0.216747 -0.048061 -0.046773 -0.075703 -0.142907
5 -8.256213 -8.263599 -8.268608 -8.268093 -8.280297 -8.288173 -8.269746
6 -8.504846 -8.475704 -8.484247 -8.508313 -8.509715 -8.497487 -8.473847
7 -2.769944 -2.630004 -2.758780 -2.963139 -2.670872 -2.738174 -2.591980
120           0         1         2         3         4         5         6
0 -6.712456 -6.160491 -6.722732 -6.701531 -6.717877 -6.701427 -6.580796
1 -9.114551 -9.081770 -9.126063 -9.152024 -9.084400 -9.110373 -8.704192
2 -9.419899 -9.385785 -9.421360 -9.421506 -9.421325 -9.422302 -9.425743
3 -8.900934 -8.919958 -8.634940 -8.916079 -8.892538 -8.928345 -8.929049
4 -0.161133 -0.217444 -0.216747 -0.048061 -0.346867 -0.075703 -0.142907
5 -8.665946 -8.679933 -8.680801 -8.665416 -8.669699 -8.661262 -8.660890
6 -9.031297 -9.033458 -9.033700 -9.023956 -9.029477 -9.021538 -9.043817
7 -3.326126 -3.195875 -3.312418 -3.162581 -3.244309 -3.302435 -3.361318
140           0         1         2         3         4         5         6
0 -6.380943 -6.350445 -6.694437 -6.534277 -6.669268 -6.677222 -5.915187
1 -8.960634 -8.956701 -8.960357 -8.972346 -8.954881 -8.955950 -8.959371
2 -9.306075 -9.305938 -9.311313 -9.275024 -9.309009 -9.361047 -9.311273
3 -8.932745 -8.874361 -8.902625 -8.533578 -8.893553 -8.762972 -8.913374
4 -0.161133 -0.217444 -0.216747 -0.364685 -0.346867 -0.075703 -0.142907
5 -8.909528 -8.895330 -8.900083 -8.901431 -8.902154 -8.904428 -8.912813
6 -9.190597 -9.194323 -9.197708 -9.095873 -9.189740 -9.188481 -9.193993
7 -3.626632 -3.683616 -3.624278 -3.762373 -3.723558 -3.760671 -3.636040
160           0         1         2         3         4         5         6
0 -6.726495 -6.652369 -6.711380 -6.684378 -6.586917 -6.560854 -6.218182
1 -9.180256 -9.181231 -9.158986 -9.175356 -9.179702 -9.182853 -9.175792
2 -9.438918 -9.465192 -9.294465 -9.394848 -9.491745 -9.127020 -9.395330
3 -8.895051 -8.879318 -8.894494 -8.892682 -8.886998 -8.911174 -8.579947
4 -0.161133 -0.217444 -0.216747 -0.364685 -0.346867 -0.075703 -0.142907
5 -9.133800 -9.129834 -9.132054 -9.132188 -9.137665 -9.129846 -9.131539
6 -9.412946 -9.388769 -9.409977 -9.416518 -9.414863 -8.934392 -9.410986
7 -4.070852 -4.105494 -4.070307 -4.069449 -4.169719 -4.176684 -4.077964
180           0         1         2         3         4         5         6
0 -6.863016 -6.894314 -6.884165 -6.884849 -6.890730 -6.890696 -6.897754
1 -9.435142 -9.430854 -9.382323 -9.434980 -9.431378 -9.427403 -9.379097
2 -9.539179 -9.541428 -9.538648 -9.543925 -9.540034 -9.513632 -9.540516
3 -9.065183 -9.060522 -8.854236 -9.063763 -9.061379 -9.064941 -9.072916
4 -0.161133 -0.217444 -0.216747 -0.364685 -0.346867 -0.406897 -0.142907
5 -9.133070 -9.151366 -9.015225 -9.139638 -9.144966 -9.140462 -9.145327
6 -9.407120 -9.216646 -9.415382 -9.409049 -9.412400 -9.409881 -9.412303
7 -4.468011 -4.363135 -4.496693 -4.475590 -4.445447 -4.561433 -4.490769
200           0         1         2         3         4         5         6
0 -6.782701 -6.948941 -6.902639 -6.818041 -6.851351 -6.825765 -6.785766
1 -9.115753 -9.113449 -9.115580 -9.128554 -9.119716 -9.117420 -9.121006
2 -9.411666 -9.413041 -9.413143 -9.414356 -9.413955 -9.414890 -9.386666
3 -9.104619 -9.099088 -9.096191 -9.098456 -9.096768 -9.100804 -8.890663
4 -0.161133 -0.217444 -0.216747 -0.364685 -0.346867 -0.406897 -0.366298
5 -9.179563 -9.126140 -9.180669 -9.186061 -9.180187 -9.180143 -9.179658
6 -9.380546 -9.069539 -9.415382 -9.409049 -9.393228 -9.386472 -9.246904
7 -4.825155 -4.736119 -4.730341 -4.914842 -4.810392 -4.783740 -4.835420
220           0         1         2         3         4         5         6
0 -6.987767 -6.988145 -6.988915 -6.985390 -6.984177 -6.863872 -6.983294
1 -9.332589 -9.327893 -9.367315 -9.339368 -9.349223 -9.345161 -9.138360
2 -9.545732 -9.523192 -9.532910 -9.518116 -9.441721 -9.529228 -9.526100
3 -9.166318 -9.182908 -9.176586 -9.151359 -8.748324 -9.192596 -9.155001
4 -0.515033 -0.217444 -0.216747 -0.364685 -0.346867 -0.406897 -0.366298
5 -9.271449 -9.267617 -9.231085 -9.270208 -9.272118 -9.173003 -9.268846
6 -9.353379 -9.267785 -9.357500 -9.386643 -9.370967 -9.371107 -9.021829
7 -5.207523 -5.065724 -5.056596 -5.100757 -5.109122 -5.099381 -5.039157
240           0         1         2         3         4         5         6
0 -7.027524 -7.034621 -6.910223 -7.042064 -7.034978 -7.019779 -6.616244
1 -9.417397 -9.445579 -9.366609 -9.401521 -9.315660 -9.442641 -9.256459
2 -9.288516 -9.481337 -9.439292 -9.477515 -9.438307 -9.441131 -9.436231
3 -8.944670 -9.089942 -9.076050 -8.295787 -9.100483 -8.973014 -9.152205
4 -0.515033 -0.565637 -0.547713 -0.364685 -0.673895 -0.406897 -0.366298
5 -9.314648 -9.359110 -9.353671 -9.345662 -9.356600 -9.358067 -9.350628
6 -9.228961 -9.431578 -9.427734 -9.435809 -9.415394 -9.418089 -9.422196
7 -5.303000 -5.354861 -5.325398 -5.362653 -5.375629 -5.363160 -5.299851
260           0         1         2         3         4         5         6
0 -6.806875 -7.022632 -6.834547 -7.045605 -6.910463 -6.990834 -6.498210
1 -9.190392 -9.190882 -9.213443 -9.190432 -9.191522 -9.187304 -9.187481
2 -9.539910 -9.583857 -9.578036 -9.572687 -9.583679 -9.561820 -9.406673
3 -9.048860 -8.858502 -9.043588 -9.051667 -9.050827 -9.053401 -9.050229
4 -0.515033 -0.565637 -0.547713 -0.364685 -0.673895 -0.406897 -0.366298
5 -9.454053 -9.448101 -9.398760 -9.388730 -9.398867 -9.428177 -8.960777
6 -9.606645 -9.252766 -9.636917 -9.591089 -9.630280 -9.633295 -9.632824
7 -5.528438 -5.552481 -5.537201 -5.509632 -5.521274 -5.581148 -5.575306
280           0         1         2         3         4         5         6
0 -6.827484 -7.018318 -6.726300 -6.913782 -6.937655 -6.883924 -6.069368
1 -9.267531 -9.269632 -9.286125 -9.200021 -9.284459 -9.262465 -9.282528
2 -9.560622 -9.588871 -9.580853 -9.577804 -9.543858 -9.580311 -9.588452
3 -9.071321 -9.060293 -9.084333 -9.009707 -9.055593 -8.860235 -9.028848
4 -0.515033 -0.565637 -0.547713 -0.587732 -0.673895 -0.406897 -0.708143
5 -9.531206 -9.543114 -9.539394 -9.532936 -9.545651 -9.541879 -9.530072
6 -9.618398 -9.781097 -9.782405 -9.800281 -9.793862 -9.793272 -9.795349
7 -5.708918 -5.758153 -5.734894 -5.708527 -5.717148 -5.704348 -5.758953
300            0          1          2         3         4          5         6
0  -6.842504  -6.855506  -6.741009 -6.920283 -6.961535  -6.775540 -6.337082
1  -9.298659  -9.297876  -9.262305 -9.345912 -9.312918  -9.321668 -9.026315
2  -9.555629  -9.482400  -9.572819 -9.556825 -9.529576  -9.592364 -9.021587
3  -9.071017  -9.062286  -9.008820 -8.870672 -9.009763  -9.009485 -9.033092
4  -1.189729  -1.235348  -1.209539 -0.902518 -1.009589  -1.077466 -1.026812
5  -9.909825  -9.020181  -9.866671 -9.768297 -9.902282  -9.662139 -9.912970
6 -10.005922 -10.056681 -10.062003 -9.934063 -9.131361 -10.063321 -9.708548
7  -5.892930  -5.900679  -5.860619 -5.886128 -5.880486  -5.892780 -5.915468
320           0         1         2         3         4         5         6
0 -6.827475 -6.900715 -6.748206 -6.793792 -6.691824 -6.775540 -5.937031
1 -9.051048 -9.189544 -9.191548 -9.183751 -9.073019 -9.068666 -9.170610
2 -9.513118 -9.512858 -9.513227 -9.513214 -9.478753 -9.534701 -9.522453
3 -9.082318 -9.077442 -9.056202 -8.752273 -9.016449 -9.049700 -9.050927
4 -1.723696 -1.526197 -1.496985 -1.761888 -1.593086 -1.628929 -1.655556
5 -9.700239 -9.285429 -9.687679 -9.593284 -9.287476 -9.246364 -9.711144
6 -9.812263 -9.599719 -9.613860 -9.652614 -9.117210 -9.476112 -9.620911
7 -5.985506 -5.991458 -6.012831 -6.012440 -6.021326 -6.028380 -6.019510
340           0         1         2         3         4         5         6
0 -6.729045 -6.760622 -6.858567 -6.796603 -6.703203 -6.781934 -5.619929
1 -9.116004 -9.106733 -9.116438 -8.972535 -9.152729 -9.117822 -8.685483
2 -9.480118 -9.477883 -9.479439 -9.472712 -9.477531 -9.488132 -9.472356
3 -9.071056 -8.909945 -9.039001 -9.038358 -9.043048 -9.042543 -9.039031
4 -2.003116 -1.784201 -1.772557 -1.761888 -1.871926 -1.828834 -1.937778
5 -9.678572 -9.618691 -9.673233 -9.635364 -9.631801 -9.642899 -9.272153
6 -9.464403 -9.671726 -9.656193 -9.657627 -9.660355 -9.661148 -9.669365
7 -6.090548 -6.088680 -6.081084 -6.126681 -6.092698 -6.111380 -6.091667
360           0         1         2         3         4         5         6
0 -6.768614 -6.751468 -6.672020 -6.649583 -6.708945 -6.764424 -6.635463
1 -9.226492 -9.236733 -9.243440 -9.233155 -9.225567 -9.224721 -9.210553
2 -9.583776 -9.584725 -9.587653 -9.584913 -9.563620 -9.587560 -9.585933
3 -9.255385 -9.119715 -9.260543 -9.277818 -9.281024 -9.281832 -9.281591
4 -2.003116 -2.070738 -2.307865 -2.056114 -2.128465 -2.038405 -2.199808
5 -9.624015 -9.696314 -9.711006 -9.743811 -9.745923 -9.741125 -8.995395
6 -9.652290 -9.794914 -9.800982 -9.821159 -9.508672 -9.825533 -9.792091
7 -6.194319 -6.161317 -6.170775 -6.206452 -6.165954 -6.175511 -6.191555
380           0         1         2         3         4         5         6
0 -6.946135 -6.956702 -6.964487 -6.669144 -6.976500 -6.952447 -6.960183
1 -9.466407 -9.555154 -9.406450 -9.468562 -9.454458 -9.496410 -8.732089
2 -9.612512 -9.607895 -9.557235 -9.610715 -9.607419 -9.610512 -9.614167
3 -9.262424 -9.230074 -9.066991 -9.246433 -9.239413 -9.245033 -9.250712
4 -2.260280 -2.070738 -2.307865 -2.056114 -2.128465 -2.306094 -2.199808
5 -9.527163 -9.643012 -9.614538 -9.696119 -9.668585 -9.593869 -9.556298
6 -9.700690 -9.775600 -9.608423 -9.774705 -9.674462 -9.613384 -9.730206
7 -6.277395 -6.309357 -6.273847 -6.293298 -6.297814 -6.289855 -6.311026
400           0         1         2         3         4         5         6
0 -6.905170 -6.935985 -6.887398 -6.853701 -6.851786 -6.857597 -6.496692
1 -9.230661 -9.206734 -9.216366 -9.195975 -9.209614 -9.144195 -9.220218
2 -9.452399 -9.588953 -9.596266 -9.590394 -9.600540 -9.590688 -9.611324
3 -9.409611 -9.408623 -9.271282 -9.407825 -9.407833 -9.407568 -9.406846
4 -2.260280 -2.070738 -2.307865 -2.056114 -2.128465 -2.306094 -2.199808
5 -9.357174 -9.643012 -9.614538 -9.696119 -9.668585 -9.588611 -9.556298
6 -9.700690 -9.767752 -9.430354 -9.774705 -9.670786 -9.613384 -9.727005
7 -6.359570 -6.351483 -6.374273 -6.368586 -6.366288 -6.352966 -6.357663
420           0         1         2         3         4         5         6
0 -6.724693 -6.832372 -6.822029 -6.880827 -6.830935 -6.864084 -5.275962
1 -9.181084 -8.809390 -8.947437 -8.847671 -8.997977 -8.957563 -8.298085
2 -9.468978 -9.624867 -9.624218 -9.627835 -9.626521 -9.628164 -9.624476
3 -9.413476 -9.414399 -9.149179 -9.414437 -9.412817 -9.414538 -9.416733
4 -2.260280 -2.264550 -2.307865 -2.318803 -2.128465 -2.306094 -2.199808
5 -8.794176 -9.643012 -9.577942 -9.663628 -9.626834 -9.522766 -9.544863
6 -9.672554 -9.738499 -9.427399 -9.767155 -9.657018 -9.605359 -9.695927
7 -6.309244 -6.428067 -6.415443 -6.427610 -6.417722 -6.419192 -6.410913
440           0         1         2         3         4         5         6
0 -6.613334 -6.808001 -6.733372 -6.617327 -6.648604 -6.736437 -6.058520
1 -9.185390 -9.183937 -9.200397 -8.853535 -9.244186 -9.199433 -9.194318
2 -9.433293 -9.498853 -9.532595 -9.576151 -9.561611 -9.594726 -9.042231
3 -9.403125 -9.415723 -9.382541 -9.017710 -9.390493 -9.396678 -9.394497
4 -2.514046 -2.477647 -2.307865 -2.318803 -2.364285 -2.306094 -2.450997
5 -9.610892 -9.635937 -9.614354 -9.607203 -9.607484 -9.615716 -9.601080
6 -9.829208 -9.817927 -9.819885 -9.827081 -9.828520 -9.684109 -9.827877
7 -6.423888 -6.428067 -6.415443 -6.427610 -6.417722 -6.425626 -6.402502
460           0         1         2         3         4         5         6
0 -6.511155 -6.606052 -6.615876 -6.578421 -6.546693 -6.648067 -6.443741
1 -9.102400 -9.105212 -9.103091 -9.102790 -9.099244 -9.123535 -9.101995
2 -9.578763 -9.574182 -9.575564 -9.578924 -9.575867 -9.558511 -9.573546
3 -9.265053 -9.141177 -9.315095 -9.264436 -9.314141 -9.311474 -9.264673
4 -2.514046 -2.477647 -2.307865 -2.318803 -2.364285 -2.306094 -2.450997
5 -9.548742 -9.551385 -9.094432 -9.606950 -9.566707 -9.624867 -9.507053
6 -9.846790 -9.890248 -9.859121 -9.857515 -9.899649 -9.841660 -9.330834
7 -6.455166 -6.453375 -6.452021 -6.476542 -6.458034 -6.463527 -6.461232
480           0         1         2         3         4         5         6
0 -6.805075 -6.823157 -6.804425 -6.815746 -6.817726 -6.806374 -6.819724
1 -9.273478 -9.221391 -9.273342 -9.313568 -9.213669 -9.262803 -9.220552
2 -9.599648 -9.583029 -9.586367 -9.610319 -9.585020 -9.552380 -9.262875
3 -9.383492 -9.383331 -9.256564 -9.398289 -9.384970 -9.386351 -9.410311
4 -2.514046 -2.477647 -2.307865 -2.318803 -2.364285 -2.306094 -2.450997
5 -9.484457 -9.518881 -9.263946 -9.578608 -9.566707 -9.603441 -9.489316
6 -9.813698 -9.869132 -9.829772 -9.843412 -9.821943 -9.819723 -9.597614
7 -6.506723 -6.509123 -6.487228 -6.504061 -6.484571 -6.510770 -6.506525
500           0         1         2         3         4         5         6
0 -6.908435 -6.940938 -6.881386 -6.971102 -6.938811 -6.817284 -6.692059
1 -9.254350 -9.203399 -9.165185 -9.195361 -9.270635 -9.320722 -8.948086
2 -9.506795 -9.313316 -9.483367 -9.513973 -9.517171 -9.522826 -9.545766
3 -9.324831 -9.336550 -9.299607 -9.229733 -9.357721 -9.396484 -8.743948
4 -2.514046 -2.718724 -2.717692 -2.573066 -2.847039 -2.771986 -2.698916
5 -9.362659 -9.528302 -9.471023 -9.471588 -9.546711 -9.559037 -9.458919
6 -9.656224 -9.770848 -9.664120 -9.761761 -9.784593 -9.677160 -8.774295
7 -6.531249 -6.541564 -6.541067 -6.544614 -6.531016 -6.543616 -6.529465
520           0         1         2         3         4         5         6
0 -6.788512 -6.917918 -6.891429 -6.961585 -6.885469 -6.894992 -6.311471
1 -9.179595 -9.134730 -9.187802 -9.194948 -9.198996 -9.178858 -8.924534
2 -9.522065 -9.530850 -9.531954 -9.529614 -9.538350 -9.533968 -9.529843
3 -9.375327 -9.372710 -9.371586 -9.373948 -9.248995 -9.373115 -9.371908
4 -2.739426 -2.718724 -2.717692 -2.573066 -2.847039 -2.771986 -2.698916
5 -9.397224 -9.499823 -9.409980 -9.387003 -9.510267 -9.520791 -9.385710
6 -9.637914 -9.692616 -9.628423 -9.716885 -9.466174 -9.600097 -9.600120
7 -6.565593 -6.564271 -6.561054 -6.566985 -6.562580 -6.559726 -6.562778
560           0         1         2         3         4         5         6
0 -6.331984 -6.667929 -6.977366 -6.787016 -6.695631 -6.923748 -6.496351
1 -9.316106 -9.240555 -9.412720 -9.244993 -9.297203 -9.254404 -9.251896
2 -9.512200 -9.467724 -9.509929 -9.444142 -9.493367 -9.470957 -9.522148
3 -9.322018 -9.313835 -9.126737 -9.121395 -9.348219 -9.119049 -9.211463
4 -2.975811 -3.177552 -3.154027 -3.018551 -3.068522 -3.005564 -3.126461
5 -9.655637 -9.665770 -9.654955 -9.631454 -9.438463 -9.665317 -9.655025
6 -9.519152 -9.934882 -9.935161 -9.902961 -9.926463 -9.933650 -9.888305
7 -6.642128 -6.645913 -6.639455 -6.636764 -6.636957 -6.647398 -6.635334
580           0         1         2         3         4         5         6
0 -6.645778 -6.710097 -6.945222 -6.498446 -6.654845 -6.824749 -6.657529
1 -9.374494 -9.389682 -9.385312 -9.308571 -9.373435 -9.375143 -9.386702
2 -9.583590 -9.593316 -9.596822 -9.466739 -9.588254 -9.590004 -9.605022
3 -9.275826 -8.800383 -9.271160 -9.206599 -9.300918 -9.280907 -9.271716
4 -3.138023 -3.177552 -3.154027 -3.224849 -3.277004 -3.222610 -3.320991
5 -9.576583 -9.625487 -9.638259 -9.578248 -9.272786 -9.633041 -9.655025
6 -9.616571 -9.758875 -9.898810 -9.858428 -9.837437 -9.860009 -9.808866
7 -6.658174 -6.660442 -6.654638 -6.557195 -6.650393 -6.665864 -6.662290
600           0         1         2         3         4         5         6
0 -6.376975 -6.508335 -6.839304 -5.965224 -6.606115 -6.638747 -6.500930
1 -8.836807 -8.807570 -8.820621 -8.881261 -9.036500 -9.009264 -8.800985
2 -9.558409 -9.526565 -9.565762 -9.577755 -9.566750 -9.571722 -9.581138
3 -9.291875 -9.293372 -9.088054 -9.288692 -9.291299 -9.292956 -9.285562
4 -3.272468 -3.334416 -3.343198 -3.224849 -3.458535 -3.222610 -3.320991
5 -9.580350 -8.780949 -9.579169 -9.549732 -9.589133 -9.303269 -9.654495
6 -9.332505 -9.764916 -9.874113 -9.849719 -9.802333 -9.820829 -9.795911
7 -6.680263 -6.680513 -6.699312 -6.675597 -6.658796 -6.569742 -6.685523
620           0         1         2         3         4         5         6
0 -6.921240 -6.945256 -6.991338 -6.950856 -6.947515 -6.951968 -6.950033
1 -9.570235 -9.565220 -9.569691 -9.569091 -9.564955 -9.566525 -9.574073
2 -9.658289 -9.659121 -9.658224 -9.646416 -9.660716 -9.661335 -9.658237
3 -9.213043 -9.427923 -9.426341 -9.426609 -9.427423 -9.427331 -9.428383
4 -3.272468 -3.334416 -3.343198 -3.224849 -3.458535 -3.222610 -3.320991
5 -9.554314 -9.436636 -9.530006 -9.549732 -9.558831 -9.444381 -9.563346
6 -9.493219 -9.764916 -9.785110 -9.825024 -9.774205 -9.748464 -9.750943
7 -6.732983 -6.703317 -6.699312 -6.690457 -6.698679 -6.712727 -6.714843
640           0         1         2         3         4         5         6
0 -6.869777 -6.956999 -6.933419 -6.805714 -6.910826 -6.927370 -6.930686
1 -9.132357 -9.132222 -9.132246 -9.146761 -9.133897 -9.132385 -9.132422
2 -9.696063 -9.677936 -9.686748 -9.606756 -9.460350 -9.706016 -9.699170
3 -9.438737 -9.441672 -9.440823 -9.437153 -9.444206 -9.434739 -9.289641
4 -3.474245 -3.334416 -3.343198 -3.422557 -3.458535 -3.431544 -3.320991
5 -9.551934 -9.392691 -9.519446 -9.526583 -9.541194 -9.432129 -9.553609
6 -9.506377 -9.550964 -9.774244 -9.802672 -9.765003 -9.740672 -9.750128
7 -6.732983 -6.717084 -6.728902 -6.608965 -6.723623 -6.712727 -6.714843
660           0         1         2         3         4         5         6
0 -6.352381 -7.104767 -7.113924 -7.084312 -7.062989 -7.046351 -7.067931
1 -9.321314 -9.314259 -9.368297 -9.150642 -9.260562 -9.363417 -8.896431
2 -9.672464 -9.658831 -9.674109 -9.674690 -9.673788 -9.673510 -9.674428
3 -9.452142 -9.457075 -9.368383 -9.371671 -9.447567 -9.246626 -9.454749
4 -3.474245 -3.334416 -3.343198 -3.422557 -3.458535 -3.431544 -3.320991
5 -9.418378 -9.681485 -9.686211 -9.727770 -9.692598 -9.679385 -9.681176
6 -9.936143 -9.936972 -9.928882 -9.796512 -9.944854 -9.932362 -9.949393
7 -6.760263 -6.752825 -6.753662 -6.613556 -6.750739 -6.760633 -6.759535
680           0         1         2         3         4         5         6
0 -6.708120 -7.079086 -7.069452 -6.970380 -6.899406 -6.890633 -6.121116
1 -9.111137 -9.353901 -9.375683 -9.371387 -9.358348 -9.331226 -9.365720
2 -9.581270 -9.583176 -9.577991 -9.558949 -9.578987 -9.580290 -9.578815
3 -9.348653 -9.386608 -9.342370 -9.207490 -9.335575 -9.358093 -9.400203
4 -3.474245 -3.334416 -3.343198 -3.422557 -3.458535 -3.431544 -3.502847
5 -9.305703 -9.644622 -9.592471 -9.716319 -9.643677 -9.506657 -9.609022
6 -9.594347 -9.882890 -9.832025 -9.899448 -9.881324 -9.723712 -9.879096
7 -6.760263 -6.752825 -6.753662 -6.680049 -6.750510 -6.760633 -6.763031
700           0         1         2         3         4         5         6
0 -6.780842 -6.788880 -6.954768 -6.849692 -6.517750 -6.610334 -6.113612
1 -8.934444 -8.940673 -8.841580 -8.955312 -8.911266 -8.832682 -8.912382
2 -9.589014 -9.577813 -9.579929 -9.606605 -9.315361 -9.600120 -9.622480
3 -9.364117 -8.937518 -9.369117 -9.352689 -9.362846 -9.354070 -9.379768
4 -3.474245 -3.481277 -3.343198 -3.422557 -3.458535 -3.431544 -3.502847
5 -9.673191 -9.042984 -9.727527 -9.710995 -9.718040 -9.713229 -9.738835
6 -9.376038 -9.920309 -9.941784 -9.941137 -9.946218 -9.984177 -9.945688
7 -6.767483 -6.763074 -6.776422 -6.788619 -6.764862 -6.774292 -6.653381
720           0         1         2         3         4         5         6
0 -6.886521 -6.959985 -6.952904 -6.955709 -6.966181 -6.950620 -6.966960
1 -9.508154 -9.507747 -9.508701 -9.510606 -9.510837 -9.514739 -9.509376
2 -9.602303 -9.601520 -9.595325 -9.603263 -9.549544 -9.601473 -9.597381
3 -9.443319 -9.444159 -9.443149 -9.441501 -9.323727 -9.442393 -9.442264
4 -3.474245 -3.481277 -3.511214 -3.596967 -3.458535 -3.431544 -3.502847
5 -9.606278 -9.427793 -9.709242 -9.652167 -9.675125 -9.681640 -9.738835
6 -9.398679 -9.750622 -9.866862 -9.876966 -9.902901 -9.907410 -9.910316
7 -6.767483 -6.762809 -6.792199 -6.788619 -6.772697 -6.779894 -6.767898
740           0         1         2         3         4         5         6
0 -6.993179 -7.029810 -6.903290 -6.929521 -6.974722 -6.750229 -6.594883
1 -9.117519 -9.105197 -9.102353 -9.110260 -9.103716 -9.004288 -9.114184
2 -9.519039 -9.369323 -9.532496 -9.553663 -9.550311 -9.487534 -9.419541
3 -9.453242 -9.260749 -9.481820 -9.473481 -9.458818 -9.459774 -9.458381
4 -3.474245 -3.481277 -3.511214 -3.596967 -3.458535 -3.431544 -3.502847
5 -9.573342 -8.720291 -9.603202 -9.652167 -9.638070 -9.652663 -9.706533
6 -9.344227 -9.702510 -9.842786 -9.867164 -9.761085 -9.907410 -9.910316
7 -6.797972 -6.796917 -6.774711 -6.805786 -6.796911 -6.798251 -6.804700
760           0         1         2         3         4         5         6
0 -6.669904 -6.999146 -6.942513 -6.936703 -6.781781 -6.914117 -6.912908
1 -9.376978 -9.122146 -9.338344 -9.196946 -9.057068 -9.197501 -9.053618
2 -9.311242 -9.508267 -9.520064 -9.523894 -9.512628 -9.518688 -9.521929
3 -9.435511 -9.429468 -9.441502 -9.276451 -9.437206 -9.465189 -9.435993
4 -3.474245 -3.481277 -3.511214 -3.596967 -3.458535 -3.619686 -3.502847
5 -9.528061 -9.086086 -9.580589 -9.452543 -9.576137 -9.574761 -9.680732
6 -9.239435 -9.672474 -9.787182 -9.867164 -9.715104 -9.812063 -9.855396
7 -6.807621 -6.800810 -6.787437 -6.816543 -6.818085 -6.802700 -6.804700
780           0         1         2         3         4         5         6
0 -6.947234 -7.008212 -6.862610 -6.948311 -6.932969 -6.929468 -6.529529
1 -9.393137 -9.431051 -9.470489 -9.476817 -9.452198 -9.365744 -8.986984
2 -9.580920 -9.578744 -9.580503 -9.580562 -9.583008 -9.580920 -9.579331
3 -9.411054 -9.227924 -9.433402 -9.419283 -9.411027 -9.454562 -8.827874
4 -3.644176 -3.755603 -3.707439 -3.771774 -3.638542 -3.619686 -3.658580
5 -9.539449 -9.544206 -9.539009 -9.553200 -9.441546 -9.539199 -9.631477
6 -9.640914 -9.668193 -9.464233 -9.772230 -9.651470 -9.735290 -9.622142
7 -6.829268 -6.836050 -6.830778 -6.837241 -6.820685 -6.806133 -6.822356
800           0         1         2         3         4         5         6
0 -6.848656 -6.940131 -6.839426 -6.886541 -6.949897 -6.959448 -6.818700
1 -9.456644 -9.473546 -9.448070 -9.438359 -9.435969 -9.441062 -9.465327
2 -9.641975 -9.645886 -9.645737 -9.643768 -9.645259 -9.648236 -9.650466
3 -9.339403 -9.334130 -9.355164 -9.353615 -9.151895 -9.397549 -9.326830
4 -3.644176 -3.755603 -3.707439 -3.771774 -3.638542 -3.619686 -3.658580
5 -9.599771 -9.570753 -9.578467 -9.570643 -9.576535 -9.566031 -9.414201
6 -9.753644 -9.741195 -9.717481 -9.630881 -9.764213 -9.408131 -9.747973
7 -6.849688 -6.842980 -6.860794 -6.851861 -6.858554 -6.851946 -6.856103
820           0         1         2         3         4         5         6
0 -6.865217 -6.944167 -6.863571 -6.912113 -6.966658 -6.948643 -6.142866
1 -8.901864 -9.172083 -9.135730 -9.144658 -9.149069 -9.237690 -9.162281
2 -9.694742 -9.693510 -9.692174 -9.708667 -9.699952 -9.696796 -9.693397
3 -9.374260 -9.349875 -9.383226 -9.268811 -9.376843 -9.360344 -9.379220
4 -3.832686 -3.755603 -3.898116 -3.771774 -3.807661 -3.796993 -3.830308
5 -9.684221 -9.674520 -9.671521 -9.667705 -9.674289 -9.678708 -9.673064
6 -9.940991 -9.942237 -9.932481 -9.940713 -9.798577 -9.940795 -9.934901
7 -6.860882 -6.861605 -6.860794 -6.859412 -6.759140 -6.859022 -6.860329
840            0          1          2          3          4         5          6
0  -6.726052  -6.951060  -6.872070  -6.912113  -6.965503 -6.683114  -6.448770
1  -9.291364  -9.244823  -9.321545  -9.270103  -9.125589 -9.243219  -9.250788
2  -9.544576  -9.738933  -9.756207  -9.749614  -9.753604 -9.762711  -9.759877
3  -9.385307  -9.384127  -9.387386  -9.383664  -9.382621 -9.384630  -9.267140
4  -4.017212  -3.913622  -3.898116  -4.130103  -3.995013 -3.975044  -4.009486
5  -9.592820 -10.090470  -9.987456 -10.006392 -10.097531 -9.983879 -10.116915
6 -10.481913 -10.423090 -10.509296 -10.349906 -10.398103 -9.220719 -10.324930
7  -6.860882  -6.863367  -6.860794  -6.859412  -6.755862 -6.860401  -6.849067
860            0          1          2          3          4         5         6
0  -6.650338  -6.953158  -6.869491  -6.918530  -6.988188 -6.728937 -6.418749
1  -9.374397  -9.375423  -9.346079  -9.349157  -9.333137 -9.333121 -9.331871
2  -9.620222  -9.617288  -9.590226  -9.668189  -9.413954 -9.630849 -9.615332
3  -9.349828  -9.350629  -9.254302  -9.169112  -9.337469 -9.333668 -9.334462
4  -4.186650  -4.245629  -4.226166  -4.303238  -4.310061 -4.306297 -4.196959
5  -9.438031  -9.858186  -9.693404  -9.834213  -9.946774 -9.734840 -9.709511
6 -10.204463 -10.088661 -10.056234 -10.045729 -10.004104 -9.486104 -9.964381
7  -6.861414  -6.863367  -6.869907  -6.861544  -6.865375 -6.870286 -6.861012
880           0          1          2          3          4          5          6
0 -6.366489  -6.929516  -6.895024  -6.523279  -6.836398  -6.628054  -5.990446
1 -9.148186  -9.263797  -9.277369  -9.318825  -9.277120  -9.271062  -9.264432
2 -9.626480  -9.645953  -9.640678  -9.640908  -9.647527  -9.656323  -9.247196
3 -9.341786  -9.350967  -9.351374  -9.346358  -9.351886  -8.792189  -9.350527
4 -4.500342  -4.527196  -4.512226  -4.440617  -4.433447  -4.645046  -4.456651
5 -9.741784  -9.743453  -9.761321  -9.692793  -9.822474  -9.524269  -9.733628
6 -9.532312 -10.004352 -10.017846 -10.007510 -10.038410 -10.025106 -10.019683
7 -6.861414  -6.863367  -6.869907  -6.862179  -6.865375  -6.870286  -6.799538
