0           0         1         2         3         4         5         6   \
0   0.597026  0.967491  0.176166  0.620836  0.700788  0.133782  0.128026   
1   0.844891  0.523663  0.589769  0.578096  0.999882  0.132491  0.721216   
2   0.930114  0.601273  0.521241  0.469508  0.225144  0.245854  0.298862   
3   0.821820  0.107328  0.813558  0.750158  0.219541  0.494183  0.480027   
4   0.295839  0.389154  0.005718  0.006869  0.528392  0.510423  0.133599   
5   0.726767  0.950067  0.868703  0.601336  0.930083  0.509092  0.481025   
6   0.145120  0.487497  0.178162  0.431208  0.933948  0.463512  0.885196   
7   0.319639  0.799673  0.048236  0.125670  0.969622  0.165944  0.046967   
8   0.296984  0.732719  0.399456  0.566759  0.349594  0.318299  0.557832   
9   0.662782  0.444450  0.611039  0.503812  0.894404  0.711354  0.446821   
10  0.203086  0.558578  0.744364  0.693650  0.473331  0.441331  0.367471   
11  0.589747  0.818352  0.363169  0.916066  0.816114  0.435055  0.197098   

          7         8         9         10        11        12        13  \
0   0.787307  0.580048  0.372117  0.544097  0.865942  0.841965  0.164284   
1   0.885407  0.052925  0.447682  0.665417  0.302772  0.280614  0.790342   
2   0.465916  0.916984  0.497949  0.591274  0.401753  0.515925  0.937234   
3   0.141129  0.726021  0.577837  0.407403  0.838311  0.577025  0.601239   
4   0.726294  0.267990  0.749200  0.298872  0.751571  0.216899  0.447237   
5   0.984800  0.948416  0.509041  0.532733  0.551844  0.693407  0.428216   
6   0.624137  0.258537  0.773674  0.714640  0.663786  0.333501  0.601621   
7   0.384520  0.707478  0.564798  0.239953  0.787048  0.821276  0.668059   
8   0.615412  0.788348  0.533336  0.617890  0.916758  0.394737  0.795690   
9   0.073926  0.873204  0.662175  0.211391  0.031100  0.383295  0.462595   
10  0.357735  0.107907  0.272617  0.740003  0.957410  0.877132  0.302274   
11  0.512340  0.113805  0.979481  0.980464  0.367409  0.097623  0.264988   

          14        15  
0   0.349283  0.499256  
1   0.948866  0.923920  
2   0.298255  0.102074  
3   0.571633  0.194849  
4   0.863431  0.077028  
5   0.629073  0.153713  
6   0.709753  0.169536  
7   0.368650  0.780987  
8   0.677133  0.351074  
9   0.919696  0.305205  
10  0.132310  0.710026  
11  0.567672  0.132356  
0           0         1         2         3         4         5         6   \
0   0.297907  0.350974  0.437901  0.681490  0.695137  0.557891  0.681040   
1   0.076151  0.218561  0.316625  0.154782  0.891194  0.515164  0.342400   
2   0.346129  0.884458  0.096584  0.369833  0.423913  0.841633  0.649448   
3   0.831629  0.894332  0.333979  0.335139  0.086219  0.935393  0.073771   
4   0.884258  0.370787  0.485492  0.815364  0.429697  0.650775  0.455382   
5   0.917578  0.145817  0.036858  0.093608  0.078065  0.820239  0.327769   
6   0.877908  0.785211  0.774142  0.841607  0.943281  0.815966  0.576599   
7   0.989330  0.454455  0.918403  0.118750  0.048535  0.175673  0.661471   
8   0.830976  0.009413  0.290678  0.331242  0.761822  0.835410  0.184639   
9   0.963950  0.617357  0.895332  0.503729  0.410532  0.373150  0.030182   
10  0.922054  0.264045  0.264887  0.929336  0.086534  0.991181  0.200731   
11  0.823968  0.024498  0.405829  0.741200  0.249989  0.939896  0.613891   

          7         8         9         10        11        12        13  \
0   0.697449  0.315239  0.439002  0.844881  0.406471  0.610248  0.784707   
1   0.516389  0.702749  0.230519  0.464878  0.128308  0.553707  0.552158   
2   0.953609  0.074403  0.371622  0.400022  0.158307  0.938151  0.562370   
3   0.524157  0.817037  0.630759  0.824681  0.912026  0.763130  0.019430   
4   0.283728  0.026980  0.122752  0.322778  0.510477  0.021683  0.866367   
5   0.912288  0.067490  0.520624  0.621095  0.905949  0.303244  0.905190   
6   0.849427  0.084539  0.800276  0.432835  0.619401  0.648374  0.908933   
7   0.592167  0.071100  0.274830  0.710676  0.426403  0.790116  0.925008   
8   0.684415  0.274245  0.156269  0.279368  0.885262  0.916400  0.904102   
9   0.312531  0.452367  0.514833  0.714871  0.780300  0.544662  0.856772   
10  0.168323  0.639238  0.986783  0.871207  0.074984  0.784037  0.774246   
11  0.209769  0.288257  0.147379  0.732263  0.893138  0.478191  0.387568   

          14  
0   0.357074  
1   0.849029  
2   0.325353  
3   0.455459  
4   0.617272  
5   0.133433  
6   0.706132  
7   0.177903  
8   0.956460  
9   0.847855  
10  0.983808  
11  0.611575  
0           0         1         2         3         4         5         6   \
0   0.657232  0.464656  0.825166  0.547801  0.901328  0.487500  0.692070   
1   0.347137  0.742019  0.773631  0.297631  0.049467  0.074234  0.238728   
2   0.719965  0.827063  0.933127  0.789935  0.318974  0.950271  0.128789   
3   0.334230  0.565519  0.584295  0.817870  0.443741  0.269706  0.277439   
4   0.655048  0.232040  0.811507  0.547637  0.251340  0.955818  0.911542   
5   0.409088  0.022678  0.421206  0.306115  0.719460  0.519311  0.256432   
6   0.482104  0.432727  0.876712  0.138129  0.067133  0.663308  0.240656   
7   0.453908  0.325427  0.359498  0.572680  0.760253  0.081241  0.539979   
8   0.305746  0.325674  0.226154  0.930107  0.052578  0.348840  0.692849   
9   0.050487  0.528125  0.940175  0.578934  0.302188  0.792549  0.504623   
10  0.203658  0.226432  0.510414  0.877053  0.692195  0.829912  0.803385   
11  0.082514  0.043036  0.514905  0.737551  0.956222  0.166580  0.715732   

          7         8         9         10        11        12        13  \
0   0.016088  0.424433  0.409867  0.415554  0.762560  0.354702  0.966534   
1   0.405338  0.490593  0.888586  0.495355  0.137524  0.520042  0.236868   
2   0.091676  0.217442  0.285201  0.492835  0.152311  0.601543  0.421331   
3   0.039632  0.839576  0.549551  0.798802  0.206128  0.033472  0.584651   
4   0.460733  0.643379  0.865512  0.709063  0.049336  0.797815  0.908803   
5   0.313431  0.763309  0.464009  0.102775  0.143345  0.885399  0.673319   
6   0.240861  0.576511  0.517766  0.857736  0.081720  0.523644  0.494138   
7   0.644174  0.359681  0.457531  0.070148  0.582406  0.583516  0.720325   
8   0.823711  0.074871  0.909091  0.523742  0.477843  0.334944  0.643812   
9   0.091915  0.128832  0.147276  0.557064  0.374811  0.191174  0.952441   
10  0.322020  0.589547  0.323693  0.072747  0.916721  0.422232  0.187743   
11  0.826490  0.043844  0.776649  0.522167  0.115411  0.029130  0.020439   

          14  
0   0.688497  
1   0.952553  
2   0.487112  
3   0.443578  
4   0.143609  
5   0.811342  
6   0.300547  
7   0.247258  
8   0.972437  
9   0.837391  
10  0.516191  
11  0.572707  
0           0         1         2         3         4         5         6   \
0   0.351362  0.177472  0.009781  0.536992  0.143260  0.866907  0.771804   
1   0.003769  0.716613  0.413533  0.328343  0.993757  0.665885  0.179777   
2   0.538611  0.602188  0.043075  0.612106  0.707743  0.956729  0.357620   
3   0.195303  0.834241  0.146804  0.625026  0.598395  0.508907  0.608837   
4   0.733327  0.137856  0.292451  0.360554  0.667622  0.824473  0.011621   
5   0.184697  0.227446  0.611393  0.130565  0.617541  0.108758  0.719931   
6   0.443785  0.207983  0.605184  0.824564  0.309943  0.189595  0.994102   
7   0.937474  0.290680  0.884653  0.777731  0.943018  0.426461  0.729002   
8   0.544572  0.078628  0.666422  0.275319  0.285161  0.479338  0.012178   
9   0.659876  0.914194  0.646615  0.285239  0.392140  0.380830  0.571241   
10  0.300701  0.363424  0.419890  0.487238  0.862655  0.787786  0.778799   
11  0.293568  0.373005  0.488274  0.308729  0.194889  0.788654  0.074923   

          7         8         9         10        11        12        13  \
0   0.287517  0.796278  0.796704  0.173616  0.534761  0.425460  0.041049   
1   0.494386  0.450079  0.794724  0.488501  0.625166  0.321802  0.764425   
2   0.597688  0.391576  0.368934  0.276745  0.867164  0.794580  0.376858   
3   0.621931  0.944413  0.558643  0.723370  0.024123  0.642152  0.028784   
4   0.261062  0.118706  0.271710  0.390719  0.550676  0.183819  0.044767   
5   0.946633  0.953059  0.711231  0.296274  0.222398  0.383010  0.258785   
6   0.091421  0.615713  0.211997  0.132711  0.060307  0.433828  0.663255   
7   0.701968  0.546056  0.028924  0.657790  0.468934  0.130207  0.684426   
8   0.487934  0.346678  0.976950  0.493857  0.409337  0.835026  0.515656   
9   0.730149  0.862343  0.581329  0.004411  0.866407  0.864888  0.486144   
10  0.412886  0.649085  0.292923  0.629363  0.797413  0.151867  0.861174   
11  0.311047  0.571026  0.281747  0.446046  0.407584  0.832743  0.196200   

          14  
0   0.125225  
1   0.629989  
2   0.929821  
3   0.064500  
4   0.142225  
5   0.571136  
6   0.743877  
7   0.988559  
8   0.199303  
9   0.167738  
10  0.838322  
11  0.584921  
0           0         1         2         3         4         5         6   \
0   0.209854  0.176347  0.225522  0.978079  0.385672  0.776106  0.802376   
1   0.538689  0.948916  0.952621  0.193694  0.180200  0.587868  0.528370   
2   0.879639  0.548689  0.119608  0.167769  0.196052  0.536178  0.036963   
3   0.691549  0.261085  0.854564  0.656322  0.030108  0.772399  0.691346   
4   0.843315  0.183315  0.123420  0.824476  0.290277  0.379417  0.447778   
5   0.693177  0.161659  0.488643  0.625705  0.273475  0.576357  0.080412   
6   0.137026  0.562049  0.331185  0.535412  0.936249  0.033895  0.637117   
7   0.611543  0.965688  0.617117  0.231100  0.838936  0.852773  0.914955   
8   0.988775  0.773565  0.550157  0.586555  0.222027  0.390595  0.063095   
9   0.477772  0.210112  0.890802  0.605637  0.647285  0.957550  0.446515   
10  0.313232  0.667493  0.727189  0.767472  0.507438  0.343078  0.204847   
11  0.758342  0.889229  0.371158  0.042313  0.205364  0.372237  0.709100   

          7         8         9         10        11        12        13  \
0   0.725548  0.981958  0.430585  0.471015  0.626503  0.483369  0.830116   
1   0.400459  0.739069  0.466578  0.388289  0.107459  0.012546  0.682282   
2   0.030743  0.171893  0.936032  0.765910  0.437532  0.386854  0.982618   
3   0.387754  0.782391  0.410557  0.375923  0.133025  0.360920  0.762990   
4   0.768222  0.869143  0.691463  0.017140  0.481170  0.359792  0.276615   
5   0.168044  0.173641  0.349523  0.068858  0.436705  0.115010  0.476386   
6   0.061560  0.047437  0.517594  0.678059  0.676322  0.695723  0.231093   
7   0.764873  0.539708  0.937332  0.731304  0.859697  0.790421  0.054215   
8   0.404683  0.811426  0.428743  0.138030  0.512291  0.513909  0.230442   
9   0.144148  0.468393  0.523090  0.521662  0.345628  0.290514  0.723863   
10  0.449330  0.487581  0.689172  0.655023  0.922927  0.746489  0.213381   
11  0.867786  0.869694  0.008130  0.291771  0.847906  0.930034  0.052616   

          14  
0   0.156780  
1   0.159026  
2   0.035567  
3   0.449943  
4   0.404521  
5   0.999796  
6   0.723257  
7   0.487676  
8   0.848704  
9   0.300826  
10  0.692955  
11  0.878879  
0           0         1         2         3         4         5         6   \
0   0.865526  0.481705  0.453824  0.595111  0.590557  0.094291  0.810385   
1   0.684550  0.377791  0.483853  0.311289  0.036352  0.375235  0.669827   
2   0.683944  0.785724  0.055170  0.702658  0.174491  0.564860  0.643363   
3   0.439137  0.427782  0.590267  0.849034  0.779091  0.506955  0.039744   
4   0.994032  0.644913  0.257631  0.245220  0.673468  0.305825  0.551051   
5   0.039079  0.337903  0.181155  0.760030  0.416597  0.616363  0.461310   
6   0.843159  0.010015  0.820625  0.495108  0.023164  0.056644  0.473231   
7   0.078324  0.670183  0.760077  0.703785  0.099407  0.813458  0.553656   
8   0.194612  0.444614  0.204908  0.015442  0.702143  0.355116  0.638584   
9   0.516529  0.658161  0.392573  0.229265  0.253500  0.264724  0.862131   
10  0.577446  0.412989  0.990912  0.775219  0.853820  0.455371  0.940325   
11  0.267587  0.206521  0.854400  0.476497  0.644932  0.955314  0.134476   

          7         8         9         10        11        12        13  \
0   0.779989  0.296854  0.974945  0.797320  0.435486  0.166144  0.293846   
1   0.357640  0.960188  0.260512  0.382434  0.806242  0.487559  0.716446   
2   0.479394  0.104774  0.113189  0.859214  0.016608  0.520347  0.157892   
3   0.840314  0.247414  0.515655  0.344739  0.308816  0.161252  0.193235   
4   0.712374  0.776841  0.736121  0.085046  0.836065  0.905061  0.734120   
5   0.449854  0.856391  0.044540  0.480306  0.545834  0.471226  0.990954   
6   0.286420  0.406898  0.933340  0.572524  0.515668  0.966133  0.389401   
7   0.652724  0.506653  0.215419  0.914864  0.158911  0.721540  0.466985   
8   0.358851  0.063124  0.397113  0.914499  0.231425  0.908963  0.382675   
9   0.271089  0.188993  0.789629  0.124453  0.600518  0.359590  0.153368   
10  0.614680  0.183161  0.692134  0.096041  0.072456  0.427699  0.927066   
11  0.541434  0.735808  0.950596  0.642161  0.434399  0.252716  0.410921   

          14  
0   0.927085  
1   0.365435  
2   0.415564  
3   0.870520  
4   0.231072  
5   0.493569  
6   0.453662  
7   0.128398  
8   0.390123  
9   0.018705  
10  0.981363  
11  0.455280  
0           0         1         2         3         4         5         6   \
0   0.265884  0.113759  0.584107  0.519480  0.610923  0.541604  0.225239   
1   0.477151  0.834750  0.218397  0.570859  0.982378  0.094597  0.992503   
2   0.156067  0.619528  0.941722  0.369466  0.901402  0.149924  0.145068   
3   0.068754  0.217022  0.468942  0.933474  0.555528  0.289164  0.866894   
4   0.907323  0.245459  0.681134  0.999719  0.992556  0.199043  0.180066   
5   0.304689  0.408365  0.526726  0.621990  0.516069  0.103719  0.252711   
6   0.190434  0.579580  0.580278  0.530439  0.986985  0.955213  0.792955   
7   0.404946  0.470117  0.917810  0.490234  0.956072  0.092436  0.106617   
8   0.964425  0.611650  0.186255  0.257520  0.171884  0.393357  0.028066   
9   0.931604  0.033683  0.952195  0.462119  0.730452  0.535172  0.560582   
10  0.455764  0.490332  0.358612  0.546132  0.890871  0.263686  0.712043   
11  0.616657  0.900163  0.178631  0.331357  0.633437  0.075131  0.804077   

          7         8         9         10        11        12        13  \
0   0.935007  0.438319  0.709450  0.379303  0.461579  0.008499  0.346683   
1   0.771286  0.740151  0.192908  0.157661  0.912527  0.990904  0.126645   
2   0.832660  0.693376  0.902230  0.862594  0.545787  0.573882  0.809545   
3   0.473399  0.516866  0.037298  0.920951  0.406889  0.546553  0.935159   
4   0.547422  0.785937  0.443456  0.969558  0.458410  0.120569  0.460668   
5   0.303290  0.045033  0.593052  0.170845  0.897083  0.116712  0.540348   
6   0.237141  0.313983  0.999407  0.183758  0.326385  0.074000  0.282330   
7   0.725279  0.211176  0.504151  0.796265  0.881913  0.059027  0.090132   
8   0.160637  0.175892  0.591710  0.093062  0.238383  0.300304  0.685678   
9   0.581876  0.914516  0.782001  0.853520  0.977683  0.887008  0.515668   
10  0.657571  0.504514  0.567642  0.920776  0.748896  0.665613  0.817119   
11  0.324210  0.961901  0.275005  0.697554  0.512445  0.383298  0.660657   

          14  
0   0.460982  
1   0.694836  
2   0.716368  
3   0.292133  
4   0.365551  
5   0.678623  
6   0.670574  
7   0.092212  
8   0.609900  
9   0.744733  
10  0.514546  
11  0.203437  
