0      0       1    2    3     4       5       6       7
0  0.0  0.0000  0.0  0.0  0.00  0.0000  0.0711  0.7900
1  0.0  0.0000  0.0  0.0  0.00  0.0000  0.0000  0.0000
2  0.0  0.0000  0.0  0.0  0.00  0.0000  0.0000  0.0000
3  0.0  0.0000  0.0  0.0  0.00  0.0000  0.0000  0.0000
4  0.0  0.0000  0.0  0.0  0.00  0.0000  0.0000  0.0000
5  0.0  0.0000  0.0  0.0  0.00  0.0000  0.0000  0.0000
6  0.0  1.0000  0.0  0.9  0.00  0.0000  0.0000  1.1981
7  0.0  0.5981  0.0  0.0  1.09  0.2981  1.0711  0.0000
8  0.0  0.0000  0.0  0.0  0.00  0.0000  0.0000  0.0000
20           0         1         2         3         4         5         6  \
0  4.996506  0.408773  3.887315  0.925613  1.894799  2.840408  1.259416   
1  0.000000  0.000000  0.000000  0.000000  0.000000  0.000000  0.000000   
2  0.000000  0.000000  0.000000  0.000000  0.000000  0.000000  0.000000   
3  4.344246  5.406254  3.283185  5.395914  5.953741  1.708884  0.941921   
4  5.803465  7.090566  5.621513  5.682937  3.044252  4.123866  3.332903   
5  0.000000  0.000000  0.119700  0.755370  0.463000  0.163000  0.000000   
6  5.393148  6.828090  2.963383  6.417341  2.818402  6.487063  3.908494   
7  6.102216  3.890275  3.886688  1.719259  4.078559  3.776098  4.050662   
8  0.000000  0.000000  0.000000  1.208610  0.000000  0.000000  0.000000   

          7  
0  3.407730  
1  0.000000  
2  0.000000  
3  3.076897  
4  4.370802  
5  0.700000  
6  5.635500  
7  7.308512  
8  0.000000  
0        0    1         2    3    4         5    6       7
0  0.881  0.0  1.091000  0.0  0.0  0.877561  0.0  0.0000
1  0.000  0.0  0.000000  0.0  0.0  0.000000  0.0  0.0000
2  0.000  0.0  0.000000  0.0  0.0  0.000000  0.0  0.0000
3  0.000  0.0  0.000000  0.0  0.0  0.000000  0.0  0.0000
4  0.000  0.0  0.000000  0.0  0.0  0.000000  0.0  0.0000
5  0.000  0.0  0.000000  0.0  0.0  0.000000  0.0  0.0000
6  0.000  0.0  0.477561  0.9  0.0  0.000000  0.0  1.9729
7  0.000  0.0  0.000000  0.0  0.0  0.000000  0.0  0.0000
8  0.000  0.0  0.000000  0.0  0.0  0.000000  0.0  0.0000
20           0         1         2         3         4         5         6  \
0  2.267687  2.429722  3.032430  4.112459  0.942396  3.647354  2.378225   
1  0.000000  0.000000  0.000000  0.000000  0.000000  0.000000  0.000000   
2  0.000000  0.000000  0.000000  0.000000  0.000000  0.000000  0.000000   
3  7.564828  2.031332  3.569243  3.211673  4.616609  2.610910  2.557014   
4  0.970695  4.240617  4.162964  3.657394  6.265585  2.968576  2.795683   
5  0.400000  0.000000  0.000000  0.856984  0.000000  0.000000  0.000000   
6  7.862644  7.448954  6.037368  6.950900  3.258679  7.409994  4.869277   
7  8.416708  6.729136  3.985369  6.583004  5.378858  3.208604  3.341339   
8  0.000000  0.000000  0.000000  0.000000  0.000000  0.000000  0.000000   

          7  
0  3.856669  
1  0.000000  
2  0.000000  
3  2.499136  
4  5.501407  
5  0.000000  
6  8.848639  
7  6.185177  
8  0.000000  
40            0          1          2          3          4          5  \
0  10.067701   8.177215  10.156709  15.397924   9.699008  10.283470   
1   0.000000   0.000000   0.000000   0.000000   0.000000   0.000000   
2   0.000000   0.000000   0.000000   0.000000   0.000000   0.000000   
3   9.775858   9.076677   8.007962   4.571340   7.549771   5.301183   
4   2.137529   6.381779   6.480567   6.689259   8.636683   8.340314   
5   0.400000   1.216991   1.040067   3.400395   1.056991   0.123889   
6  15.744799  15.701505  15.708358  13.946636  14.809029  14.990076   
7  17.707485  14.190082  14.895372  15.000781  13.813417  12.588606   
8   0.000000   0.618000   0.755620   0.000000   0.585678   0.267678   

           6          7  
0   8.299708  14.362788  
1   0.000000   0.000000  
2   0.000000   0.000000  
3   4.476698   2.499136  
4   6.347292   6.670292  
5   0.000000   1.376544  
6  12.354165  17.617735  
7  11.043155  18.411975  
8   0.158367   2.342033  
