0        0      1      2    3      4      5
0 -0.091  0.000  0.000  0.0 -0.100 -0.091
1  0.100  0.009  0.009 -0.1  0.099  0.000
2  0.000  0.000  0.000  0.0  0.000  0.000
3  0.000  0.000  0.000  0.0  0.000  0.000
4  0.000  0.000  0.000  0.0  0.000  0.000
5  0.000  0.000  0.000  0.0  0.000  0.000
6  0.000  0.000 -0.100  0.0  0.000  0.000
7  0.000  0.000  0.000  0.0  0.100  0.000
8  0.000  0.000  0.000  0.0  0.000  0.000
20           0         1         2         3         4         5
0  0.072953  0.011664  0.028880  0.000000  0.075051  0.000170
1  0.278342  0.027378  0.273936  0.000000  0.494674  0.190000
2  0.000000  0.000000  0.000000  0.000000  0.000000  0.000000
3  0.145358  0.082350  0.000000  0.074125  0.083860  0.042335
4  0.072842  0.245024  0.079234  0.266788  0.315061  0.336306
5  0.251482  0.018000  0.000000  0.109684  0.111637  0.333458
6  0.027978  0.071070  0.000000  0.005931  0.020419  0.066698
7  0.014828  0.010485  0.003883  0.000000  0.047520  0.512486
8  0.675429  0.017820  0.048292  0.000000  0.595097  0.018000
40           0         1         2         3         4         5
0  0.048217  0.002913  0.000000  0.031831  0.049197  0.104917
1  0.514762  0.024964  0.447088  0.000000  0.494925  0.354902
2  0.000000  0.000000  0.196884  0.000000  0.000000  0.000000
3  0.048715  0.016406  0.063786  0.000000  0.010585  0.054006
4  0.095213  0.203827  0.204459  0.386533  0.125035  0.448845
5  0.781661  0.018000  0.071631  0.379294  0.228199  0.787938
6  0.064598  0.069676  0.108934  0.000000  0.013963  0.013482
7  0.575132  0.399866  0.175050  0.466399  0.632041  0.797160
8  1.049323  0.017820  0.048292  0.095539  1.373413  0.141056
60           0         1         2         3         4         5
0  0.015365  0.025971 -0.028161  0.000000  0.013664  0.063136
1  0.509614  0.024964  0.417890  0.000000  0.547037  0.237131
2  0.000000  0.000000  0.185363  0.000000  0.000000  0.000000
3  0.129891  0.000000  0.002053  0.053814  0.049564  0.029818
4  0.152806  0.520088  0.515336  0.459495  0.431394  0.639774
5  0.956168  0.018000  0.505159  0.830371  0.508347  1.076636
6  0.058969  0.003730  0.033047  0.021636  0.016595  0.000000
7  0.742576  0.703146  0.796749  0.775922  0.834818  0.640647
8  1.488346  0.331422  0.167539  0.571335  1.390648  0.247945
80           0         1         2         3         4         5
0  0.043526  0.054132  0.000000  0.028161  0.041825  0.031401
1  0.507886  0.024964  0.425334  0.000000  0.547037  0.130101
2  0.000000  0.000000  0.370524  0.000000  0.000000  0.000000
3  0.062536  0.024008  0.005078  0.000000  0.020888  0.017718
4  0.391772  0.610314  0.664290  0.472578  0.542658  0.692309
5  1.249379  0.614110  0.660485  0.956061  0.819671  1.195033
6  0.025205  0.025846  0.010213  0.000000  0.015007 -0.012410
7  0.803383  0.738533  0.831049  0.800371  0.790847  0.694770
8  1.424152  0.517830  0.167539  0.888207  1.417048  0.449008
120           0         1         2         3         4         5
0  0.000000  0.013540  0.015588  0.047752 -0.003402  0.046989
1  0.504931  0.024964  0.488704  0.000000  0.318058  0.130101
2  0.000000  0.000000  0.348841  0.000000  0.000000  0.000000
3  0.000000  0.017864  0.020347  0.024639  0.028754  0.016899
4  0.849801  0.803059  0.854335  0.730891  0.755210  0.826237
5  1.578082  1.427158  1.386075  1.403150  1.411315  1.611632
6  0.016851  0.000000  0.031382  0.004933  0.012454  0.015840
7  0.731869  0.833963  0.889208  0.759948  0.808439  0.785582
8  1.398463  0.517830  0.167539  0.970697  1.462298  0.449008
140           0         1         2         3         4         5
0  0.014375  0.015970  0.033919  0.044685  0.000000  0.058257
1  0.381289  0.024964  0.352508  0.000000  0.340864  0.318721
2  0.000000  0.000000  0.662375  0.000000  0.000000  0.000000
3  0.025483  0.045862  0.020040  0.000000  0.006512  0.020757
4  0.795532  0.813593  0.776395  0.724417  0.772782  0.827471
5  1.607808  1.460178  1.424046  1.431206  1.411315  1.659945
6  0.028068  0.013670  0.030634  0.024268  0.000000 -0.000025
7  0.743840  0.757600  0.651197  0.688132  0.754872  0.664171
8  1.419201  1.179627  0.614802  1.226459  1.360811  1.231108
160           0         1         2         3         4         5
0 -0.051134  0.015970  0.033919 -0.086992  0.000000  0.058257
1  0.399208  0.000000  0.368471  0.017919  0.426572  0.263603
2  0.111543  0.000000  0.636275  0.000000  0.000000  0.000000
3  0.036058  0.000000  0.020619  0.021801  0.034576  0.026931
4  0.912490  0.882471  0.827707  0.766551  0.848999  0.785103
5  1.653228  1.586328  1.557666  1.448047  1.532534  1.560422
6  0.000000  0.006609  0.041537  0.006445  0.015420  0.038476
7  0.741911  0.741132  0.667412  0.732052  0.805354  0.646145
8  1.370948  1.199166  0.868914  1.305422  1.326355  1.489190
180           0         1         2         3         4         5
0 -0.051134  0.015970  0.033919 -0.086992  0.000000  0.058257
1  0.399208  0.000000  0.368471  0.017919  0.426572  0.263603
2  0.111543  0.000000  0.636275  0.000000  0.000000  0.000000
3  0.033246  0.016946  0.018124  0.013084  0.000000  0.023830
4  0.832979  0.783338  0.795623  0.758384  0.769341  0.760040
5  1.691767  1.602408  1.664364  1.517536  1.618073  1.572052
6  0.000000 -0.021570  0.040993  0.006445  0.017568  0.007111
7  0.741911  0.699578  0.673153  0.690883  0.797301  0.646145
8  1.370948  1.295638  0.957131  1.306239  1.326355  1.459555
220           0         1         2         3         4         5
0 -0.051134  0.015970  0.033919 -0.086992  0.000000  0.058257
1  0.399208  0.000000  0.368471  0.017919  0.426572  0.263603
2  0.111543  0.000000  0.636275  0.000000  0.000000  0.000000
3  0.051777  0.010224  0.005275  0.000000  0.034201  0.010187
4  0.868796  0.785632  0.782123  0.731805  0.803566  0.827586
5  1.660639  1.552335  1.610321  1.557085  1.571308  1.643834
6  0.021570  0.000000  0.062563  0.028015  0.039138  0.028681
7  0.741911  0.699578  0.673153  0.690883  0.797301  0.646145
8  1.370948  1.295638  0.957131  1.306239  1.326355  1.459555
240           0         1         2         3         4         5
0 -0.051134  0.015970  0.033919 -0.086992  0.000000  0.058257
1  0.399208  0.000000  0.368471  0.017919  0.426572  0.263603
2  0.111543  0.000000  0.636275  0.000000  0.000000  0.000000
3  0.038287  0.000000  0.074571  0.047878  0.029799  0.025725
4  0.795570  0.817912  0.779914  0.721486  0.746964  0.762561
5  1.584148  1.584377  1.548217  1.519801  1.542302  1.607417
6  0.000000  0.035303  0.097508  0.064205  0.075328  0.064871
7  0.741911  0.701377  0.711977  0.655556  0.797301  0.646145
8  1.370948  1.295638  0.992778  1.306239  1.323931  1.459555
280           0         1         2         3         4         5
0  0.038704  0.026195  0.047212  0.000000  0.086992  0.061831
1  0.323407  0.000000  0.437242  0.017919  0.340040  0.263603
2  0.156514  0.000000  0.605091  0.000000  0.000000  0.000000
3  0.009583  0.025046  0.000000  0.001180  0.008438  0.015206
4  0.741647  0.757709  0.703451  0.787233  0.743580  0.715255
5  1.577071  1.580592  1.522504  1.581199  1.506911  1.577918
6  0.000000  0.037611  0.022300  0.026970  0.005481  0.045364
7  0.804201  0.705075  0.713661  0.620047  0.702783  0.690688
8  1.370948  1.365655  1.022246  1.302671  1.320284  1.430510
300           0         1         2         3         4         5
0  0.030353  0.036622  0.096716  0.134263  0.143652  0.016169
1  0.313563  0.000000  0.309806  0.198744  0.257401  0.404899
2  0.504592  0.000000  0.694897  0.000000  0.000000  0.000000
3  0.005160  0.001919  0.041291  0.006021  0.030981  0.000000
4  0.726867  0.736265  0.749918  0.746304  0.759192  0.621828
5  1.523097  1.511421  1.596592  1.524601  1.529767  1.535559
6  0.003456  0.034716  0.029969  0.016824  0.025682  0.000000
7  0.752808  0.716150  0.719640  0.658491  0.649793  0.761290
8  1.487673  1.389297  1.167737  1.303271  1.366686  1.395729
320           0         1         2         3         4         5
0  0.030353  0.036622  0.096716  0.057278  0.143652  0.016169
1  0.313563  0.000000  0.382969  0.198744  0.257401  0.404899
2  0.504592  0.000000  0.694897  0.000000  0.000000  0.000000
3  0.095869  0.091576  0.038930  0.023850  0.000000  0.015237
4  0.677831  0.718769  0.760667  0.677458  0.788927  0.693358
5  1.643299  1.597085  1.562394  1.492123  1.528888  1.738756
6  0.041787  0.009917  0.000000 -0.012534  0.024335  0.003334
7  0.776793  0.753444  0.753031  0.651059  0.779428  0.746543
8  1.521457  1.417717  1.187894  1.318705  1.363337  1.430674
360           0         1         2         3         4         5
0  0.070996  0.002969  0.060604  0.095372  0.030862  0.000000
1  0.332369  0.000000  0.223183  0.141410  0.257401  0.392977
2  0.644212  0.000000  0.654232  0.000000  0.000000  0.000000
3  0.036953  0.012911  0.000000  0.026819  0.025272  0.051284
4  0.792138  0.786859  0.840964  0.713814  0.786217  0.819589
5  1.596104  1.575078  1.660684  1.640777  1.633283  1.676573
6  0.028085  0.060953  0.045847  0.010106  0.000000  0.008827
7  0.787908  0.728249  0.774198  0.774390  0.673831  0.738622
8  1.421160  1.396083  1.373493  1.416376  1.348360  1.454087
380           0         1         2         3         4         5
0  0.070996  0.002969 -0.010088  0.095372  0.030862  0.000000
1  0.258013  0.000000  0.223183  0.141410  0.257401  0.385156
2  0.644212  0.000000  0.635070  0.000000  0.000000  0.000000
3  0.020236  0.059054  0.037222  0.000000  0.031627  0.027886
4  0.729321  0.833418  0.795095  0.732398  0.738185  0.842006
5  1.595268  1.543276  1.622852  1.569261  1.633615  1.645885
6 -0.013795  0.000000  0.023547  0.017767  0.040725  0.015321
7  0.826226  0.835314  0.800183  0.719713  0.643370  0.732142
8  1.397202  1.361334  1.438434  1.404297  1.348360  1.425150
420           0         1         2         3         4         5
0  0.070996  0.002969 -0.010088  0.095372  0.030862  0.000000
1  0.258013  0.000000  0.223183  0.141410  0.257401  0.385156
2  0.644212  0.000000  0.635070  0.000000  0.000000  0.000000
3  0.045996  0.045335  0.000000  0.050607  0.011643  0.019709
4  0.786626  0.761887  0.761197  0.764485  0.899437  0.822506
5  1.668352  1.556481  1.591577  1.537053  1.653166  1.683412
6  0.023292  0.005288  0.014799  0.001673  0.000000  0.003715
7  0.884762  0.739362  0.824393  0.725704  0.733472  0.748533
8  1.431882  1.542544  1.416155  1.397943  1.342983  1.505634
440           0         1         2         3         4         5
0  0.000000  0.077902  0.064844  0.094423  0.105795  0.007898
1  0.335897  0.000000  0.234839  0.085248  0.335919  0.444437
2  0.783285  0.000000  0.635070  0.000000  0.000000  0.000000
3  0.005279  0.011605  0.000000  0.008564  0.016607  0.028247
4  0.795269  0.841572  0.694653  0.778200  0.822412  0.794417
5  1.563590  1.507488  1.587523  1.548271  1.592699  1.617079
6  0.002057  0.014550  0.002265  0.023898  0.000000 -0.009535
7  0.887419  0.701565  0.783117  0.823831  0.822612  0.789727
8  1.467500  1.554080  1.412461  1.406370  1.410470  1.557650
460           0         1         2         3         4         5
0  0.000000  0.015900  0.005741  0.024980  0.097366  0.007898
1  0.339221  0.000000  0.256685  0.085248  0.347657  0.503669
2  0.775452  0.000000  0.647009  0.000000  0.000000  0.000000
3  0.015848  0.005883  0.006367  0.000000  0.043967  0.022999
4  0.766359  0.740367  0.742372  0.672664  0.757162  0.780418
5  1.601007  1.654131  1.518099  1.510623  1.675183  1.626863
6  0.025478  0.000117  0.003536  0.002198  0.000000  0.013369
7  0.878545  0.734418  0.847270  0.779857  0.835370  0.789823
8  1.467500  1.554080  1.412461  1.405921  1.410470  1.527733
480           0         1         2         3         4         5
0  0.000000  0.015900  0.005741  0.024980  0.097366  0.007898
1  0.339221  0.000000  0.256685  0.085248  0.347657  0.503669
2  0.775452  0.000000  0.647009  0.000000  0.000000  0.000000
3  0.030150  0.008482  0.000000  0.015967  0.027351  0.022435
4  0.887620  0.784811  0.792758  0.611947  0.789979  0.692309
5  1.574664  1.539862  1.560160  1.488527  1.528534  1.562634
6  0.030928  0.000117  0.006744  0.002198  0.000000  0.013369
7  0.878545  0.734418  0.847270  0.779857  0.835370  0.789823
8  1.467500  1.554080  1.412461  1.405921  1.410470  1.527733
500           0         1         2         3         4         5
0  0.000000  0.015900  0.005741  0.024980  0.097366  0.007898
1  0.339221  0.000000  0.256685  0.085248  0.347657  0.503669
2  0.775452  0.000000  0.647009  0.000000  0.000000  0.000000
3  0.014568  0.032062  0.023536  0.021946  0.000000  0.010683
4  0.915895  0.812268  0.777390  0.755905  0.785906  0.854788
5  1.731422  1.580907  1.576630  1.507843  1.545145  1.611349
6  0.030928  0.000117  0.006744  0.002198  0.000000  0.013369
7  0.878545  0.734418  0.847270  0.779857  0.835370  0.789823
8  1.467500  1.554080  1.412461  1.405921  1.410470  1.527733
520           0         1         2         3         4         5
0  0.000000  0.015900  0.005741  0.024980  0.097366  0.007898
1  0.339221  0.000000  0.256685  0.085248  0.347657  0.503669
2  0.775452  0.000000  0.647009  0.000000  0.000000  0.000000
3  0.020418  0.000000  0.002006  0.005339  0.010643  0.004916
4  0.938421  0.874856  0.821840  0.779930  0.817755  0.851348
5  1.720445  1.563823  1.569935  1.542463  1.628432  1.645483
6  0.030928  0.000117  0.006744  0.002198  0.000000 -0.008899
7  0.869759  0.734418  0.847270  0.780941  0.791700  0.789823
8  1.467500  1.538540  1.411082  1.405196  1.410470  1.527733
