0           0         1         2         3         4         5
0  0.000000 -0.040360  0.009013  0.024980  0.097366  0.007898
1  0.339221  0.000000  0.276347  0.085248  0.347657  0.418560
2  0.775452  0.000000  0.656680  0.000000  0.069791  0.000000
3  0.013560  0.011937  0.000366  0.000000  0.007995  0.047929
4  0.860353  0.821455  0.834331  0.793721  0.738004  0.768904
5  1.590494  1.548483  1.672144  1.542026  1.561317  1.699234
6  0.038352  0.063066  0.007900  0.061554  0.031250  0.000000
7  0.814618  0.815728  0.838797  0.733579  0.791105  0.764523
8  1.467500  1.493622  1.532808  1.395178  1.400260  1.497331
20           0         1         2         3         4         5
0  0.047603  0.081980  0.000000  0.078390  0.064441 -0.011081
1  0.347704  0.000000  0.377000  0.180771  0.410088  0.348747
2  0.737448  0.000000  0.667654  0.000000  0.069791  0.000000
3  0.037704  0.026085  0.011451  0.000000  0.019573  0.006388
4  0.809703  0.787321  0.827379  0.755844  0.739652  0.725753
5  1.558418  1.602331  1.661202  1.527932  1.543790  1.633396
6  0.031750  0.005509  0.027936  0.008186  0.012995  0.000000
7  0.879832  0.802053  0.760074  0.729860  0.894201  0.834989
8  1.461299  1.490789  1.575223  1.418464  1.479439  1.638023
40           0         1         2         3         4         5
0  0.033672  0.000000  0.047656  0.000702  0.040907  0.039919
1  0.487110  0.044177  0.503777  0.418510  0.478595  0.524634
2  0.715545  0.000000  0.667654  0.000000  0.069791  0.000000
3  0.024628  0.027389  0.015096  0.021928  0.000000  0.038526
4  0.800266  0.747424  0.787092  0.662284  0.817871  0.752055
5  1.598771  1.587977  1.628666  1.549223  1.624821  1.714583
6  0.015620  0.015290  0.027061  0.006676  0.037476  0.000000
7  0.808297  0.809091  0.846394  0.787715  0.806255  0.780321
8  1.588233  1.497608  1.599971  1.457508  1.490959  1.685001
60           0         1         2         3         4         5
0 -0.018746  0.000000  0.097968  0.004664  0.037299  0.034648
1  0.454958  0.135077  0.589474  0.296391  0.488462  0.524634
2  0.709791  0.000000  0.785656  0.000000  0.069791  0.000000
3  0.074502  0.028418  0.041411  0.004306  0.025253  0.010065
4  0.862480  0.828594  0.789529  0.718690  0.823192  0.808768
5  1.586717  1.621676  1.607448  1.548064  1.604925  1.748202
6  0.000000  0.009000  0.011113  0.005059  0.018524  0.015231
7  0.848719  0.790832  0.909153  0.794223  0.797942  0.803586
8  1.597847  1.504531  1.671832  1.484648  1.541456  1.622413
80           0         1         2         3         4         5
0  0.000000  0.018746  0.058096  0.023410  0.056046  0.053394
1  0.454958  0.174622  0.589474  0.258533  0.488462  0.524634
2  0.708570  0.000000  0.777800  0.000000  0.069791  0.000000
3  0.019879  0.000000  0.010748  0.037397  0.062290  0.031357
4  0.778061  0.803978  0.809746  0.707493  0.792883  0.802261
5  1.568464  1.578143  1.644531  1.540758  1.570812  1.658833
6  0.020688  0.011274 -0.005013  0.000000  0.011969  0.015670
7  0.839420  0.733443  0.778688  0.789464  0.849662  0.796076
8  1.578372  1.561689  1.644880  1.486680  1.587799  1.643633
120           0         1         2         3         4         5
0  0.000000  0.018746  0.058096  0.023410  0.056046  0.001107
1  0.454958  0.174622  0.583580  0.258533  0.409618  0.524693
2  0.706322  0.000000  0.762322  0.000000  0.069791  0.000000
3  0.010458  0.000000  0.012044  0.018488  0.009816  0.003263
4  0.773128  0.750563  0.742787  0.774111  0.809223  0.797350
5  1.652279  1.581769  1.514298  1.532353  1.692996  1.552666
6  0.005540  0.000000  0.048507 -0.009071  0.001358  0.018743
7  0.894165  0.768739  0.867241  0.742256  0.787035  0.844558
8  1.548137  1.618939  1.683330  1.542482  1.664244  1.596872
140           0         1         2         3         4         5
0  0.068788  0.042776  0.073597  0.000000  0.026964  0.019092
1  0.465647  0.174622  0.624282  0.288865  0.343917  0.605432
2  0.827866  0.000000  0.754698  0.075261  0.138072  0.000000
3  0.017112  0.012717  0.044552  0.003444  0.000000  0.020839
4  0.720879  0.839417  0.772054  0.751911  0.723320  0.848785
5  1.725315  1.591404  1.521491  1.535128  1.691513  1.543397
6  0.010470  0.000000  0.023788  0.017675  0.032044  0.043871
7  0.801762  0.790363  0.875773  0.733673  0.810848  0.860483
8  1.594703  1.590272  1.613700  1.535759  1.727187  1.689484
160           0         1         2         3         4         5
0  0.068788 -0.005316  0.073597  0.000000  0.026964  0.019092
1  0.465647  0.174622  0.618039  0.288865  0.343917  0.514969
2  0.811391  0.000000  0.754698  0.075261  0.197290  0.000000
3  0.000994  0.009189  0.006437  0.000038  0.001166  0.000000
4  0.853010  0.857953  0.846652  0.765739  0.775156  0.800911
5  1.714187  1.616110  1.566281  1.556021  1.728900  1.646453
6  0.012272  0.026088  0.009206  0.001866  0.002294  0.022207
7  0.753891  0.784868  0.865319  0.710061  0.848222  0.918423
8  1.617962  1.577869  1.598345  1.578913  1.756890  1.652910
180           0         1         2         3         4         5
0  0.074104  0.000000  0.078913  0.005316  0.032280  0.024408
1  0.465647  0.174622  0.618039  0.288865  0.343917  0.514969
2  0.811391  0.000000  0.754698  0.075261  0.197290  0.000000
3  0.021894  0.000000  0.073504  0.015404  0.022153  0.035782
4  0.850685  0.841846  0.825061  0.807884  0.801177  0.848294
5  1.610835  1.590341  1.621953  1.576885  1.784213  1.660210
6  0.009174  0.041074  0.007366  0.000000  0.001913  0.016928
7  0.746563  0.835022  0.861445  0.732199  0.848222  0.918423
8  1.612704  1.576621  1.595049  1.576344  1.739321  1.652910
220           0         1         2         3         4         5
0  0.074104  0.000000  0.078913  0.005316  0.032280  0.024408
1  0.465647  0.174622  0.618039  0.288865  0.343917  0.514969
2  0.811391  0.000000  0.754698  0.075261  0.197290  0.000000
3  0.032593  0.012937  0.000000  0.034767  0.011679  0.047603
4  0.831341  0.854874  0.847978  0.704474  0.760562  0.821162
5  1.609254  1.640216  1.636749  1.638533  1.605512  1.655998
6  0.009174  0.041074  0.007366  0.000000  0.001913  0.016928
7  0.746563  0.835022  0.861445  0.732199  0.848222  0.918423
8  1.612704  1.576621  1.595049  1.576344  1.739321  1.652910
240           0         1         2         3         4         5
0  0.074104  0.000000  0.078913  0.005316  0.032280  0.024408
1  0.465647  0.174622  0.618039  0.288865  0.343917  0.514969
2  0.811391  0.000000  0.754698  0.075261  0.197290  0.000000
3  0.004348  0.030351  0.020954  0.000000  0.025156  0.006289
4  0.783921  0.800357  0.785210  0.738557  0.720522  0.741861
5  1.602233  1.642262  1.567193  1.580890  1.582669  1.627662
6  0.006535  0.035245  0.022986  0.015620  0.000000  0.032548
7  0.746563  0.811578  0.877067  0.741638  0.846058  0.883119
8  1.644419  1.576621  1.595049  1.574262  1.739321  1.644158
280           0         1         2         3         4         5
0 -0.014691  0.030400  0.057045  0.035716  0.062680  0.000000
1  0.524011  0.212783  0.442431  0.311199  0.357158  0.563422
2  0.763909  0.000000  0.754698  0.075261  0.197290  0.000000
3  0.020965  0.028057  0.000000  0.029897  0.009963  0.014308
4  0.759449  0.739506  0.748358  0.742493  0.733816  0.772962
5  1.554809  1.478400  1.473954  1.596936  1.476164  1.477202
6  0.007950  0.011201  0.026975  0.015620  0.000000  0.007934
7  0.732788  0.832083  0.868841  0.741638  0.840933  0.883119
8  1.636516  1.576621  1.595049  1.573375  1.721928  1.644158
300           0         1         2         3         4         5
0  0.000000  0.041852  0.063953  0.099960 -0.038662  0.065254
1  0.435912  0.212783  0.553390  0.347657  0.227105  0.552210
2  0.721032  0.066657  0.740628  0.075261  0.328836  0.000000
3  0.000315  0.043929  0.038249  0.029758  0.014465  0.000000
4  0.841105  0.713606  0.819127  0.729138  0.752779  0.736848
5  1.522948  1.470580  1.481009  1.565157  1.524495  1.506255
6  0.022373  0.000000  0.010344  0.081131  0.040923  0.010936
7  0.731072  0.733290  0.805977  0.754745  0.761564  0.810838
8  1.734506  1.560984  1.621523  1.567142  1.641401  1.660363
320           0         1         2         3         4         5
0  0.046460  0.022268  0.092946  0.011444  0.000000  0.042831
1  0.494650  0.158162  0.547856  0.347657  0.251109  0.536501
2  0.721032  0.066657  0.740628  0.310901  0.362609  0.066657
3  0.009488  0.013120  0.000000  0.015466  0.016036  0.006149
4  0.729732  0.723454  0.763184  0.628607  0.834766  0.794216
5  1.518472  1.465487  1.470167  1.456852  1.530004  1.565946
6  0.000000  0.003247  0.017085  0.012169  0.001883  0.001619
7  0.744756  0.787727  0.862952  0.710057  0.802675  0.804014
8  1.792050  1.618518  1.655441  1.571537  1.703619  1.648354
