0           0         1         2         3         4         5
0  0.003609  0.047123  0.029591  0.000000  0.149064  0.032747
1  0.477156  0.151040  0.348632  0.219225  0.472954  0.000000
2  0.000000  0.000000  0.000000  0.000000  1.300969  0.000000
3  0.033762  0.023702  0.039500  0.055882  0.000000  0.047059
4  0.793172  0.700359  0.801866  0.700007  0.770873  0.000000
5  1.660633  1.508535  0.000000  1.538314  1.627297  1.513403
6  0.000000  0.017379  0.016027  0.047088  0.013654  0.013849
7  0.863967  0.781127  0.854050  0.742747  0.825185  0.000000
8  1.707247  1.591122  1.628414  0.000000  1.777709  1.593633
20           0         1         2         3         4         5
0  0.024432  0.002555  0.000000 -0.039856  0.091150  0.053570
1  0.409186  0.197298  0.361435  0.300480  0.460039  0.000000
2  0.000000  0.000000  0.000000  0.000000  1.293135  0.000000
3  0.046293  0.067280  0.028304  0.036058  0.021364  0.000000
4  0.707771  0.763039  0.755527  0.699864  0.787057  0.000000
5  1.651010  1.511820  0.000000  1.532323  1.607543  1.515924
6  0.000000  0.009622  0.045869  0.003310  0.016348  0.016511
7  0.900247  0.771860  0.885990  0.762350  0.800292  0.000000
8  1.658868  1.618682  1.627549  0.000000  1.763542  1.590054
