0        0      1    2        3       4       5
0  0.000  0.000 -0.1  0.00000 -0.0910 -0.0910
1  0.099  0.009  0.0  0.00891  0.1891  0.0000
2  0.000  0.000  0.0  0.00000  0.0000  0.0000
3  0.000  0.000  0.0  0.00000  0.0000  0.0000
4  0.000  0.000  0.0  0.00000  0.0000  0.0000
5  0.000  0.000  0.0  0.00000  0.0000  0.0000
6  0.000  0.000  0.0  0.00000  0.0000 -0.1810
7 -0.100  0.000  0.0  0.10000  0.0000  0.0171
8  0.000  0.000  0.0  0.00000  0.0000  0.0000
20           0         1         2         3         4         5
0  0.090781  0.003695  0.000000  0.016533  0.077721  0.006324
1  0.188836  0.150784  0.255857  0.178670  0.346313  0.000000
2  0.000000  0.000000  0.000000  0.000000  0.170937  0.000000
3  0.303787  0.247881  0.267134  0.341618  0.186177  0.000000
4  0.276166  0.017596  0.244772  0.091419  0.198411  0.000000
5  0.017642  0.033842  0.000000  0.048083  0.192119  0.034020
6  0.010379  0.025658  0.016179  0.000000  0.051775  0.001925
7  0.567055  0.338115  0.492051  0.015409  0.719381  0.000000
8  0.408989  0.217751  0.104186  0.000000  0.823956  0.139631
40           0         1         2         3         4         5
0  0.000000  0.116881  0.116286  0.142028  0.120773  0.058135
1  0.277503  0.242700  0.408364  0.178670  0.410487  0.000000
2  0.000000  0.000000  0.000000  0.000000  0.170937  0.000000
3  0.030594  0.070688  0.075874  0.061672  0.025017  0.000000
4  0.211043  0.017596  0.373406  0.057034  0.442165  0.000000
5  0.317048  0.078958  0.000000  0.093765  0.805968  0.103888
6  0.032333 -0.014720  0.004390  0.008330  0.020667  0.000000
7  0.769278  0.617745  0.767468  0.015409  0.778840  0.000000
8  1.130902  0.954332  0.520782  0.000000  1.550339  0.538734
60           0         1         2         3         4         5
0  0.004777 -0.015907  0.121063  0.005971  0.119389  0.000000
1  0.206306  0.084622  0.410430  0.226237  0.357620  0.000000
2  0.000000  0.000000  0.000000  0.000000  0.330375  0.000000
3  0.023974  0.000000  0.024463  0.015706  0.025278  0.027165
4  0.604440  0.017596  0.650404  0.139993  0.485453  0.000000
5  0.729272  0.183199  0.000000  0.093765  1.317964  0.188055
6  0.023399  0.012334  0.034942  0.030580  0.001943  0.000000
7  0.812723  0.741028  0.855544  0.128737  0.807747  0.000000
8  1.517683  1.228152  1.360233  0.000000  1.632848  0.945366
80           0         1         2         3         4         5
0  0.020684  0.000000  0.136970  0.021878  0.135296  0.015907
1  0.206306  0.084622  0.410430  0.226237  0.357620  0.000000
2  0.000000  0.000000  0.000000  0.000000  0.330375  0.000000
3  0.036385  0.008070  0.040771  0.029140  0.062681  0.000000
4  0.734892  0.017596  0.630826  0.421539  0.736323  0.000000
5  0.978623  0.674703  0.000000  0.566063  1.409752  0.782384
6  0.000000  0.007167  0.066101  0.014794  0.001017  0.027097
7  0.837252  0.783379  0.843673  0.244663  0.827408  0.000000
8  1.530783  1.274584  1.439798  0.000000  1.656095  1.255998
120           0         1         2         3         4         5
0  0.020684  0.000000  0.060211  0.021878  0.135296  0.015907
1  0.115409  0.084622  0.402262  0.226237  0.357620  0.000000
2  0.000000  0.000000  0.000000  0.000000  0.320562  0.000000
3  0.008852  0.025085  0.000000  0.002897  0.049441  0.014675
4  0.836451  0.688669  0.768864  0.688774  0.794939  0.000000
5  1.428859  1.444275  0.000000  1.170136  1.568738  1.293963
6  0.008764  0.010334  0.023802  0.004516  0.009629  0.000000
7  0.800984  0.818965  0.804811  0.598729  0.891148  0.000000
8  1.630616  1.374228  1.503689  0.000000  1.701085  1.410158
140           0         1         2         3         4         5
0  0.001810  0.051962  0.042356  0.000000  0.159400  0.067869
1  0.137231  0.084622  0.370697  0.236976  0.249923  0.000000
2  0.000000  0.000000  0.000000  0.000000  0.301803  0.000000
3  0.010159  0.021864  0.069732  0.037158  0.004099  0.000000
4  0.796566  0.740727  0.759531  0.675568  0.821148  0.000000
5  1.589671  1.457435  0.000000  1.291441  1.780881  1.380375
6  0.008136  0.007399  0.000000  0.019686  0.005800  0.032327
7  0.873276  0.764928  0.829034  0.792419  0.888739  0.000000
8  1.717120  1.531231  1.642723  0.000000  1.743980  1.534399
160           0         1         2         3         4         5
0  0.000000  0.049999  0.037613 -0.009598  0.142064  0.061121
1  0.205121  0.084622  0.245530  0.260563  0.298282  0.000000
2  0.000000  0.000000  0.000000  0.000000  0.448446  0.000000
3  0.017584  0.016580  0.022928  0.025079  0.039131  0.000000
4  0.899640  0.823979  0.810152  0.718105  0.785102  0.000000
5  1.641243  1.542105  0.000000  1.433837  1.737341  1.449899
6  0.010792  0.014940  0.000000  0.012307  0.004833  0.003684
7  0.893231  0.816542  0.865894  0.810627  0.915721  0.000000
8  1.706452  1.560654  1.610557  0.000000  1.793377  1.604420
180           0         1         2         3         4         5
0  0.009598  0.059597  0.047211  0.000000 -0.016416  0.070719
1  0.205121  0.103005  0.245530  0.174867  0.367813  0.000000
2  0.000000  0.000000  0.000000  0.000000  0.605930  0.000000
3  0.013360  0.001121  0.008729  0.000000  0.008315  0.008235
4  0.811321  0.813131  0.814205  0.761719  0.900304  0.000000
5  1.651488  1.551155  0.000000  1.516807  1.703380  1.542742
6  0.014918  0.000000  0.003901 -0.002415  0.011445  0.008942
7  0.908546  0.819337  0.905665  0.812130  0.890313  0.000000
8  1.706452  1.560654  1.610905  0.000000  1.793377  1.606248
220           0         1         2         3         4         5
0  0.009598  0.059597  0.047211  0.000000 -0.016416  0.070719
1  0.205121  0.103005  0.245530  0.174867  0.367813  0.000000
2  0.000000  0.000000  0.000000  0.000000  0.605930  0.000000
3  0.030857  0.001393  0.027979  0.011726  0.000000  0.003910
4  0.828374  0.839127  0.847587  0.809357  0.874362  0.000000
5  1.779092  1.701549  0.000000  1.630265  1.842689  1.641974
6  0.017333  0.006367  0.006315  0.000000  0.013859  0.011357
7  0.908546  0.819337  0.905665  0.812130  0.890313  0.000000
8  1.706452  1.560654  1.610905  0.000000  1.793377  1.606248
240           0         1         2         3         4         5
0  0.009598  0.059597  0.047211  0.000000 -0.016416  0.070719
1  0.205121  0.103005  0.245530  0.174867  0.367813  0.000000
2  0.000000  0.000000  0.000000  0.000000  0.605930  0.000000
3  0.045513  0.028206  0.000000  0.010850  0.002883  0.017876
4  0.898960  0.760253  0.806833  0.756822  0.764503  0.000000
5  1.671500  1.660918  0.000000  1.612416  1.724056  1.703020
6  0.028012  0.044093  0.022259  0.000000  0.011011  0.047945
7  0.862827  0.827806  0.847443  0.808164  0.869608  0.000000
8  1.704266  1.610394  1.610905  0.000000  1.705484  1.589977
280           0         1         2         3         4         5
0  0.018458  0.000000  0.113627  0.008217  0.049521  0.000235
1  0.188954  0.131553  0.250978  0.190484  0.537606  0.000000
2  0.000000  0.000000  0.000000  0.000000  0.570471  0.000000
3  0.035895  0.027464  0.032601  0.000000  0.023378  0.013832
4  0.744609  0.686158  0.833588  0.755918  0.781949  0.000000
5  1.597204  1.649661  0.000000  1.581212  1.761087  1.660435
6  0.012200  0.007712 -0.006813  0.011505  0.000000  0.007063
7  0.794652  0.829115  0.834639  0.847630  0.919139  0.000000
8  1.704266  1.595849  1.582455  0.000000  1.722451  1.580948
300           0         1         2         3         4         5
0  0.029595  0.011244  0.054797  0.021156  0.000000  0.076069
1  0.221123  0.157173  0.319690  0.116929  0.468197  0.000000
2  0.000000  0.000000  0.000000  0.000000  0.765421  0.000000
3  0.006029  0.000000  0.032860  0.028696  0.042663  0.013456
4  0.756157  0.666604  0.816846  0.722326  0.840841  0.000000
5  1.587821  1.618030  0.000000  1.572867  1.707598  1.639901
6  0.030907  0.002153  0.015986  0.005494  0.000702  0.000000
7  0.803940  0.832351  0.779750  0.805327  0.913583  0.000000
8  1.649956  1.560246  1.613037  0.000000  1.703241  1.553090
320           0         1         2         3         4         5
0  0.042780  0.020772  0.000000  0.030685  0.009529  0.085597
1  0.221123  0.157173  0.319690  0.174774  0.390265  0.000000
2  0.000000  0.000000  0.000000  0.000000  0.893600  0.000000
3  0.014089  0.038771  0.014157  0.010816  0.017442  0.000000
4  0.808001  0.687147  0.765447  0.692686  0.759391  0.000000
5  1.622498  1.559763  0.000000  1.560045  1.742662  1.610764
6  0.000662  0.021912  0.029706  0.005507  0.042425  0.000000
7  0.878106  0.783862  0.787412  0.727555  0.878504  0.000000
8  1.689017  1.554276  1.576830  0.000000  1.747952  1.555581
360           0         1         2         3         4         5
0  0.043241  0.020789  0.000000  0.030388  0.080295  0.080234
1  0.248460  0.151040  0.366879  0.211465  0.373371  0.000000
2  0.000000  0.000000  0.000000  0.000000  1.195122  0.000000
3  0.027233  0.051698  0.036942  0.028191  0.001401  0.000000
4  0.853457  0.807499  0.805309  0.765387  0.854862  0.000000
5  1.646047  1.564986  0.000000  1.569437  1.736899  1.621529
6  0.013674  0.000000  0.000940  0.018911  0.021633  0.016835
7  0.872491  0.802957  0.796416  0.734610  0.863015  0.000000
8  1.722721  1.618795  1.708888  0.000000  1.779675  1.600713
380           0         1         2         3         4         5
0  0.043241  0.020789  0.000000  0.030388  0.080295  0.080234
1  0.248460  0.151040  0.366879  0.211465  0.373371  0.000000
2  0.000000  0.000000  0.000000  0.000000  1.195122  0.000000
3  0.041893  0.019562  0.004227  0.005691  0.000000  0.008675
4  0.888656  0.764915  0.824338  0.745200  0.868901  0.000000
5  1.699524  1.559783  0.000000  1.566690  1.744789  1.579703
6  0.017163  0.001680  0.000000  0.015046  0.032225  0.012330
7  0.905790  0.785331  0.810854  0.748032  0.866070  0.000000
8  1.678311  1.621738  1.666441  0.000000  1.813716  1.603578
420           0         1         2         3         4         5
0  0.043241  0.020789  0.000000  0.030388  0.080295  0.080234
1  0.248460  0.151040  0.366879  0.211465  0.373371  0.000000
2  0.000000  0.000000  0.000000  0.000000  1.195122  0.000000
3  0.055546  0.000000  0.001984  0.028670  0.055339  0.011935
4  0.837012  0.860048  0.795767  0.759451  0.831991  0.000000
5  1.695930  1.577344  0.000000  1.562836  1.696590  1.595910
6  0.042659  0.013670  0.019961  0.029326  0.014365  0.000000
7  0.882244  0.766742  0.843332  0.769944  0.914200  0.000000
8  1.709904  1.618750  1.639532  0.000000  1.795755  1.601264
440           0         1         2         3         4         5
0  0.003609  0.047123  0.029591  0.000000  0.177053  0.032747
1  0.477156  0.151040  0.348632  0.219225  0.472954  0.000000
2  0.000000  0.000000  0.000000  0.000000  1.300969  0.000000
3  0.030822  0.000000  0.050825  0.006641  0.016934  0.016635
4  0.844936  0.763456  0.750264  0.721594  0.856447  0.000000
5  1.565071  1.611906  0.000000  1.523643  1.656384  1.545190
6  0.029180  0.000000  0.021458  0.017040  0.016849  0.026354
7  0.893504  0.824130  0.848545  0.785896  0.862103  0.000000
8  1.686757  1.603972  1.694416  0.000000  1.742338  1.598391
460           0         1         2         3         4         5
0  0.003609  0.047123  0.029591  0.000000  0.163922  0.032747
1  0.477156  0.151040  0.348632  0.219225  0.472954  0.000000
2  0.000000  0.000000  0.000000  0.000000  1.300969  0.000000
3  0.018534  0.013905  0.023386  0.000000  0.034096  0.024253
4  0.803817  0.807672  0.774145  0.781545  0.872731  0.000000
5  1.592562  1.536608  0.000000  1.482627  1.646441  1.542826
6  0.006064  0.000000  0.019653  0.015077 -0.003349  0.005076
7  0.849350  0.869049  0.861302  0.789169  0.923245  0.000000
8  1.720783  1.600385  1.670417  0.000000  1.739509  1.598391
480           0         1         2         3         4         5
0  0.003609  0.047123  0.029591  0.000000  0.163922  0.032747
1  0.477156  0.151040  0.348632  0.219225  0.472954  0.000000
2  0.000000  0.000000  0.000000  0.000000  1.300969  0.000000
3  0.020369  0.000000  0.006132  0.030325  0.007169  0.026948
4  0.833818  0.772823  0.772530  0.802714  0.914048  0.000000
5  1.743309  1.539064  0.000000  1.519665  1.708187  1.602689
6  0.010455  0.003674  0.007693  0.000000  0.000324  0.008749
7  0.849350  0.869049  0.853069  0.766808  0.879167  0.000000
8  1.705260  1.593768  1.659931  0.000000  1.739509  1.592153
500           0         1         2         3         4         5
0  0.003609  0.047123  0.029591  0.000000  0.163922  0.032747
1  0.477156  0.151040  0.348632  0.219225  0.472954  0.000000
2  0.000000  0.000000  0.000000  0.000000  1.300969  0.000000
3  0.027130  0.005989  0.014396  0.025744  0.000000  0.011036
4  0.884088  0.839537  0.820020  0.755625  0.846876  0.000000
5  1.734097  1.587795  0.000000  1.550824  1.672514  1.591846
6  0.013105  0.003674  0.007693  0.000000  0.000324  0.008749
7  0.849350  0.869049  0.853069  0.766808  0.879167  0.000000
8  1.705260  1.593768  1.659931  0.000000  1.739509  1.592153
520           0         1         2         3         4         5
0  0.003609  0.047123  0.029591  0.000000  0.163922  0.032747
1  0.477156  0.151040  0.348632  0.219225  0.472954  0.000000
2  0.000000  0.000000  0.000000  0.000000  1.300969  0.000000
3  0.000000  0.012769  0.021485  0.017971  0.017113  0.015668
4  0.772939  0.795163  0.814898  0.762881  0.825711  0.000000
5  1.663169  1.536198  0.000000  1.538068  1.679227  1.557950
6  0.013105  0.003674  0.007693  0.000000  0.004612  0.008749
7  0.849350  0.869049  0.853069  0.766808  0.879167  0.000000
8  1.705260  1.593768  1.659931  0.000000  1.739509  1.592153
