0            0         1         2         3         4         5
0   4.937180  1.405738  0.857001 -2.606902  1.290784 -2.719516
1   1.300440  2.002295  1.742688 -0.546837  0.858701 -0.793666
2   1.752909  1.025917 -0.001495 -1.256068  1.332467 -2.349463
3   1.434304 -0.423549 -2.411139 -1.149098 -0.504046 -3.278116
4   0.189117 -0.456604 -1.841522 -3.603267 -0.761000 -3.438948
5  -2.624401 -2.908602 -1.686549 -3.620131 -1.279679 -2.428216
6  -0.385866 -2.111763 -1.880606 -2.702786  0.362211 -3.556336
7  -0.239966 -1.058131 -0.706431 -1.382621 -1.033120 -2.446417
8  -3.868004 -5.183545 -4.248652 -5.692330 -4.728021 -5.923157
9  -3.277928 -5.400381 -5.684386 -6.191447 -3.636587 -5.419709
10 -3.796655 -5.793878 -5.365484 -6.049811 -3.107329 -5.670764
11 -2.798852 -3.019361 -3.506444 -2.221775 -1.612932 -3.119501
20            0         1         2         3         4         5
0   5.114645  0.995259  1.016239 -3.014931  2.870463 -2.694671
1  -0.146140  1.913197  2.831704 -2.475745  2.241592 -1.406612
2   1.132184  0.525349  1.072402 -2.220381  1.728656 -3.022735
3   2.079521 -1.805760 -2.632918 -2.527300 -1.374135 -3.460387
4   0.189117 -0.456604 -2.048171 -2.059517  0.115221 -2.319068
5  -0.204811  1.673937 -0.458872 -1.194978 -0.155359 -1.382298
6  -0.147533  0.230784  1.339208 -0.517496  1.733089  0.645523
7   2.152554  2.072350  2.043374  2.946016  3.614313  2.606468
8  -3.505058 -4.843441 -3.460237 -3.337725 -4.255219 -5.349377
9  -3.026256 -3.132245 -4.369010 -5.241133 -2.032126 -4.488027
10 -2.360146 -4.364477 -3.274380 -2.888779 -1.246756 -3.886443
11 -1.672779 -1.995683 -1.486243 -0.933958 -0.205959 -1.495324
40            0         1         2         3         4         5
0   4.771355  1.527989  2.183572 -1.377283  3.883403 -2.979480
1   4.473304  2.446464  3.583376 -2.942001  3.044588 -2.143230
2   1.444936 -1.248187  2.373833 -1.797570  2.878560 -3.336230
3   3.823433 -1.473898  0.886760 -2.657589  1.813027 -3.587215
4  -0.229519 -0.181605 -1.196896 -0.799263  1.841798 -1.052860
5   0.402601  3.574020  2.114686  0.581559  1.884821  0.308148
6   3.186222  3.349773  3.628781  1.585333  3.262959  2.831906
7   4.729929  3.844718  4.135730  4.745982  5.099733  3.235666
8  -2.656530 -3.795110 -3.188081 -3.015692 -3.638160 -4.832976
9  -2.495819 -1.831488 -2.283140 -2.441224 -0.820756 -4.145849
10 -1.620636 -2.023414 -1.592058 -1.029489 -0.891324 -2.090012
11  0.429646 -0.802765 -0.084779 -0.362354 -0.327931 -0.846111
60            0         1         2         3         4         5
0   5.253753  3.007795  2.420120 -0.415012  5.848575 -2.979480
1   4.607253  3.311441  5.020265 -0.868158  3.984459 -1.364493
2   4.142262  1.832872  2.990280 -0.773056  5.558645 -2.078552
3   4.113715 -1.208779  3.571634 -2.911362  4.125679 -2.794960
4   0.595005  1.249528  0.032968  0.150973  2.593574 -0.471804
5   4.672815  2.537701  2.809077  2.948448  4.999640  2.973307
6   7.946252  4.594886  4.763400  2.837067  4.503302  3.583375
7   5.036504  3.869411  6.185116  5.557475  5.837734  4.972267
8  -2.285224 -1.890139 -2.500596 -3.015692 -1.876715 -4.019775
9  -1.919021 -1.241093 -1.389859 -1.027482  0.419433 -3.418002
10 -0.622975 -1.142478 -1.063031 -0.840942 -0.616967 -0.910901
11 -0.468355 -0.515792 -0.324871 -0.079898 -0.356220  0.516440
80            0         1         2         3         4         5
0   5.253753  3.307230  2.218673 -0.940273  5.848575 -2.871549
1   5.176688  3.621602  7.672169 -0.142904  5.655436 -1.095220
2   3.298599  0.688418  4.886060 -0.876851  5.772544 -1.452803
3   4.329575 -0.352969  3.138521 -2.222658  4.229449 -0.681872
4   2.556342  2.661316  1.283095  1.435226  3.822814  0.192412
5   5.831692  4.738087  4.676296  3.473421  6.865488  3.103866
6   7.386746  3.964856  5.359539  4.643886  5.109895  4.955937
7   5.839693  5.673984  5.902702  6.012889  3.015543  5.946672
8  -1.126052 -1.382699 -1.907127 -2.466276 -1.557900 -2.522050
9  -1.120994 -0.140667 -1.069179 -0.608224  0.195260 -2.720322
10 -0.446347 -0.689722 -0.593858 -0.345076 -0.185140 -0.278388
11  0.609237  0.209635  0.819065  0.160424  0.249395  0.568957
120            0         1         2         3         4         5
0   5.469699  3.782482  4.302124  0.695855  7.555515 -0.799898
1   7.287028  8.241883  6.835248  1.132575  9.146485  1.605430
2   8.929425  6.473438  2.952070 -0.744437  6.820091 -0.317982
3   6.590832  2.401563  4.602391 -0.452348  4.349401 -0.413002
4   4.561675  4.542540  4.275914  3.510260  5.323606  2.006558
5   6.901411  7.192143  7.161681  6.559490  6.165252  5.879533
6   6.029018  8.159810  7.156630  6.833803  7.506106  6.095677
7   8.485997  7.046655  6.758669  7.280054  9.299154  7.691603
8  -0.138308 -0.895356 -1.131229 -1.505003 -0.442614 -1.126729
9   0.502363  0.673868  0.043255  0.870797  0.971700 -0.213613
10  0.497832  0.632139  0.552687  0.753870  0.896191  0.643911
11  1.618278  0.771118  0.846159  1.364906  1.349658  1.346107
140             0         1         2         3          4         5
0    6.398254  4.064896  4.125426  1.843510   7.766948  0.783788
1    8.610077  9.227138  8.479580  4.193018   9.210596  3.220345
2    8.726344  4.570112  5.721367  1.281211  10.020730  1.473832
3    7.190023  2.398463  5.069513  1.193518   5.411010  0.399304
4    5.099086  5.995328  4.605942  4.019733   6.576391  4.499174
5   10.103478  8.519837  8.688467  7.684269   9.587500  7.678442
6    6.386598  7.022311  7.119420  8.204072   8.697364  7.762663
7    7.979823  7.676314  8.940646  7.196548   8.438293  8.531854
8    0.163879 -0.243340 -0.690940 -0.772501   0.375481 -0.205591
9    0.614546  0.880178  1.326934  1.927781   0.970565  0.470553
10   2.144097  1.047961  0.937135  0.552490   1.012791  1.098469
11   1.941780  1.532705  1.170981  1.273838   1.347431  1.280769
160            0         1         2         3          4         5
0   9.656712  5.071992  4.629855  2.692006   9.562681  3.838215
1   9.771793  8.681568  8.507271  3.118403   9.640110  2.802092
2   8.687001  5.597999  6.015470  3.245380   9.496723  2.802478
3   7.510671  2.979309  5.097775  1.214098   4.995852  0.147068
4   5.883741  6.322551  4.547199  5.532667   6.967026  5.878887
5   8.979613  7.790986  8.617965  7.157204   8.625193  8.590600
6   6.926327  7.686488  7.536657  8.402382   8.728143  8.051555
7   9.499958  8.813069  8.901524  8.976439  10.148596  8.748468
8   0.319307  0.133753 -0.383964  0.050853   1.480100  0.335320
9   0.918149  1.649044  1.578582  1.671346   1.285307  0.992560
10  1.969160  1.383331  1.295183  1.180515   1.390803  1.227783
11  1.907753  1.600908  1.659272  1.810783   3.030669  1.751200
180            0         1         2         3         4         5
0   8.437514  5.747180  4.768486  3.191869  9.629189  3.838215
1   9.714816  8.563948  8.318469  3.173476  9.185621  2.366836
2   8.363389  3.244227  5.346171  1.984559  7.965281  2.739020
3   5.858801  3.873039  5.470621  0.863585  4.466992  2.100792
4   6.351576  6.615988  4.209490  6.283478  7.307806  5.878887
5   8.776121  5.857877  8.109856  6.064685  8.692848  6.811438
6   9.124026  8.417558  8.185420  8.597630  9.448321  6.044375
7   8.255733  7.806344  8.141521  7.521274  8.572043  8.162523
8   1.630868  1.374032  0.211721  0.596114  1.645601  0.638841
9   1.348163  1.779857  1.592095  1.741106  2.404825  1.125411
10  3.314066  1.434417  1.934601  2.007559  1.579114  1.545354
11  1.716869  2.018287  1.897766  1.865615  2.451503  2.058092
220             0         1         2         3          4         5
0    9.666482  8.605323  8.082775  2.746577   9.965238  2.635408
1   10.486308  9.224388  7.537606  3.512328   9.677450  3.127184
2   10.506898  9.696298  5.490182  3.299285   8.374079  3.206084
3    7.801505  5.613443  5.288488  2.585372   7.253388  2.896332
4    8.985807  8.774277  9.713887  8.180968   8.083831  4.930581
5    8.239128  7.100204  9.250870  7.500685   9.315465  8.844084
6    8.804231  8.419095  9.251067  7.109007  10.969221  9.412386
7    8.967736  9.626037  9.062254  7.712500   8.221525  8.953352
8    1.436312  1.789516  2.373523  2.264413   1.981650  1.677112
9    2.165271  2.795184  2.819339  2.556958   2.689059  2.107751
10   3.375269  2.069569  3.333297  2.456552   3.702828  2.221912
11   2.833433  2.160866  2.431919  2.273408   3.272940  2.823257
240            0         1         2         3         4         5
0   9.150603  7.640252  8.082775  3.538100  9.500412  3.452549
1   8.623909  7.243280  7.926498  3.672560  7.980346  3.510773
2   9.674425  6.637505  5.200267  3.574331  8.341434  4.755247
3   8.057106  4.868345  6.572473  4.038819  6.373208  3.966440
4   8.704564  8.655404  9.874580  7.187579  8.004232  5.855635
5   8.812400  6.659135  8.588614  7.585080  9.007423  7.753599
6   7.984126  8.162436  9.081899  7.506091  8.750870  7.510010
7   8.556413  7.896192  7.372734  7.272232  7.135416  7.738707
8   1.682273  2.184554  2.854048  2.294836  2.098417  1.677112
9   2.894919  2.938311  2.934375  2.752877  3.227710  2.306957
10  3.331026  2.542088  3.723672  2.511508  3.420644  1.995139
11  2.677963  2.905145  3.014673  2.940559  2.807951  2.969145
280            0         1         2         3         4         5
0   8.728659  7.640252  7.563670  3.601418  8.914290  3.410619
1   6.669201  6.445877  7.381412  4.877436  5.916787  4.814731
2   8.579002  5.002309  5.977255  4.723655  7.322490  4.662198
3   5.793358  5.531968  6.866136  3.409202  6.351174  3.998868
4   8.080892  8.254965  9.632426  7.183773  7.331027  6.316528
5   8.212961  7.375084  6.864485  6.579492  6.807227  6.241182
6   7.672718  7.306618  8.323404  7.461475  8.372810  6.950101
7   6.724237  7.038503  6.733986  6.525666  7.040319  6.272300
8   2.024497  2.401824  2.936827  2.399621  2.250837  1.983094
9   3.004219  2.757561  2.230998  2.703678  3.719823  2.836174
10  3.260329  2.287879  3.592654  2.595141  3.025596  2.115836
11  2.915963  2.645306  3.243947  2.763877  3.294555  2.345348
300            0         1         2         3         4         5
0   7.504803  7.369467  6.896543  3.601418  7.855784  2.895135
1   7.261428  6.859732  6.452331  4.745792  6.684070  4.016193
2   7.708340  4.272307  4.833724  4.047845  6.796994  4.411483
3   6.031769  5.421273  5.902881  3.291255  6.106660  3.546518
4   8.155424  8.041134  9.632426  6.411102  7.331027  6.337757
5   7.285587  7.554892  6.864485  6.685918  7.076223  6.513736
6   5.901292  7.020805  7.291290  7.233154  7.046866  6.535503
7   6.827774  6.604103  6.370100  6.212201  6.994342  5.365064
8   2.156831  2.480585  2.966483  2.605002  2.511228  2.042756
9   2.874101  2.838043  2.124894  2.307886  3.948684  2.858082
10  3.199319  2.514932  3.527311  2.692138  3.046375  2.381643
11  2.627200  2.878168  2.939224  2.890288  2.875326  2.738427
320            0         1         2         3         4         5
0   7.241633  6.926517  6.896543  3.087833  8.243669  2.475277
1   6.287521  6.370533  6.853593  4.040447  8.036963  2.983484
2   6.960697  4.790976  4.159241  2.433399  6.273217  2.265683
3   5.256274  4.052810  4.386235  3.148070  6.110946  2.174570
4   6.872913  7.401281  9.015856  6.249875  7.079677  6.365728
5   7.775994  6.910534  6.965616  6.591153  8.029450  5.508025
6   6.775183  7.208815  7.299373  6.430190  6.679332  6.459943
7   6.817391  7.225725  5.520934  6.115519  7.512718  6.142944
8   2.267757  2.559950  2.974771  2.406422  2.632859  2.156682
9   2.669881  2.757881  2.239013  2.651420  3.537969  2.572274
10  3.069333  2.525735  3.318688  2.980247  3.534347  2.621015
11  3.392955  2.839505  3.778514  2.529543  2.465057  2.906087
360            0         1         2         3         4         5
0   9.345225  4.533383  6.491538  2.220702  9.373684  2.045958
1   7.785859  5.664887  7.503183  2.077816  7.850180  3.060958
2   7.142423  5.090725  5.950294  1.918348  4.974591  1.891991
3   5.636341  3.224840  3.942253  1.909746  4.733697  2.825912
4   6.656136  7.184637  8.632476  6.331109  6.927681  6.528114
5   7.269093  6.128353  7.207667  6.415872  5.103663  5.500480
6   6.896993  5.875124  7.049890  6.730641  7.405406  6.686216
7   7.499704  7.134185  6.962281  6.149766  7.158011  6.973067
8   3.176891  2.680378  3.092229  2.849546  2.926991  2.771318
9   2.769885  3.128403  3.729441  3.055708  3.629062  2.769015
10  3.735036  3.010686  3.097321  3.264161  3.830176  3.033689
11  3.157068  2.857478  3.401900  3.569724  2.852371  2.947610
380            0         1         2         3         4         5
0   9.247796  4.061201  6.831893  1.947765  9.880702  1.934315
1   6.492082  6.095922  8.035539  2.415780  8.185847  3.398466
2   6.787292  4.848803  4.967224  1.599703  5.178040  2.138782
3   5.167515  4.505900  2.929070  1.331953  4.442444  2.145731
4   6.656136  7.137991  7.866410  6.568501  6.929810  6.614302
5   6.975854  6.318705  6.408176  6.484062  6.058735  6.277003
6   6.896993  6.057638  6.436216  6.772267  6.848638  5.828507
7   6.790865  7.886415  5.603601  6.484080  6.022774  5.415959
8   3.205303  2.646822  3.137553  2.849546  2.723817  2.610971
9   2.966106  2.909541  3.343703  3.111415  3.500959  2.742378
10  3.604285  3.924474  3.208543  3.205492  3.744503  3.112337
11  3.811007  2.798426  2.834973  3.160348  3.243479  2.858023
420            0         1         2         3          4         5
0   8.596447  4.222714  6.245164  3.855321   9.144437  2.559802
1   8.836949  6.466121  5.523407  2.278687  10.498561  3.254805
2   5.966397  8.219324  3.765851  2.718340   6.088095  2.697013
3   5.526204  4.884292  3.776533  1.789222   6.066566  2.856880
4   6.314360  7.526291  7.661684  6.167411   6.429058  5.421023
5   7.551997  6.075170  6.117598  5.459863   7.510049  6.501046
6   7.292727  7.196540  6.441675  6.570072   7.226360  5.230020
7   8.017589  7.247510  7.300645  7.115634   7.960897  7.412958
8   3.269245  2.752865  3.158829  3.165033   2.900386  2.929686
9   3.355516  3.199969  3.278102  3.485086   3.502257  3.175979
10  4.873806  3.316084  3.330577  4.291544   3.979278  3.708435
11  3.468451  3.013403  3.519346  2.873054   3.169857  3.445382
440            0         1         2         3         4         5
0   9.053283  4.222714  5.239834  3.323443  8.857908  2.559802
1   8.079357  6.895463  7.101154  3.140300  9.072016  2.360152
2   6.683356  5.868920  4.303510  2.161615  6.957045  3.491735
3   4.478626  4.383897  4.346998  1.567452  4.648269  2.475429
4   6.342134  6.428889  7.348589  5.475379  6.596655  5.998507
5   7.664118  6.300959  6.195608  5.918783  6.908636  6.642147
6   8.132350  6.697171  7.151343  6.650283  6.947458  5.810408
7   6.614255  6.737250  6.440920  5.695929  6.118570  6.389331
8   3.324819  3.109091  3.200029  3.191937  2.970291  3.090664
9   2.773591  2.851013  3.278102  3.275771  3.600115  3.342013
10  4.375312  3.365222  3.445547  3.764341  3.898788  3.363789
11  3.571948  3.213315  3.373644  3.115379  3.511911  2.893232
460            0         1         2         3         4         5
0   8.186526  4.079034  5.086945  3.642750  7.538500  2.784794
1   9.910485  7.940683  6.947700  4.279971  8.312585  2.687858
2   6.943435  4.509919  5.205812  1.531373  6.657558  3.810156
3   2.433255  3.581471  3.252050  1.601343  4.819343  2.958072
4   6.348603  6.496946  7.191768  6.161672  6.806769  5.601811
5   7.830294  7.407994  6.503318  6.339358  7.194244  6.678882
6   7.221091  6.708959  7.031387  5.122760  7.118694  6.335259
7   7.270547  7.103595  6.289901  6.971679  7.249201  5.656904
8   3.286152  3.191681  3.211732  3.252886  2.803889  3.213325
9   3.454518  3.059292  3.172494  3.299271  3.201347  2.438620
10  4.018328  3.127815  3.281178  3.353376  4.114538  3.385529
11  3.197543  3.277002  3.212914  3.142643  3.449908  2.688059
480            0         1         2         3         4         5
0   7.501034  3.710350  4.802489  3.659128  7.031909  2.725137
1   8.701399  7.415089  6.825451  3.307264  6.769648  3.291409
2   7.093714  3.664487  4.378712  2.678539  7.001824  5.126383
3   4.982512  2.967759  2.840534  1.224603  5.979526  2.284537
4   6.220923  6.564133  7.195182  6.266677  6.872890  6.214694
5   7.420887  7.029543  6.859456  6.335538  7.315214  6.342827
6   6.666621  6.872087  6.142235  6.107051  7.267989  5.745425
7   7.924726  5.683832  6.948241  7.415912  7.392506  6.489436
8   3.278926  3.269840  3.276656  3.227254  2.803889  3.050528
9   3.054032  3.185324  2.905759  2.704888  3.332602  3.028583
10  3.733766  3.150900  3.314487  3.139654  3.579964  3.545105
11  3.144589  2.526517  3.133253  3.137486  4.025077  3.553650
500            0         1         2         3         4         5
0   8.366726  5.373498  6.042214  3.097077  6.685602  2.399536
1   7.107952  7.956975  6.123117  3.576661  6.002524  2.794053
2   6.416797  4.028391  4.735484  2.474407  6.814316  3.725359
3   5.362472  5.145915  2.964884  1.536850  6.700801  2.196750
4   6.392901  6.564133  7.220864  6.501181  7.126975  6.309537
5   7.409116  7.592359  7.422105  4.718934  7.076369  6.552704
6   7.516922  7.613091  6.750439  6.726609  7.220608  6.001697
7   7.768708  7.593066  6.563798  6.893465  7.213809  7.247078
8   3.302777  2.979103  3.268113  3.198417  2.641563  3.043345
9   3.048911  3.564724  2.951222  2.773185  2.729810  2.925663
10  3.546507  2.909639  3.094943  3.193588  3.222310  3.445656
11  3.134601  2.637372  2.931202  3.365204  3.274892  3.357074
520            0         1         2         3         4         5
0   8.429844  5.817082  5.695072  3.097077  6.685602  2.743609
1   7.406616  7.690414  6.442803  3.286520  5.827386  3.430165
2   6.016769  4.710121  5.756357  2.088048  6.845378  3.479361
3   3.801303  3.888364  3.336278  1.716114  5.232065  3.797074
4   5.905303  6.589144  7.111847  6.470164  7.053965  6.352698
5   7.089686  6.513312  6.860288  5.170362  7.388651  5.871317
6   6.566883  7.571379  5.937623  6.610678  6.470801  6.122145
7   5.881484  6.248771  5.897104  4.886304  5.818989  5.965050
8   2.972500  3.003509  2.885183  3.131429  2.790375  3.019196
9   3.471971  2.632956  3.413513  2.878415  3.002684  2.677445
10  3.456246  2.630362  3.094943  2.797639  3.715679  3.112973
11  2.884042  3.820270  3.019946  3.178623  3.602408  3.092259
