0            0         1         2         3         4         5
0   8.429844  5.669735  5.453811  2.948069  6.704647  2.702302
1   7.187052  5.819679  5.164138  3.489653  6.840819  2.744787
2   6.768214  4.655380  5.330428  2.088048  6.318884  3.515055
3   3.764868  3.795806  3.681952  1.644716  3.938802  3.335331
4   5.951033  6.871952  6.906170  6.373695  6.737407  6.150468
5   5.695901  6.243361  6.499552  4.551302  6.685563  5.819007
6   5.921999  6.264946  4.913320  6.541087  5.762609  5.460684
7   5.722343  6.337030  6.247346  5.491651  5.866476  5.457620
8   3.032838  3.011818  2.905099  3.142105  2.514714  3.050103
9   3.392354  2.846060  2.970186  2.950819  3.012574  2.643442
10  3.445033  2.519736  3.092502  2.622382  3.201966  3.095557
11  2.991948  2.819798  2.987646  3.417950  2.683391  2.857287
20            0         1         2         3         4         5
0   8.429844  7.070265  5.333740  2.093055  7.425295  2.731127
1   6.892049  5.319229  4.296618  3.224805  8.847503  2.452914
2   3.278231  5.638641  5.854497  1.019287  5.297737  3.331447
3   2.817170  2.746695  3.055985  1.706992  6.019408  3.122444
4   5.835000  6.871952  6.382446  5.036384  6.592551  4.217301
5   4.537603  5.528227  4.834392  2.463184  6.010377  2.906161
6   5.109230  3.942258  5.174243  1.630837  5.690263  3.243574
7   7.883243  8.500544  7.211523  6.341707  8.642841  6.333752
8   3.249288  2.994134  2.569913  3.142105  2.500357  2.982206
9   3.134969  2.352877  2.466429  0.763282  2.489336  1.573563
10  2.484714  2.063582  2.634601  1.184615  2.521352  2.448940
11  4.435781  4.589231  4.122254  3.511085  4.535487  3.606648
40            0         1         2         3          4         5
0   9.672786  7.140048  6.196555  3.778488   8.110347  2.215692
1   8.500589  6.576093  6.412415  2.517150  11.034162  1.633211
2   5.897865  4.805069  6.444523  0.724663   8.670758  2.572250
3   6.161898  2.171660  4.133721  1.841981   6.581113  2.510275
4   5.853713  6.287401  6.420145  4.541202   6.603902  4.217301
5   5.880541  6.494238  5.821953  2.447512   6.980448  1.638895
6   6.495474  3.785131  4.990230  3.086524   7.746379  1.885407
7   8.897297  9.762899  6.908690  9.430892  10.240847  9.140205
8   3.647601  1.676562  2.594478  0.916362   2.455502  2.414206
9   2.079288  0.939821  2.141972 -0.265145   2.471362 -1.084678
10  2.520058  1.073663  2.964079  1.287194   2.741597  0.592216
11  6.080595  5.055555  5.345327  5.201691   6.046262  5.376538
60             0          1         2          3          4         5
0    8.272247   8.830374  8.188078   3.518548   9.530712  2.131970
1    7.326829   6.055536  5.603665   5.743444   9.203409  2.047879
2    8.315305   6.362814  8.304203   1.155077  10.978967  2.421672
3    5.972719   1.742724  5.426880   1.791126   5.164766  1.923592
4    6.661417   5.845572  6.443975   4.841309   6.741648  3.022277
5    7.778619   6.351424  6.534876   1.840932   6.944705  2.998923
6    7.235161   4.191774  6.877662   4.775298   6.316320  2.376184
7   10.364218  10.001477  9.394108  10.439356  11.360388  8.865797
8    3.463749   1.410029  2.627828   0.851794   2.629425  0.988109
9    2.413381   1.139777  3.130298   0.066393   3.443798 -1.262314
10   1.904471   1.926844  3.188562   0.325737   3.113097  1.858146
11   5.781292   6.678972  5.500522   5.547685   7.802210  4.603095
80            0         1          2         3         4         5
0   9.287441  7.898501   8.826498  2.842191  9.715833  2.086978
1   7.806095  5.590938   6.377704  3.435203  8.309590  2.426238
2   7.796782  6.092452   7.219999  2.212346  9.386378  2.929750
3   8.376976  3.006418   5.932755  2.555755  5.432562  1.984480
4   6.666956  6.582635   6.856991  3.591754  7.233097  2.889142
5   8.529664  5.624408   7.615269  2.640841  6.687758  3.580664
6   8.073033  3.896202   7.379772  3.910680  6.513902  3.599103
7   9.733582  9.073106  10.317329  9.594747  8.461668  8.634362
8   3.135608  1.510317   2.801052  0.030718  2.763278  0.988109
9   2.307334  1.718748   3.196532 -0.600368  4.277385 -0.484773
10  2.509533  1.535419   3.547947 -0.774121  3.072362  0.662495
11  6.420766  6.608352   5.913845  5.144931  7.626050  5.813157
120             0          1          2          3          4          5
0    9.635849   7.595234  10.246381   3.351670   8.578517   3.702871
1   10.491207   9.555991  11.750321   5.950666  10.288584   2.695720
2   10.274355   7.616832   4.549711   2.896900   7.738637   3.876871
3    6.472470   6.781449   6.031352   2.109879   8.516589   2.396116
4    7.699421   6.946521   6.710026   2.440348   8.047438   2.950965
5    8.325016   5.642153   5.303358   2.487684   9.045196   2.598477
6    8.895261   6.959612   5.090356   3.481853   8.121127   2.959597
7   10.926006  10.188769   8.930449  10.436059  12.454308  10.398061
8    2.771033   2.101636   2.891970   0.021570   2.509361   0.760118
9    2.642163   2.124430   1.405419  -0.064772   3.540481   0.947842
10   3.384484   2.627795   2.493969   1.176464   2.926785   0.293351
11   7.356983   6.316973   6.541923   6.501078   7.709594   5.849122
140             0          1          2          3          4          5
0    9.050547   6.423993   9.772330   3.345731   9.903728   3.502628
1   10.679652   9.870982  11.983567   8.297817  10.582576   2.766631
2    9.759585   6.047125   7.745641   3.619785  10.595948   3.283048
3    6.937448   5.446522   5.209549   3.205188   9.987481   3.206606
4    7.835360   7.360768   7.423697   3.443056   8.241465   3.435400
5    9.353413   6.312847   6.096473   4.955139  10.588306   4.146832
6    9.394502   6.409037   7.310959   4.290041  10.436821   4.473879
7   11.430620  11.564019  10.564421  10.679991  11.459648  11.246914
8    2.540288   2.399060   2.797849   0.834567   2.509361   1.692277
9    2.434390   1.717083   0.921002   0.494973   2.836419   0.295404
10   3.123533   2.540787   3.286129   1.705787   4.209380   0.596241
11   7.313894   6.097265   6.683030   6.969621   6.842868   6.577561
160             0          1          2          3          4          5
0    8.397459   8.508008   9.264654   3.746105  11.168499   4.319011
1   10.379770   9.574704  11.545350   7.886879  12.334186   3.388028
2   11.423370   7.170023   6.663856   5.196375  10.146184   4.393528
3    8.156160   5.524847   6.207672   3.052107  10.153321   4.466500
4    8.725001   7.272070   7.509048   4.373912   9.553259   4.380451
5   10.384062   5.449306   6.744294   5.395726  11.763269   5.713058
6   12.127764   6.537525   7.135733   5.789385   8.634510   5.436286
7   13.170525  11.553103  12.106110  10.990199  12.813188  11.066975
8    2.952521   2.410857   2.683062   0.072960   3.192974   2.008102
9    2.697494   1.048451   1.580439  -0.118691   2.748412   1.030015
10   4.280964   2.426456   3.221540   1.368233   3.530410   1.035680
11   6.973094   5.972212   6.080397   6.403314   7.846763   5.948877
180             0          1          2          3          4          5
0   10.876218  10.163366   8.971038   4.604025  11.143184   4.269128
1   11.451459   9.934175  11.331162   6.552767  13.334241   5.580769
2   12.450877   6.265734   6.222699   6.091953   8.708241   4.702073
3   11.533392   5.606784   6.683910   3.475450   9.667145   4.826945
4    9.098495   7.272070   7.427600   4.373912   9.342949   4.598887
5    9.897838   6.026265   7.330440   6.630505  11.504668   5.807828
6   11.370197   6.400244   7.323234   5.817035   9.103909   6.818730
7   12.205489  11.556275  12.372021  11.531696  12.784097  10.116643
8    2.973478   2.656409   2.990962  -0.019028   3.106658   1.961464
9    2.010132   1.250956   2.122083   0.262762   3.594922   0.367157
10   3.609179   2.410673   2.728692   0.813772   3.480843  -1.174605
11   7.385703   5.833934   7.179033   5.793294   7.219171   5.620696
220             0          1          2          3          4          5
0   13.592980  11.018913   8.279538   5.146164  12.931338   4.246981
1   14.260239  12.750537  10.542925   7.247270  12.850769   6.266919
2   12.579311   7.095992   9.372939   7.917353  11.010217   5.967221
3   10.187682   9.150824   9.388101   5.173749  11.448015   4.559211
4    9.532803   7.937946   7.019490   7.227592   9.670630   6.115940
5   10.247514   9.547158   8.724631   6.021390  10.067968   5.402801
6   11.641724  12.129626   7.771962   7.097231   9.996610   6.082282
7   11.617899  10.939393  10.883450  11.766893  11.225722  10.925267
8    3.204058   3.227320   3.651154   1.065288   4.467312   2.080957
9    5.429595   1.873707   2.782759   2.617852   3.847750   2.172640
10   4.260174   5.796181   4.370706   1.649609   3.744496   0.811308
11   7.599804   7.469002   6.829446   7.233493   8.514653   7.024420
240             0          1         2         3          4          5
0   13.478777  11.037940  8.279538  5.243183  12.931338   4.499038
1   12.932083  10.541996  9.940792  7.579724  10.672446   8.061938
2   10.792180   7.045413  8.703265  8.488953  10.665027   6.495376
3    9.138868   8.469184  8.850289  6.788718   9.737839   5.933474
4    8.304973   7.368994  7.142882  7.254512   9.181816   6.518081
5    7.452041   7.656947  7.399817  5.370763   8.588370   6.784335
6   10.892831  10.114014  7.631021  6.891922   9.225579   6.029246
7   10.402835   9.118630  9.519465  9.456153   9.965869  10.041715
8    3.857060   3.405415  4.433220  1.420241   4.460254   2.205465
9    4.866300   3.126563  3.637454  2.933369   3.574413   3.481212
10   5.131662   5.796181  3.643934  1.157054   3.744496   1.571909
11   6.929818   6.348153  5.686760  5.519851   6.996429   6.401672
280             0          1         2         3          4         5
0   13.478777  10.384436  8.191877  5.145878  12.879919  4.433257
1    8.779540   7.277857  8.590157  6.772302   9.030201  5.813759
2   10.607827   7.088510  9.196239  7.138331   9.191312  6.382650
3    8.061858   6.622341  7.332975  5.388630   7.392311  5.056432
4    7.376034   7.586867  7.462711  6.838459   7.459475  6.828006
5    8.166426   6.096798  6.588023  4.824589   7.047243  5.488961
6    8.939430   7.400926  7.795120  7.491071   8.085553  5.325425
7    8.264460   7.707523  9.251729  8.314018   8.040594  7.652210
8    3.967867   3.193413  4.251279  1.737421   4.342320  2.196707
9    2.152790   1.709953  4.214385  2.722148   2.335237  1.976826
10   5.927849   5.289193  3.615604  1.533788   3.744496  2.297231
11   5.911534   5.804138  6.400694  5.397020   5.961677  6.463644
300             0         1         2         3          4         5
0   12.512548  9.757551  8.939006  5.145878  12.182025  4.371978
1    8.872574  7.839336  7.259212  6.351206   9.180244  5.052406
2   10.589857  7.596233  7.846291  6.806910   8.247573  6.774722
3    7.377849  6.262655  7.265067  4.840057   6.956843  4.822086
4    7.220477  7.586867  6.871085  6.360058   7.459475  6.527251
5    7.094369  5.566040  6.922478  4.786353   6.082090  4.992485
6    7.389565  5.608601  6.327935  6.197153   7.257385  4.950859
7    8.404433  7.829057  8.475883  7.661663   8.240185  7.836395
8    3.708533  3.240269  4.096303  1.740462   4.298897  2.196707
9    2.828101  1.498670  2.612567  2.381077   2.393355  1.757457
10   5.129860  4.907023  2.930209  1.881870   3.322716  1.592831
11   5.307872  5.508728  5.407813  4.593396   5.385321  5.677915
320             0         1         2         3          4         5
0   12.062610  7.785609  8.023836  4.796703  11.894237  4.149340
1   10.404064  8.807099  6.978001  5.222025   8.681747  4.844818
2    7.859261  7.324852  6.531659  6.360292   9.676004  5.456504
3    7.683755  6.091005  6.187309  4.395437   5.676191  3.332624
4    6.801769  7.586867  6.513787  6.096001   7.321296  5.963944
5    5.542758  4.937944  7.153454  4.401458   6.252044  3.770794
6    6.962702  5.938032  7.364266  4.185953   7.222817  4.151456
7    9.225833  8.713518  8.463446  7.909636   9.353253  7.319145
8    3.708533  3.227035  3.021491  1.661734   4.075276  1.721064
9    3.107923  2.066642  2.484553  2.242015   4.151451  1.210832
10   4.605929  4.360726  2.988751  0.296921   2.954948  0.333265
11   6.175132  5.154374  4.765877  5.087502   5.689950  5.490092
360             0         1         2         3          4         5
0   10.778709  7.656961  7.521959  3.880849  10.286123  3.399688
1   10.364717  9.162269  6.757239  4.787001  10.521603  3.934607
2    8.521070  7.128090  6.154757  3.136485   9.101381  3.908809
3    6.224505  4.315415  3.837266  3.659716   5.620518  3.732244
4    6.688756  6.322150  7.119242  5.133733   6.847156  5.963944
5    5.445888  4.542909  7.999863  4.059360   6.239168  2.376339
6    7.596492  6.927017  6.257126  2.896974   7.453829  4.524972
7    8.221951  9.016012  8.673198  8.592164   8.362626  9.078120
8    3.635513  3.271439  3.005167  1.549287   4.129610  1.911400
9    2.033391  1.683340  2.426646  0.761365   4.018413  0.589265
10   4.027144  2.499687  1.753180  0.885974   3.338417  0.678566
11   7.034049  6.376655  6.515281  5.186256   6.060450  6.423303
380             0         1         2         3          4         5
0   10.126579  7.264063  8.247782  3.796949  10.117716  3.354943
1    8.467994  7.579036  7.124777  3.437827   9.788657  4.394678
2    8.418752  6.863890  4.509369  2.982874   9.424631  4.210913
3    7.701156  4.838160  4.144405  2.952409   7.716993  3.484596
4    7.111301  6.337025  6.643656  4.482393   6.625792  5.430499
5    6.153420  5.658795  6.844604  3.541293   6.113083  2.575294
6    8.063791  4.345946  5.558080  3.213272   6.844937  3.647792
7    8.868112  9.075079  9.440565  8.561999   8.943527  8.206097
8    3.612489  3.118954  2.827348  1.549287   4.100711  1.008698
9    2.685251  1.325694  2.497156  0.952335   3.717035  0.295115
10   4.531359  2.425036  2.495665  0.083094   3.706004  0.598597
11   6.292986  6.677410  6.733460  5.814478   6.136034  5.536165
420             0          1         2         3          4         5
0    9.757773   7.463003  9.653908  3.305282   9.197256  4.579997
1   11.368023   8.945067  7.794134  6.118818  10.702796  5.698519
2    9.250906   7.985900  5.273321  4.539952   8.088244  4.543336
3    8.846839   7.385901  7.894690  4.166729   8.419594  4.397775
4    6.744055   6.605704  6.639511  4.744128   7.873717  5.108919
5    7.731197   6.521008  7.045760  4.464659   6.144603  5.672525
6    8.305844   5.000859  6.754698  3.422672   8.252002  4.338920
7    9.929303  10.187491  9.300480  9.783275  10.835802  8.866175
8    2.590720   2.535721  2.527802  1.727041   3.614774  1.089748
9    3.134695   2.353698  1.992774  1.048175   3.121980  1.026283
10   3.370036   2.129415  2.766172  0.197577   3.023623  0.228761
11   6.184123   6.049391  6.159271  6.538233   7.168545  5.268964
