0            0         1         2         3         4         5
0   0.254023  0.991308 -0.013600 -0.144083  0.449682  0.956575
1   0.194399  0.906229 -0.977500  0.950866 -0.109871 -0.886072
2  -0.380021  0.316760  0.313295 -0.606629 -0.455918  0.203915
3   0.008882  0.114612  0.081212 -0.482784 -0.360963 -0.701923
4   0.533122  0.539101 -0.860698  0.084644 -0.310697 -0.408186
5   0.232423 -0.823244  0.874993  0.106111 -0.546507  0.599059
6   0.895430 -0.664939  0.433555 -0.438596  0.772227 -0.101659
7  -0.364901 -0.269530 -0.104307 -1.101186 -1.037963  0.495749
8  -0.741474  0.146915 -0.846932  0.588323 -0.472836 -0.908552
9  -0.493666 -0.701235 -0.705769  0.893068 -0.180408 -0.297674
10  0.008700  0.260232  0.831267 -0.188290 -0.588507 -0.936644
11 -0.137884 -0.216191 -0.153795  0.688865  0.143287  0.360031
20            0         1         2         3         4         5
0   1.451390  0.761678  0.522745 -0.583641  0.449682  0.956575
1  -0.199805 -0.681180 -0.442690 -2.209221  2.640325 -2.228591
2   1.557938  0.041518  2.511879 -2.320763  0.302117 -3.026231
3  -1.729724 -2.640869 -0.961922 -3.299584  0.636473 -2.867439
4  -0.733694 -0.450015 -1.862911 -0.683825 -1.284904 -0.955352
5  -1.078482 -1.638253 -0.299204 -2.090930 -0.129985 -3.233919
6   1.020861 -3.361668 -1.362896 -4.550277  0.365708 -1.192807
7   0.914089 -4.436837  0.518435 -4.360998  1.673331 -4.851115
8  -1.333577 -0.615075 -1.036861  0.193679 -0.902156 -1.525653
9  -1.853174 -1.567676 -1.191096 -1.196338 -0.443197 -2.147361
10 -1.585272  0.260232 -2.638523 -2.401162 -1.027231 -2.487915
11  1.537861 -0.022593 -0.926101 -2.829567  0.870689 -3.348121
40            0         1         2         3         4         5
0   2.264415 -0.207027  2.208611 -1.944730  3.594259 -0.742779
1   1.458426 -0.269391  0.622365 -1.542869  4.761101 -2.794578
2   1.440159 -0.073038  2.481536 -2.572794  1.137070 -4.174082
3  -1.040794 -3.412294  1.968204 -4.020386  2.779061 -3.319603
4   0.704925  1.090927 -0.618292 -0.683825 -0.481045 -1.442337
5  -1.691102 -1.620836  0.105496 -3.626728  1.028747 -4.255350
6  -0.078534 -3.981916 -1.696793 -4.034343  1.308333 -2.665527
7   4.537238 -0.746340  0.353833 -2.849214  2.488291 -2.773239
8  -2.119777 -2.202538 -0.951490 -1.087353 -1.186768 -1.791404
9  -2.321667 -2.779178 -1.530198 -1.966650 -1.952470 -3.050862
10 -1.628686 -1.948092 -2.638523 -3.071592 -0.946485 -4.174105
11  2.099934  0.511434 -0.607552 -2.904959  0.183137 -3.763456
60            0         1         2         3         4         5
0   2.411225  2.859987  3.747067 -1.836468  4.880727 -2.068322
1   4.385086  0.031171  2.193348 -3.657720  4.554828 -2.524470
2   2.839225  2.974492  4.466041 -1.155284  3.815065 -4.196077
3  -1.163889 -2.612454  2.639246 -4.151860  1.879369 -3.616497
4   0.704925  1.917640 -0.618292 -1.053446 -0.605805 -2.410773
5   1.916695 -1.701909 -1.147731 -3.958429  2.124283 -3.731740
6   0.948826 -2.128410 -0.832783 -2.281120  1.817544 -3.746102
7   3.540465  1.629522  3.669164 -1.767419  5.844775 -2.210948
8  -1.469045 -2.469431 -1.420975 -1.650119 -1.268091 -2.176378
9  -2.917090 -3.981912 -1.924903 -3.442851 -2.914894 -4.179419
10 -1.541080 -3.576032 -2.826648 -4.651147 -1.556460 -5.731259
11  2.762793 -1.244414  0.430315 -4.533308  1.712114 -3.949682
80            0         1         2         3         4         5
0   3.893103  1.475447  3.274018 -1.968052  4.860010 -2.226310
1   6.346758  2.036278  2.196961 -2.199095  5.227805 -3.008371
2   4.702020  1.789328  4.587578 -1.572396  3.162662 -4.141666
3  -1.781776 -2.390241  2.295688 -3.856789  1.358742 -4.070069
4   1.573352  0.598544  0.150083 -0.488414 -0.561130 -2.599790
5   2.616760 -2.355331  0.492414 -3.791757  1.403579 -4.011677
6   1.361549 -2.903656 -1.305748 -2.211850  1.429731 -3.911702
7   0.972887 -2.175389 -1.104591 -3.656215  3.812280 -4.049155
8  -1.469045 -3.495911 -1.978025 -2.718256 -2.004317 -2.610005
9  -2.585417 -4.527335 -1.731512 -3.753478 -2.972758 -4.470369
10 -2.504412 -4.795421 -3.774222 -5.542787 -1.856611 -5.999153
11  1.259368 -2.117399 -0.514616 -4.985250  2.232226 -4.809902
120            0         1         2         3         4         5
0   7.196902  2.858889  3.045903 -2.517233  6.442339 -2.460242
1   5.582452  8.302109  4.362978 -0.819879  5.569145 -2.774168
2   3.833218  1.339800  2.019337 -0.564502  3.156986 -1.649710
3   0.817820  1.093991  0.989274 -2.141061  3.689827 -2.991371
4   2.677945 -1.158221 -0.540149 -1.467143  1.161173 -3.314418
5  -0.452772 -1.617624 -0.232204 -1.735127  1.689901 -3.578710
6   1.785302  1.237059 -0.180601 -3.281685  3.918191 -2.641670
7   3.647968  0.956223  2.961010  0.453647  4.938751 -2.429078
8  -1.855349 -4.698012 -2.676546 -4.129386 -2.670648 -3.832118
9  -2.868147 -4.946277 -3.051073 -5.672508 -2.848343 -6.674364
10 -1.930636 -5.355107 -3.898995 -5.142232 -3.251707 -6.555860
11  2.727281 -0.611585 -1.098925 -2.156955  0.476633 -2.794944
140            0         1         2         3         4         5
0   7.832053  2.858889  3.773078 -1.572668  7.246763 -2.922228
1   8.217324  8.615667  2.854188  0.394916  4.725796 -1.213473
2   2.716995  4.438450  0.740786 -0.909167  4.380228 -2.508360
3   1.538234 -1.144012  1.547942 -1.901861  4.676000 -2.597933
4   3.629819 -1.000937  0.098389 -1.716078  2.060297 -3.079301
5   3.408686  0.651735  0.809476 -2.808878  4.143828 -3.612624
6   1.085075  0.400003  0.113178 -1.879021  3.554105 -2.903049
7   4.406400  1.324980  1.438528  0.570520  3.424321 -0.060507
8  -2.974094 -5.167859 -3.065273 -4.598463 -2.425106 -4.874261
9  -3.007329 -5.526312 -2.953725 -5.788644 -2.564107 -6.658240
10 -1.841583 -5.270062 -4.494220 -5.248530 -0.851706 -6.117263
11  2.383394 -1.372116  0.292970  0.480272  0.081338 -3.619114
160             0         1         2         3         4         5
0    6.830667  4.516423  3.442392 -1.970165  6.668280 -1.780212
1   10.901655  6.150974  1.286555  1.047133  6.515702 -0.927077
2    7.165978  4.307071  2.341074 -1.374646  4.299369 -1.462123
3    2.312371  1.222620  1.199436 -2.162692  3.976381 -3.103229
4    4.772520 -0.693902  0.248018 -2.438621  2.672771 -3.218859
5    3.026227 -1.112524  0.624558 -2.459708  4.731299 -1.848529
6    5.001484  2.809884 -0.404973 -1.742067  4.907047 -2.759445
7    5.437440  1.067976  2.371219  1.470017  4.076956 -0.286388
8   -3.378198 -5.562798 -1.647668 -5.149392 -1.384986 -5.675551
9   -3.292619 -5.729071 -4.198868 -5.966650 -1.723182 -6.542205
10  -2.055952 -5.203505 -3.817676 -5.674651 -1.441178 -5.347204
11   2.618332  1.387562  1.424804 -2.619748  1.840876 -3.068876
180            0         1         2         3         4         5
0   8.073710  3.820402  3.668736 -2.290295  5.904172 -2.044805
1   8.799435  5.921742  1.527853  1.076859  7.439194  0.206211
2   8.238738  1.276513  1.575390  0.424163  4.975115 -2.694515
3   3.212401 -2.140539  0.617662 -3.049523  4.601047 -3.126729
4   3.293088 -0.877225 -0.385673 -2.368942  2.672771 -3.413517
5   3.363557 -1.584587  0.384275 -3.213239  1.759452 -1.807777
6   4.296224  2.062765 -0.352727 -3.491725  3.393151 -2.629919
7   3.255463 -0.502664  2.523885 -2.291642  4.030894 -3.006825
8  -1.722523 -5.562798 -2.941131 -5.389318 -1.905018 -6.280773
9  -3.543007 -5.997738 -2.874584 -6.387183 -1.781030 -6.570631
10 -1.381001 -5.060769 -3.812405 -4.812161 -2.125891 -5.804011
11  1.085403 -1.234928 -0.274658 -2.524505  0.448866 -3.155305
220            0         1         2         3         4         5
0   8.391258  5.483590  4.735776 -2.239176  6.182089 -0.831143
1   6.468798  6.672857  4.484046  1.660132  7.565633 -0.383248
2   6.433793  2.830627  2.240697 -1.854946  6.880938 -1.540248
3   4.769917  0.731143  2.186128  0.769568  3.078377 -2.105298
4   3.668224  0.406814 -0.732199 -1.221837  2.627745 -3.096711
5   2.769784 -0.868673  2.202691 -2.800296  2.937666 -1.157530
6   4.776432  2.684763  0.843557 -1.933140  3.864124 -2.204469
7   3.340858  1.961314  1.484239 -0.070868  2.512257  0.020227
8  -1.855182 -4.999265 -3.537302 -5.710038 -2.326492 -5.639266
9  -2.532105 -4.099866 -3.907974 -6.387234 -1.817225 -6.357896
10 -1.884001 -3.351378 -3.834374 -6.406708 -2.531549 -6.605945
11  0.193564  0.981199  0.619925 -1.919581 -0.211357 -2.631634
240            0         1         2         3         4         5
0   7.501718  5.483590  4.735776 -2.239176  5.419538 -0.831143
1   3.363134  3.619815  4.597106  0.129955  4.959009  0.618358
2   5.536826  2.748449  1.361607 -1.895892  7.112128 -1.418039
3   4.097344  0.884199  1.122806 -0.029107  2.825401 -1.769025
4   1.806579 -0.347702 -0.754875 -1.225006  2.236089 -2.984726
5   1.482879 -0.345913  2.258830 -0.726833  0.805470 -1.170083
6   3.178480  1.330467 -0.300783 -1.874654  2.783175 -1.333931
7  -1.269521 -1.388646  0.415973 -0.826266 -0.423569  0.807193
8  -2.278781 -4.634721 -3.616517 -5.557564 -2.513066 -4.639926
9  -3.338348 -3.977130 -3.818151 -5.768130 -2.638603 -5.181449
10 -2.288549 -3.049226 -3.665727 -4.133697 -2.356417 -6.605945
11 -0.603828 -2.419615 -2.192404 -2.967231 -1.814136 -2.267886
280            0         1         2         3         4         5
0   7.339589  3.949857  4.617137 -2.432738  4.861972 -1.402392
1   2.197617  2.675698  1.656824  1.670471  0.908277  0.657702
2   5.422701  1.886474  1.036829 -1.663639  4.281524 -1.834444
3   0.213950  0.406977 -0.056644 -1.583208  0.268341 -1.548332
4   0.413839 -0.767935 -0.939444 -1.605335  0.682830 -3.107359
5   1.881308 -1.154217 -0.003441 -2.627264 -0.757038 -2.692207
6   0.468528 -0.046743 -0.377729 -2.317055  0.647135 -2.354666
7  -1.362256 -3.530037 -0.863126 -2.352052 -1.322200 -3.567573
8  -2.864477 -4.930462 -3.829727 -5.366383 -2.457115 -4.929296
9  -3.677913 -4.398902 -4.573575 -5.283940 -4.289606 -5.167702
10 -2.359694 -3.921876 -4.325004 -4.231634 -3.418263 -6.151196
11 -1.538834 -3.650327 -3.369302 -4.771441 -2.361364 -4.712043
300            0         1         2         3         4         5
0   7.339589  2.346227  3.052172 -2.372791  4.612403 -1.501205
1   3.025183  1.447269  2.518517  0.845698  1.795380 -0.591450
2   4.294337  1.120732  0.075245 -0.764641  3.827768 -2.074052
3   0.358210 -0.172909 -0.509880 -1.419462  1.399394 -1.939229
4  -0.169179 -1.105321 -1.056930 -2.017905  0.682830 -3.045199
5   1.715219 -1.858867 -0.269823 -2.551665 -0.621014 -2.883934
6   0.114468 -1.121985 -1.409367 -2.772944 -1.140884 -3.087588
7   1.562811 -1.583822 -1.244949 -2.783326  0.146616 -1.183171
8  -3.288831 -4.990539 -4.094398 -5.465080 -2.632544 -5.131279
9  -3.855558 -4.894648 -4.945677 -5.124940 -4.363778 -4.971155
10 -3.099241 -3.977836 -4.400292 -4.809802 -4.252842 -6.063969
11 -1.980055 -4.181181 -2.961432 -4.003740 -2.277507 -4.491768
320            0         1         2         3         4         5
0   7.292120  2.247075  2.747389 -2.893302  4.612403 -2.887868
1   3.654419  1.922253  3.810655 -0.689235  3.059169 -0.863169
2   2.722095  0.093690 -1.111380 -1.471790  3.168712 -2.676825
3   1.327850  0.032343 -1.476948 -3.312093  0.943025 -2.754415
4  -1.055220 -0.690157  0.103842 -2.159003 -0.301306 -3.040797
5  -0.685749 -1.604807 -1.100356 -3.164993 -0.485978 -3.126980
6  -0.511830 -1.885719 -2.037503 -3.930824 -1.307791 -4.176667
7   1.319385  0.622734 -0.078596 -4.278959  1.160658 -3.361380
8  -3.600038 -5.168790 -4.293551 -5.868586 -3.276086 -5.131279
9  -4.597008 -5.155640 -5.107641 -4.452791 -5.358901 -5.107005
10 -4.089328 -4.698747 -4.770413 -5.659003 -4.252842 -6.347053
11 -2.553537 -2.767881 -3.504963 -4.964700 -1.645102 -5.279148
360            0         1         2         3         4         5
0   4.180539  1.184209  1.977172 -2.576596  4.437896 -3.074704
1   2.870243  1.088784  3.736923 -2.624116  1.861623 -1.652812
2   3.119630 -0.587814  1.261504 -2.122522  3.835699 -2.263954
3   2.172558 -2.375264 -0.504588 -3.709425  0.246674 -2.695740
4  -1.708130 -1.570422 -0.652336 -3.328182 -0.626055 -2.604495
5  -0.873325 -0.371398 -2.449872 -3.848939  2.992061 -3.482333
6  -1.085648 -0.953625 -2.733881 -3.726032  0.980927 -3.915863
7   2.042471  0.664377 -0.175201 -0.794680  1.428841 -1.186989
8  -2.704792 -5.485716 -4.432389 -6.177797 -3.721240 -5.910962
9  -4.872367 -5.666890 -4.907182 -5.794084 -4.955277 -5.993325
10 -3.687921 -5.117966 -6.148442 -5.904237 -4.819486 -6.112498
11 -0.870740 -2.238564 -2.898555 -3.592933 -0.553361 -5.537331
380            0         1         2         3         4         5
0   4.180539  0.808744  1.435589 -2.822581  4.653244 -3.870642
1   3.286213  0.473944  3.990420 -3.076309  1.913127 -1.584594
2   2.419478 -1.170429  1.830884 -3.245791  4.265862 -2.945659
3  -0.876922 -0.382719 -0.280460 -4.279447  0.977847 -2.733358
4  -1.610328 -1.742024 -1.654797 -3.662530 -1.191506 -2.925314
5  -1.525456 -1.453255 -0.497785 -3.532720  2.287491 -4.031685
6  -0.819304  0.226310 -0.899035 -3.710259  0.917697 -4.065816
7   0.345439 -1.164355 -0.766030 -2.904375 -0.736375 -4.295229
8  -3.074408 -5.611583 -4.374004 -6.320960 -3.991972 -6.225813
9  -5.098707 -5.912537 -4.578325 -5.978057 -5.189175 -6.276881
10 -4.558122 -5.761725 -4.976995 -6.198594 -5.053537 -6.555322
11 -1.724745 -2.577430 -3.917615 -4.219046 -1.380205 -5.834958
420            0         1         2         3         4         5
0   3.082769  2.727202  2.019929 -0.930483  2.168068 -3.727952
1   3.749803  2.505868  2.867173 -0.884916  2.300591 -1.312901
2   3.006747  1.016744 -0.264120 -2.369941  4.128468 -2.243826
3   1.099177 -1.285557 -2.894449 -3.469029  0.019210 -3.575041
4  -0.525729 -1.533198 -2.392561 -4.290035 -1.831409 -3.282853
5  -1.199898 -1.109808 -2.261551 -3.970144  0.962097 -3.459000
6  -0.112489 -2.335777 -1.073457 -2.995410  1.197923 -4.479447
7   1.931459 -1.031373  0.575571 -2.998447  3.265862 -2.583357
8  -3.128384 -5.999942 -5.425143 -6.288864 -4.433214 -6.166474
9  -6.016253 -6.008846 -6.490951 -7.188536 -4.906612 -6.847842
10 -4.122923 -4.662604 -6.493642 -6.763167 -4.535843 -6.586387
11 -1.032540 -1.064663 -3.591147 -5.170938 -2.132235 -3.935497
440            0         1         2         3         4         5
0   3.082769  0.834504  1.445825 -1.349570  1.654641 -3.734407
1   4.030493  1.792241  2.361750 -2.250655  3.124267 -1.731911
2   3.041139  0.189953  0.033461 -2.680776  3.254324 -2.669189
3   0.670832 -2.616197 -2.302798 -4.044991 -0.403865 -3.379579
4  -0.385408 -2.059830 -2.289341 -3.798412 -1.418334 -3.297040
5  -0.277039 -2.025765 -2.167877 -3.984496  0.992180 -3.962652
6  -0.250693 -3.228861 -1.912043 -3.252792  1.804876 -4.060928
7  -0.045142 -4.059975 -0.947562 -3.767137 -0.876545 -4.564462
8  -3.450108 -5.811598 -5.336771 -6.542320 -4.135665 -6.191918
9  -6.100297 -6.494404 -6.489901 -7.065799 -5.026316 -6.853796
10 -3.825408 -4.827955 -6.451065 -6.744262 -4.389525 -6.087747
11 -0.728500 -3.042092 -2.888712 -3.662842 -1.078353 -4.246094
460            0         1         2         3         4         5
0   4.320598  0.462040  0.728486 -1.972712  0.754776 -4.005389
1   5.126357  0.597971  1.830682 -2.225177  4.511823 -2.697333
2   3.886679  0.780282  0.267083 -2.469780  3.601452 -2.631831
3   3.385866 -1.921518 -0.994638 -4.082838  1.218448 -3.782534
4  -0.069152 -2.456224 -2.219484 -3.749051 -0.680729 -3.305061
5   1.063411 -2.483029 -2.282070 -2.998249  2.030059 -4.108515
6   0.456607 -1.783686 -2.185733 -1.969065  1.480838 -3.653204
7   3.727026 -1.171962 -2.352925 -1.852639  3.105086 -1.620739
8  -3.672513 -6.055123 -4.387711 -6.877175 -4.139321 -6.401245
9  -5.546514 -6.485532 -5.813988 -6.740082 -4.710762 -6.642919
10 -2.652460 -5.541825 -5.143665 -7.030096 -3.531169 -6.618785
11  0.579330 -2.362143 -2.904168 -4.475355 -1.468523 -3.578132
480            0         1         2         3         4         5
0   4.823446  0.151686  1.073053 -2.219766  0.786128 -3.970184
1   3.382103  1.123185  1.684802 -2.150107  4.310918 -2.704424
2   4.166891 -0.508099 -1.158319 -1.847338  1.538703 -2.072681
3   2.946269 -0.585971 -0.896661 -2.527941  2.780039 -2.853569
4   2.399684 -2.126901 -1.361240 -3.735335  1.084275 -3.536740
5  -0.456472 -1.441609 -2.641940 -2.832810  0.705971 -3.201849
6   0.359943  0.678427 -2.623948 -2.063752  1.461554 -3.521521
7   1.633914 -0.722336 -1.368083 -2.297382  2.251979 -3.172038
8  -3.466964 -5.464288 -4.788477 -6.661388 -4.700803 -6.323543
9  -3.928374 -5.922449 -5.894035 -6.015458 -2.491576 -6.895217
10 -3.097676 -5.973230 -5.135647 -5.487209 -3.438156 -6.443168
11 -1.210322 -2.205510 -2.210090 -4.045007 -0.607965 -3.663130
500            0         1         2         3         4         5
0   4.637415  0.634939  1.767873 -2.536148  1.417452 -2.483041
1   2.760748  3.381831  1.285442 -0.718852  2.658197 -0.724845
2   5.145052  1.287642 -1.697719 -1.645733  3.685260 -1.909790
3   2.088983  0.476668 -0.537136 -1.368549  1.655660 -1.437798
4   1.845442 -0.723346 -1.498762 -3.230497  0.723227 -3.665716
5   2.650655 -1.903807 -1.387959 -2.920338  1.168006 -3.072389
6   1.713739  1.063538 -1.876720 -2.134914  2.961191 -2.825310
7   2.503637  3.200461 -0.164927 -2.482415  0.860701 -1.074805
8  -3.656557 -5.374921 -4.509629 -6.487159 -4.763122 -6.389587
9  -2.301828 -5.828865 -5.872662 -6.110311 -3.070175 -6.385193
10 -3.378029 -5.682089 -5.082440 -6.201617 -2.601481 -6.441123
11  0.586411 -1.968438 -2.731003 -3.741740 -1.950137 -2.203616
520            0         1         2         3         4         5
0   4.937180  1.405738  2.039103 -2.606902  1.816927 -2.483041
1   2.646114  2.066661  2.728710 -1.559538  3.145653  0.071263
2   3.002984  1.439737  0.339614 -0.945411  2.637167 -1.551038
3   1.505281  0.876206 -1.353243 -1.409686  0.382719 -2.733096
4   0.689898 -1.086650 -1.394409 -3.542768  0.407768 -3.615580
5  -0.312545 -2.259190 -1.157640 -2.752449 -0.934702 -2.954862
6   1.010798  0.213686 -1.733536 -3.003619  1.655608 -3.149092
7   1.070929  0.225155  0.178803 -2.724757  0.001177 -1.737242
8  -3.778614 -5.183545 -3.929459 -5.674750 -4.763122 -5.946211
9  -2.675962 -5.063608 -5.546963 -6.102901 -2.976137 -5.418206
10 -3.829934 -5.552279 -5.140083 -6.046797 -2.467703 -6.224118
11 -3.688302 -3.181538 -3.020549 -3.255582 -2.410425 -2.819495
