0           0         1         2         3         4         5
0  0.339412  0.396368  0.718039  0.912252  0.601706  0.509507
1  0.456393  0.519553  0.229455  0.516419  0.626137  0.027842
2  0.624631  0.807609  0.088265  0.373169  0.883380  0.610637
3  0.878427  0.866431  0.830960  0.729819  0.961022  0.093042
4  0.773239  0.710338  0.178032  0.877177  0.131624  0.067939
5  0.427878  0.651986  0.076678  0.320193  0.831783  0.978505
6  0.710979  1.038383  0.389632  0.395625  0.342213  0.626804
7  0.453537  0.684057  0.699355  0.515987  0.868896  0.152239
8  0.136335  0.024796  0.768253  0.144347  0.089659  0.411407
20           0         1         2         3         4         5
0  0.339412  0.396368  0.560681  0.783964  0.601706  0.386506
1  0.226891  0.592308  0.229455  0.242447  0.373998  0.027842
2  0.624631  0.597040 -0.076424  0.315356  0.732639  0.610637
3  0.884063  0.734812  0.653522  0.534317  0.839722 -0.339496
4  0.451022  0.318700  0.238899  0.774801 -0.175289  0.030806
5  0.531099  0.323182  0.197083  0.139644  0.555810  0.577786
6  1.218061  0.517139  0.632217  0.481060  0.646337 -0.074214
7  0.553525  0.461539  0.845602 -0.258102  0.358738 -0.258496
8  0.174850 -0.341223  0.348013 -0.308528  0.235231  0.140771
40           0         1         2         3         4         5
0  0.555801  0.896550  0.790050  0.911769  0.676696  0.110479
1  0.226891  0.348969  0.620927  0.188674 -0.090319 -0.154025
2  0.583625  0.386712 -0.189581  0.166796  0.573015  0.515511
3  1.124005  0.734812  0.764666  0.251158  0.521436 -0.159946
4  0.451022  0.522238  0.009721  0.403111  0.029299 -0.045297
5  0.302537  0.044890 -0.001018  0.049058  0.613039  0.763511
6  0.802084  0.814416  1.088918  0.229693  1.317936  0.265373
7  1.336828  0.026624  0.934324  0.089732  0.664434  0.239652
8  0.197620 -0.148125  0.698253 -0.070523  1.290976  0.090942
