90            0         1         2         3         4         5
0   1.221763  0.893488  0.891456  0.356057  1.260739  0.280707
1   1.413766  1.328946  1.083741  0.547228  1.380745  0.367873
2   1.129475  0.937719  0.777776  0.382661  1.074781  0.364976
3   1.005080  0.457468  0.726377  0.290311  1.003872  0.413379
4   1.288975  0.840636  1.150508  0.919984  1.151022  0.624027
5   0.935938  0.854998  0.962171  0.578156  1.269150  0.596704
6   1.212195  1.111506  1.145552  0.558716  1.052739  0.685958
7   1.446919  1.383231  1.345680  1.405726  1.376977  1.208617
8   0.436544  0.452533  0.361059  0.319202  0.450263  0.441466
9   0.451682  0.169526  0.326598  0.053431  0.486658 -0.069025
10  0.614646  0.424671  0.233111  0.011473  0.385967  0.194609
11  0.768648  0.760517  0.691135  0.558178  0.943257  0.702622
190            0         1         2         3         4         5
0   1.283289  1.079326  0.997028  0.391707  1.385019  0.346682
1   1.341673  1.453853  0.903780  0.619298  1.480990  0.482195
2   0.870362  0.633525  0.749519  0.393039  1.253229  0.377419
3   1.124230  0.453172  0.960207  0.566287  1.129390  0.375141
4   1.298668  0.653266  1.162162  0.793559  1.084160  0.565718
5   0.903230  0.857846  1.011531  0.605882  1.107885  0.544189
6   1.256858  0.988146  0.921271  0.607296  1.020654  0.696687
7   1.512169  1.465001  1.417229  1.280961  1.401141  1.404005
8   0.460940  0.447874  0.378405  0.292872  0.456898  0.441466
9   0.597056  0.220474  0.500833  0.012079  0.500747 -0.120151
10  0.575407  0.466769  0.291301  0.065167  0.514048  0.302373
11  0.988149  0.804156  0.912570  0.827711  0.911876  0.792713
295            0         1         2         3         4         5
0   1.285467  1.000767  1.099251  0.511630  1.348638  0.351268
1   1.228916  1.278027  0.886159  0.600568  1.060928  0.314535
2   0.696226  0.723759  0.630706  0.519043  1.221314  0.356524
3   0.903437  0.663092  0.962934  0.442220  1.300404  0.365955
4   1.218679  0.703376  1.097693  0.733266  1.146603  0.621743
5   0.754586  0.699062  0.628797  0.491218  0.785205  0.632472
6   1.165384  0.782616  0.838547  0.655391  0.820343  0.569399
7   1.435465  1.300298  1.326046  1.267356  1.413056  1.282570
8   0.508523  0.361325  0.336694  0.477392  0.374560  0.364552
9   0.449140  0.272235  0.315532  0.147199  0.361187  0.096840
10  0.531238  0.391954  0.243719 -0.077071  0.445258  0.198993
11  0.950798  1.016925  0.962255  0.891970  0.767490  0.771245
391            0         1         2         3         4         5
0   1.419521  1.122896  1.156795  0.471943  1.357844  0.329747
1   1.143029  1.032273  1.239260  0.535177  1.394571  0.251452
2   1.197606  0.853710  0.614166  0.329089  1.354304  0.476480
3   0.927875  0.786455  0.846668  0.309091  0.882093  0.327356
4   1.110318  0.703376  1.053601  0.570249  1.048084  0.600325
5   0.915205  0.592421  0.858749  0.337546  0.728567  0.432324
6   1.051882  0.885490  0.898412  0.557542  1.060192  0.328904
7   1.471283  1.361723  1.333347  1.144559  1.378141  1.188521
8   0.498094  0.406408  0.443503  0.423503  0.384717  0.364552
9   0.504029  0.198371  0.253342  0.079429  0.335436 -0.081652
10  0.506908  0.246566  0.186656 -0.031875  0.485085  0.090434
11  0.945275  0.765094  1.029324  0.752724  0.923747  0.915597
495            0         1         2         3         4         5
0   1.339231  0.935505  1.045849  0.440098  1.243233  0.261733
1   1.483648  1.138902  0.830790  0.423309  1.148266  0.275846
2   1.133964  0.996797  0.716128  0.431304  0.973567  0.354012
3   0.898380  0.589522  0.585947  0.249077  0.812774  0.327987
4   0.986796  0.659957  0.979831  0.563874  1.111392  0.605240
5   0.961718  0.676730  0.564525  0.331106  0.922559  0.419554
6   0.938787  0.965911  0.842979  0.638603  0.967010  0.404387
7   1.222526  1.278846  1.324578  1.257703  1.377270  1.141945
8   0.449071  0.373440  0.393035  0.422782  0.464108  0.304669
9   0.438595  0.158316  0.245715  0.117823  0.339353  0.090631
10  0.642538  0.209825  0.264042  0.042134  0.483994  0.117587
11  0.953572  0.805133  0.891377  0.838086  0.996409  0.747801
