90            0         1         2         3         4         5
0  -0.024159  0.463166  0.833478 -0.500000  0.948678  0.407436
1   0.494475 -0.054045  0.636465  0.071055  0.819052 -0.320490
2   0.084041  0.581819  0.436778 -0.111763  0.820910 -0.304382
3   0.132885  0.049973  0.569118 -0.341650  0.577326  0.043086
4  -0.451037 -0.390557 -0.189727  0.031841  0.048069  0.197079
5   0.557512  0.498113  0.579265  0.600230 -0.086089  0.401383
6   0.586332  0.504721  0.628584  0.461432  0.902582  0.619278
7   0.955136  0.745985  0.914775  0.782351  0.877124  0.834289
8   0.843875  0.701691  0.513928  0.130387  0.085282  0.488489
9  -0.434999 -0.129932  0.051937  0.403575  0.397188  0.443020
10  0.207631  0.360543  0.778071 -0.075402  0.637070  0.326924
11  0.607025  0.586606  0.471492  0.514029  0.446970  0.518628
190            0         1         2         3         4         5
0   0.104257  0.582846  0.744526 -0.143986  0.919786  0.360394
1   0.766515  0.238990  0.507840  0.058666  0.810905 -0.076826
2   0.327590  0.402218  0.462202 -0.006233  0.908807 -0.235049
3   0.260173  0.042628  0.442637 -0.219435  0.454130 -0.004065
4   0.002813 -0.019972 -0.039710  0.305562  0.505797  0.444811
5   0.895050  0.799867  0.836465  0.584240  0.647353  0.621389
6   0.677139  0.771556  0.784538  0.657466  0.857954  0.666358
7   0.857400  0.842434  0.787555  0.778259  0.851174  0.805853
8   0.779685  0.645239  0.543302  0.307789  0.130225  0.488489
9   0.049467  0.175404  0.392535  0.444230  0.400782  0.350496
10  0.429976  0.321752  0.671575  0.263883  0.580859  0.411306
11  0.598662  0.550546  0.540253  0.470741  0.547363  0.462517
295            0         1         2         3         4         5
0   0.136681  0.562902  0.837156 -0.008753  0.875636  0.360394
1   0.642746  0.779604  0.826884  0.314165  0.684205  0.119665
2   0.346448  0.413939  0.546141 -0.040361  0.977795 -0.032381
3   0.434368  0.076840  0.835085 -0.047905  0.600005 -0.029823
4   0.419422 -0.037479  0.255474  0.450271  0.601630  0.612303
5   1.031679  0.626296  0.965799  0.682266  0.708368  0.736214
6   0.852748  0.910827  0.700370  0.686112  0.895606  0.727722
7   0.811148  0.695905  0.805803  0.781209  0.895704  0.798135
8   0.724421  0.608526  0.558891  0.326910  0.234302  0.454110
9   0.270512  0.354139  0.471763  0.424717  0.425962  0.371910
10  0.457150  0.386737  0.616621  0.335292  0.502958  0.447253
11  0.562371  0.508510  0.529657  0.462937  0.478427  0.422115
391            0         1         2         3         4         5
0   0.437709  0.692085  0.765784 -0.008753  0.964940  0.219987
1   0.599517  0.908720  0.807876  0.285723  0.920802  0.085972
2   0.549352  0.451413  0.373238 -0.008045  0.957657 -0.073403
3   0.355720  0.148935  0.444337  0.000999  0.660215 -0.023912
4   0.514820  0.200265  0.393484  0.561934  0.660744  0.712782
5   0.947968  0.852547  0.920119  0.652887  0.906067  0.803703
6   0.955724  0.849493  0.772225  0.867964  0.918278  0.643949
7   1.072636  0.874158  0.957667  0.877658  1.006473  0.912385
8   0.692084  0.573535  0.558891  0.366839  0.280266  0.458096
9   0.363693  0.366652  0.462157  0.464320  0.508246  0.401956
10  0.548904  0.449276  0.592369  0.406286  0.455170  0.406037
11  0.535885  0.467241  0.579130  0.500808  0.502253  0.435495
495            0         1         2         3         4         5
0   0.516248  0.745621  0.824108  0.126023  0.964940  0.162338
1   1.154748  0.710761  0.612877  0.281440  0.523950  0.032796
2   0.832270  0.721291  0.459028  0.187049  0.867647  0.026011
3   0.668546  0.205711  0.380807  0.032974  0.672999 -0.050784
4   0.655726  0.378133  0.606103  0.745842  0.672280  0.801500
5   1.008897  0.943105  0.858529  0.840370  0.771653  0.719275
6   1.046279  0.772223  0.708891  0.765331  1.020339  0.714016
7   0.919079  0.991950  0.952268  0.863642  0.869042  0.901623
8   0.644849  0.516412  0.582285  0.430096  0.278491  0.428695
9   0.523709  0.445408  0.484294  0.421248  0.465193  0.452371
10  0.544643  0.467138  0.580832  0.487474  0.487735  0.514949
11  0.466513  0.561665  0.601153  0.580351  0.462474  0.523495
58            0         1         2         3         4         5
0   0.711310  0.714706  0.898834  0.110903  0.972761  0.083458
1   1.308403  0.818157  0.936791  0.276602  0.852046  0.198482
2   0.859180  0.510385  0.575004  0.118563  0.776890  0.209712
3   0.522576  0.097760  0.414289  0.033504  0.896432  0.028781
4   0.666436  0.450479  0.667527  0.657772  0.872086  0.855417
5   0.972312  1.067050  0.877792  0.676148  0.944666  0.758824
6   0.969662  0.841949  0.894663  0.695455  1.051277  0.768339
7   1.092931  1.009551  1.063270  0.902068  1.053724  0.973592
8   0.557988  0.513776  0.575688  0.411928  0.340824  0.440318
9   0.527860  0.430290  0.497379  0.467243  0.501417  0.368370
10  0.533504  0.448964  0.553870  0.462022  0.457160  0.520281
11  0.610787  0.483758  0.555509  0.516917  0.413933  0.451933
153            0         1         2         3         4         5
0   0.832618  0.917134  1.061870  0.202050  1.244108  0.091703
1   1.284283  0.942654  1.094548  0.452118  1.106359  0.444717
2   1.025861  0.544744  0.414459  0.345642  0.873491  0.147001
3   0.876077  0.446646  0.700432  0.061081  1.179951  0.131913
4   0.891472  0.528295  0.786794  0.786530  1.009325  0.882024
5   1.285233  1.089344  0.829803  0.838383  1.190895  1.094207
6   1.010739  1.071897  0.953965  0.981768  1.176804  1.087360
7   0.997511  1.076812  1.150163  0.981508  1.246093  0.872873
8   0.528669  0.575701  0.550544  0.437825  0.372370  0.458567
9   0.573239  0.449419  0.453293  0.483970  0.507301  0.354017
10  0.521885  0.479719  0.515547  0.457292  0.455295  0.500647
11  0.592536  0.478333  0.457073  0.428566  0.403041  0.455678
257            0         1         2         3         4         5
0   1.070599  0.920649  0.828816  0.220402  1.170434  0.132440
1   1.253385  0.894354  1.017933  0.640726  1.124798  0.457732
2   0.867527  0.740777  0.563833  0.359042  0.847157  0.220331
3   0.737223  0.828272  0.674518  0.196207  1.186957  0.258205
4   0.968308  0.731208  0.929741  0.926709  1.007832  0.981209
5   1.226272  1.022922  1.210639  0.953374  1.046839  0.986052
6   1.215335  1.321305  0.984909  0.675288  1.229180  1.086639
7   1.052523  1.256370  1.026719  1.080273  0.885480  1.027154
8   0.611433  0.575007  0.527388  0.456648  0.424835  0.434900
9   0.558937  0.464769  0.486299  0.457795  0.447239  0.478353
10  0.488027  0.466352  0.502986  0.500330  0.487274  0.521900
11  0.609355  0.458810  0.515516  0.546762  0.505619  0.459266
353            0         1         2         3         4         5
0   0.995842  0.941992  0.703103  0.350047  1.208873  0.214135
1   1.131258  1.071080  1.133274  0.563374  1.076108  0.299401
2   0.943486  0.697038  0.707357  0.302328  0.975498  0.332113
3   0.802788  0.671954  0.606087  0.178889  0.949297  0.174738
4   0.993134  0.667844  0.990577  0.933008  1.039976  0.990471
5   1.090688  1.031615  1.082656  1.012163  1.014150  0.852724
6   1.085980  1.194799  1.128037  0.902295  1.138616  1.068259
7   1.081388  0.971939  1.193143  1.071812  1.112018  0.999604
8   0.602155  0.571866  0.604686  0.479710  0.433484  0.412750
9   0.546199  0.542900  0.556975  0.458591  0.440567  0.514898
10  0.420698  0.474745  0.461099  0.522777  0.501645  0.508135
11  0.571259  0.503944  0.445584  0.552626  0.565242  0.447360
456            0         1         2         3         4         5
0   1.049454  0.856839  0.629579  0.325832  1.006010  0.305909
1   1.030474  1.048288  1.036461  0.484835  0.958455  0.225658
2   1.248392  0.613388  0.698600  0.402324  1.034603  0.233433
3   0.932515  0.420709  0.706896  0.108248  1.007719  0.182727
4   1.001838  0.770986  1.062358  0.808778  1.071608  0.828379
5   1.027986  0.990855  0.984350  0.995571  1.210561  0.981321
6   1.154688  1.097908  0.904344  0.918446  1.268392  0.946740
7   1.183907  1.056010  0.998880  1.063185  1.229683  0.944546
8   0.550908  0.563599  0.596353  0.479710  0.481592  0.454463
9   0.551152  0.555491  0.624706  0.443441  0.480344  0.394960
10  0.470162  0.628322  0.498214  0.440619  0.686820  0.552154
11  0.606734  0.582450  0.578149  0.564180  0.602040  0.459868
17            0         1         2         3         4         5
0   1.088843  0.943061  0.578529  0.325832  0.984391  0.276938
1   1.042000  1.122885  1.096999  0.629760  1.045839  0.212812
2   1.113441  0.567506  0.507231  0.285778  0.885313  0.220163
3   0.746254  0.560466  0.573305  0.213737  0.986875  0.259663
4   0.946666  0.901950  1.071509  0.891667  1.072253  0.943808
5   0.916719  1.057293  1.061441  1.011315  1.180087  0.825058
6   0.994047  0.967018  1.010586  1.022332  1.043753  0.964218
7   1.284514  1.003836  1.126012  0.967694  1.147788  1.118237
8   0.650688  0.563599  0.577908  0.449797  0.514266  0.553499
9   0.487173  0.511397  0.530177  0.437683  0.510769  0.452795
10  0.476505  0.492045  0.519044  0.419929  0.652171  0.554642
11  0.608477  0.547341  0.504146  0.487574  0.561937  0.470011
120            0         1         2         3         4         5
0   1.195556  1.005146  0.661579  0.357539  1.011772  0.247489
1   1.170040  0.947365  1.099965  0.486384  1.238416  0.220535
2   1.173896  0.851950  0.887546  0.275386  1.223493  0.208352
3   0.920141  0.734505  0.854310  0.269105  0.871311  0.214344
4   0.962999  0.939540  1.215377  0.812391  1.171193  0.903593
5   1.118419  1.094450  1.150036  1.034410  1.262878  0.935224
6   1.269127  1.224558  1.161997  0.842762  1.077315  1.148991
7   1.305204  1.211775  1.267782  1.151046  1.349844  1.203456
8   0.621224  0.558435  0.572757  0.482956  0.508132  0.543285
9   0.503242  0.462149  0.404107  0.481298  0.393258  0.493073
10  0.495246  0.444617  0.508652  0.488986  0.587415  0.487437
11  0.520803  0.538245  0.633270  0.528769  0.615130  0.376406
219            0         1         2         3         4         5
0   1.203229  1.252282  0.750950  0.479824  1.092138  0.498791
1   1.419893  0.978668  1.092394  0.533157  1.312428  0.401785
2   1.204061  1.037241  0.782911  0.525146  1.087699  0.222832
3   1.183943  0.842291  0.834917  0.339158  0.978466  0.415035
4   1.213296  0.931141  1.208610  0.738512  1.213356  0.987558
5   1.218841  1.023442  1.022411  1.142305  1.113882  1.128068
6   1.250678  1.254114  1.209150  1.106457  1.280373  1.059301
7   1.369140  1.321968  1.191566  1.228189  1.195822  1.023155
8   0.598068  0.526077  0.566692  0.486207  0.508132  0.519700
9   0.617469  0.457092  0.453001  0.461765  0.404705  0.514061
10  0.563063  0.413972  0.484396  0.476913  0.498780  0.493194
11  0.610894  0.480155  0.519727  0.439868  0.541276  0.399500
316            0         1         2         3         4         5
0   1.203229  1.146505  0.720045  0.446030  0.804995  0.498791
1   1.203123  0.949075  1.198576  0.753629  1.419922  0.653697
2   1.090152  0.879638  0.876114  0.585501  1.042059  0.418955
3   1.218668  0.833589  0.753079  0.414017  0.844345  0.528569
4   1.190887  1.029670  0.941131  0.896024  1.261543  1.027615
5   0.966721  0.903361  1.003436  0.836345  1.232346  1.087900
6   1.139734  1.112185  1.179088  1.048264  1.287756  1.077042
7   1.329270  1.216434  1.119443  1.118350  1.020555  1.094737
8   0.595567  0.527554  0.566574  0.493159  0.515800  0.519700
9   0.713928  0.429052  0.471388  0.525363  0.430290  0.489731
10  0.516120  0.413972  0.495051  0.508431  0.463114  0.450699
11  0.551629  0.485847  0.479981  0.467759  0.525687  0.509475
415            0         1         2         3         4         5
0   1.091857  1.146505  0.818407  0.543297  0.993579  0.399872
1   1.160398  1.156426  1.292259  0.569038  1.275137  0.448014
2   1.192979  0.944716  0.938598  0.586088  1.211153  0.333540
3   0.977696  0.865777  0.759986  0.404210  1.230284  0.399791
4   1.200194  1.079602  0.941131  0.979959  1.312384  1.070098
5   1.267930  0.819307  1.168722  1.071746  1.218241  1.206729
6   1.355964  1.163604  1.185911  1.143612  1.273045  0.861416
7   1.267068  1.228475  1.262766  1.070351  1.055017  1.142630
8   0.604580  0.478386  0.552682  0.503321  0.518396  0.478474
9   0.672057  0.457597  0.519482  0.493058  0.457373  0.513856
10  0.508617  0.547876  0.526326  0.485490  0.521567  0.409705
11  0.571324  0.519924  0.481775  0.482379  0.511197  0.523390
517            0         1         2         3         4         5
0   1.280460  1.197096  0.996810  0.503818  0.927448  0.399872
1   1.187809  1.232355  1.068502  0.576385  1.252994  0.338810
2   1.130875  0.764570  0.747029  0.635631  1.116643  0.359765
3   0.819041  0.691071  0.758490  0.223990  1.123252  0.319936
4   1.199364  1.092590  1.065771  1.047754  1.384013  1.102484
5   1.201117  1.074627  1.180932  1.092749  1.249356  1.110814
6   1.302053  1.191293  1.100429  1.068938  1.209610  0.944234
7   1.138274  1.145012  1.059344  0.994003  1.234086  1.140366
8   0.587503  0.421310  0.543361  0.509988  0.529451  0.497613
9   0.555418  0.488406  0.514836  0.411957  0.447981  0.512951
10  0.474298  0.541335  0.528526  0.508276  0.587125  0.428347
11  0.523742  0.416445  0.528430  0.404591  0.497226  0.451299
82            0         1         2         3         4         5
0   1.324086  0.937547  1.070712  0.578601  1.117358  0.350174
1   0.982190  1.230432  1.184173  0.655216  1.513786  0.318107
2   1.162650  0.719153  0.998166  0.647428  1.157519  0.256888
3   1.010938  0.499068  0.657480  0.291157  0.932637  0.328323
4   1.241685  1.109855  0.938384  0.939400  1.258949  1.100028
5   1.165066  1.250880  1.189551  0.977557  1.330730  0.944693
6   1.297746  1.185791  1.203628  0.868733  1.212056  1.045078
7   1.216986  1.189528  1.157792  1.092390  1.203441  0.982554
8   0.564857  0.443665  0.527936  0.507168  0.529451  0.448411
9   0.638745  0.400173  0.428721  0.433713  0.451190  0.519543
10  0.457135  0.534106  0.530091  0.503229  0.538265  0.465165
11  0.407843  0.465403  0.503668  0.485898  0.460970  0.372208
182            0         1         2         3         4         5
0   1.276568  1.223294  1.148001  0.629182  1.222123  0.320154
1   1.126648  1.423473  1.027140  0.729184  1.603670  0.343744
2   1.115687  0.823780  1.008704  0.732607  1.399578  0.545674
3   1.322393  0.771582  0.778895  0.287956  0.880352  0.400497
4   1.238912  1.137507  0.912575  1.075813  1.246963  1.092795
5   1.407289  1.148054  1.260672  1.180661  1.543952  1.126609
6   1.353187  1.356641  1.269921  1.208751  1.123634  0.971583
7   1.401816  1.198044  1.281036  1.290204  1.383867  1.258409
8   0.522308  0.449655  0.509362  0.458248  0.471229  0.405339
9   0.555108  0.455270  0.442182  0.410453  0.449879  0.458310
10  0.405608  0.438606  0.466381  0.452455  0.469488  0.406020
11  0.518899  0.449723  0.463752  0.464431  0.493028  0.440983
278            0         1         2         3         4         5
0   1.343242  1.231810  1.122282  0.536633  1.133513  0.343528
1   0.964826  1.156617  1.276813  0.960690  0.929533  0.634308
2   1.144032  0.841252  0.915207  0.769718  1.445643  0.720613
3   1.089512  0.683413  0.515599  0.318002  0.742202  0.542297
4   1.387895  1.200285  1.124846  1.133195  1.125080  1.226136
5   1.435379  0.933409  1.120382  1.025339  1.291190  1.089281
6   1.429584  1.316581  1.249314  0.925939  1.309335  0.890282
7   1.111118  1.053507  1.097998  1.153785  1.137231  1.103247
8   0.585221  0.567036  0.509362  0.481206  0.470515  0.434956
9   0.504918  0.483169  0.552222  0.503035  0.536871  0.469068
10  0.428303  0.464066  0.470926  0.478615  0.397336  0.402175
11  0.550985  0.472208  0.538846  0.486150  0.423336  0.533607
377            0         1         2         3         4         5
0   1.293304  1.215826  0.935699  0.489089  1.085158  0.343528
1   1.149214  1.127835  1.017201  0.570635  0.941557  0.560431
2   1.239304  0.646709  0.982225  0.433856  1.242899  0.510137
3   0.769429  0.632459  0.499514  0.256599  0.734724  0.367672
4   1.321023  1.005336  1.135636  1.136007  1.148631  0.781484
5   1.426458  1.139074  1.111853  0.989045  1.133616  0.993239
6   1.234726  1.030552  1.275030  1.022291  1.234696  0.979915
7   1.353636  1.257923  1.137106  1.240726  1.192486  1.205049
8   0.566581  0.550035  0.501525  0.482564  0.580584  0.434956
9   0.527942  0.485492  0.464110  0.466513  0.525591  0.440701
10  0.516649  0.517713  0.427906  0.486592  0.458581  0.449148
11  0.474448  0.433438  0.547094  0.485211  0.517821  0.497261
478            0         1         2         3         4         5
0   1.226695  1.284886  1.037145  0.436784  1.085158  0.309924
1   1.441327  0.894916  0.885959  0.476783  0.946844  0.589039
2   1.111093  0.510210  0.875949  0.410903  0.918987  0.431867
3   0.837553  0.449640  0.566767  0.295259  0.741921  0.223669
4   1.405774  1.056073  1.158036  1.149450  1.212987  0.814441
5   1.288179  1.115354  1.100050  0.820485  1.145939  1.009874
6   1.284492  1.192612  1.277085  1.010795  1.161395  1.084057
7   1.260819  1.121969  1.012971  1.012028  1.244165  1.158512
8   0.554858  0.490187  0.494999  0.485614  0.541509  0.420096
9   0.480130  0.480679  0.464622  0.471290  0.502288  0.438316
10  0.474164  0.448662  0.462937  0.484769  0.472644  0.438686
11  0.407915  0.440155  0.470074  0.383816  0.537400  0.499399
