90            0         1         2         3         4         5
0  -0.406146  0.310702  0.212123  0.005068  0.930377 -0.505383
1   0.119545  0.965564  0.385756 -0.192799  0.885653 -0.013544
2   0.522202  0.290411  0.645981 -0.213209  0.619592 -0.187466
3   0.213910  0.437361  0.088291 -0.239747  0.515709 -0.450910
4  -0.429090  0.084629 -0.058335  0.251903 -0.302516 -0.460462
5   0.269410 -0.214686 -0.014286 -0.303099  0.112519 -0.102696
6   0.462506  0.286213  0.544033 -0.027577  0.979254 -0.136288
7   0.452727  0.384014  0.586637 -0.310948  0.675560 -0.134105
8  -0.631596 -0.488487 -0.472593 -0.557094  0.173603  0.344037
9  -0.266666  0.158797 -0.169587 -0.226257 -0.601506 -0.751134
10  0.030956  0.646189 -0.398476 -0.435833 -0.202814 -0.225084
11  0.402524  0.430004  0.148652 -0.052686  0.305856 -0.038804
190            0         1         2         3         4         5
0   0.201353  0.348571  0.234712  0.098474  0.940512 -0.308769
1   0.459372  0.630137  0.475574 -0.176290  0.986319 -0.159466
2   0.479910  0.221489  0.360368 -0.174753  0.771761 -0.103213
3   0.436492  0.100417  0.167164 -0.226484  0.267095 -0.419085
4  -0.275885  0.068455 -0.125328 -0.027019 -0.051467 -0.434430
5   0.520158 -0.090167  0.074801 -0.195489  0.557776 -0.178079
6   0.229632  0.097681  0.106685 -0.060933  0.485076 -0.329837
7   0.569913  0.256338  0.413186 -0.268365  0.782646 -0.126081
8  -0.441370 -0.431517 -0.327112 -0.548187  0.118204 -0.069363
9  -0.009646 -0.088239 -0.194348 -0.368508 -0.429813 -0.693423
10 -0.045990  0.151328 -0.363058 -0.436089 -0.081435 -0.397894
11  0.599885  0.393733  0.247265 -0.032273  0.326340 -0.158371
295            0         1         2         3         4         5
0   0.308088  0.347202  0.282818  0.109308  0.936963 -0.294903
1   0.560827  0.694496  0.650749 -0.068782  0.375701 -0.273666
2   0.448847  0.051981  0.334094 -0.330007  0.469337 -0.229058
3   0.374865 -0.418143  0.200929 -0.330973  0.087520 -0.368048
4  -0.281983  0.247940 -0.174093 -0.195535 -0.146194 -0.553886
5   0.083751 -0.034128 -0.335049 -0.576874  0.374202 -0.621623
6   0.118183  0.008055  0.054649 -0.415942  0.344894 -0.394281
7  -0.394747 -0.633316 -0.018133 -0.807502 -0.196472 -0.534764
8  -0.439160 -0.388898 -0.325863 -0.584214  0.095292 -0.119896
9  -0.468802 -0.561016 -0.356642 -0.536817 -0.364396 -0.627971
10 -0.361385 -0.105109 -0.320652 -0.479668 -0.165871 -0.492652
11 -0.294474 -0.515591 -0.206442 -0.319338 -0.364913 -0.606199
391            0         1         2         3         4         5
0   0.410555  0.383357  0.241089 -0.274226  1.001125 -0.256088
1   0.594469  0.200453  0.335856 -0.344344  0.497046 -0.489587
2   0.665931  0.124853  0.025933 -0.473072  0.628077 -0.192740
3  -0.061782 -0.237471  0.136375 -0.508103  0.030746 -0.566368
4  -0.219788  0.051122 -0.306422 -0.268775 -0.175861 -0.605607
5   0.074274 -0.077544 -0.249336 -0.672496 -0.043488 -0.690122
6   0.008861 -0.103998 -0.139901 -0.554249  0.295598 -0.427511
7   0.250807 -0.113260 -0.175745 -0.311291  0.300005 -0.570744
8  -0.517613 -0.500775 -0.511042 -0.646844 -0.079073 -0.281484
9  -0.529595 -0.596611 -0.629151 -0.881289 -0.651305 -0.783417
10 -0.403519 -0.599820 -0.506898 -0.803052 -0.297496 -0.730417
11 -0.237213 -0.165498 -0.753200 -0.729468 -0.131909 -0.835634
495            0         1         2         3         4         5
0   0.366710  0.380100  0.032783 -0.247348  1.036154 -0.431313
1   0.510733  0.129249  0.313176 -0.316976  0.575644 -0.567031
2   0.295307 -0.095699  0.070548 -0.625409  0.651552 -0.301487
3  -0.358510 -0.586616 -0.218953 -0.649510 -0.152924 -0.516125
4  -0.339961 -0.061112 -0.503403 -0.405957 -0.214265 -0.505145
5  -0.013482 -0.276799 -0.150570 -0.495057 -0.267827 -0.594330
6   0.001914 -0.218659 -0.183238 -0.506009 -0.000076 -0.574758
7   0.149473 -0.331620 -0.050555 -0.711907 -0.315753 -0.521621
8  -0.564495 -0.631393 -0.565544 -0.785264 -0.149705 -0.591542
9  -0.517183 -0.813481 -0.615054 -0.842656 -0.637217 -0.860633
10 -0.273229 -0.628927 -0.617450 -0.798452 -0.536435 -0.819980
11 -0.175864  0.090704 -0.416229 -0.597136 -0.279271 -0.741773
58            0         1         2         3         4         5
0   0.271577  0.446458  0.408526  0.059675  0.866144 -0.483077
1   0.339555  0.345229  0.130857 -0.632152  0.384005 -0.637143
2  -0.179826  0.239023 -0.008294 -0.719852  0.188065 -0.440271
3  -0.184633 -0.552153 -0.400994 -0.712842 -0.137725 -0.555833
4  -0.449709 -0.335021 -0.078623 -0.495754 -0.214265 -0.596459
5  -0.012363 -0.460249 -0.374017 -0.622361 -0.211280 -0.613852
6   0.040682 -0.421066 -0.320644 -0.671197  0.084795 -0.687770
7   0.151301 -0.409682 -0.061510 -0.490131  0.416466 -0.614903
8  -0.512456 -0.708770 -0.657920 -0.892234 -0.282643 -0.810085
9  -0.547537 -0.845231 -0.664661 -0.907595 -0.686651 -0.937808
10 -0.500934 -0.715437 -0.564569 -0.922333 -0.601951 -0.831610
11  0.108577 -0.631521 -0.450370 -0.505350 -0.258829 -0.667368
153            0         1         2         3         4         5
0   0.321671  0.507642  0.423719 -0.131650  0.834683 -0.541606
1   0.433801  0.423579  0.174303 -0.429415  0.603092 -0.501366
2   0.113613  0.284451  0.262059 -0.371238  0.547488 -0.398720
3   0.045057 -0.439894 -0.353943 -0.480316  0.197329 -0.586782
4  -0.305723 -0.478645 -0.124603 -0.589110 -0.072200 -0.598557
5  -0.037616 -0.151919 -0.140116 -0.556242  0.280961 -0.537383
6  -0.068823 -0.468902 -0.487534 -0.521225 -0.086620 -0.657058
7   0.501011 -0.134477  0.004008 -0.440218  0.263314 -0.494176
8  -0.501881 -0.756416 -0.657920 -0.995522 -0.451981 -0.980002
9  -0.686475 -0.785975 -0.648195 -1.017485 -0.605678 -1.019192
10 -0.351376 -0.649675 -0.546831 -1.058906 -0.649429 -0.967772
11 -0.034036 -0.299119 -0.163936 -0.799450 -0.364282 -0.711113
257            0         1         2         3         4         5
0   0.592306  0.445320  0.348114 -0.131650  0.715784 -0.389298
1   0.556281  0.204693 -0.221809 -0.142670  0.518873 -0.403488
2   0.641810  0.220953  0.103200 -0.467744  0.369682 -0.472898
3  -0.000942  0.221896 -0.362452 -0.478017 -0.113097 -0.422169
4  -0.064532 -0.428841 -0.207549 -0.530720  0.146870 -0.642309
5  -0.248944 -0.263592 -0.257950 -0.492463 -0.007868 -0.480452
6   0.079724 -0.380734 -0.067381 -0.316701  0.118190 -0.538612
7  -0.300532 -0.549879 -0.686597 -0.578456 -0.281847 -0.568476
8  -0.648932 -0.886391 -0.758483 -0.987408 -0.406029 -1.018910
9  -0.697736 -0.859268 -0.777961 -1.007414 -0.689834 -0.960267
10 -0.526703 -0.805102 -0.628971 -1.082152 -0.687776 -0.984304
11  0.024926 -0.343348 -0.298434 -0.524935 -0.446395 -0.653518
353            0         1         2         3         4         5
0   0.458730  0.618001 -0.042165 -0.247062  0.552988 -0.443059
1   0.500572 -0.302768 -0.018824 -0.259469  0.104244 -0.390710
2   0.411105  0.180229  0.104621 -0.541136  0.474434 -0.934924
3  -0.232200 -0.150667 -0.575025 -0.682168 -0.132107 -0.524175
4  -0.368006 -0.490096 -0.372878 -0.698134  0.016122 -0.742730
5  -0.547720 -0.475793 -0.429729 -0.754948 -0.205586 -0.804182
6  -0.279660 -0.789397 -0.487355 -0.570123 -0.060613 -0.869975
7  -0.326137 -0.448417 -0.280469 -0.837969 -0.479844 -1.024745
8  -0.670554 -0.979908 -0.758483 -0.996556 -0.532430 -1.026096
9  -0.707090 -0.886283 -0.907516 -1.021843 -0.743996 -0.854744
10 -0.545082 -0.994223 -0.561753 -1.087024 -0.580294 -1.050979
11 -0.169139 -0.666346 -0.390520 -0.759811 -0.317815 -0.957383
456            0         1         2         3         4         5
0   0.095274  0.530107 -0.092590 -0.482696  0.377334 -0.612718
1   0.487831  0.263246  0.235626 -0.467316  0.585599 -0.760510
2   0.476602  0.093709 -0.173349 -0.718334  0.377483 -0.772843
3  -0.020007 -0.252963 -0.188011 -0.671872 -0.180932 -0.793412
4   0.096767 -0.459232 -0.482368 -0.867074 -0.007569 -0.840400
5  -0.592820 -0.586368 -0.734866 -0.776375 -0.295269 -0.873607
6  -0.165286 -0.616519 -0.485925 -0.798411 -0.077773 -0.900175
7   0.041640 -0.421377 -0.435854 -0.543842 -0.311370 -0.556595
8  -0.665849 -1.005457 -0.920081 -1.073022 -0.627139 -1.093621
9  -0.780072 -0.961606 -0.885125 -1.106677 -0.870410 -1.004760
10 -0.713734 -1.012608 -0.782438 -0.872851 -0.654954 -1.055045
11 -0.340051 -0.430141 -0.410507 -0.841149 -0.501114 -1.036726
17            0         1         2         3         4         5
0   0.201152  0.432115 -0.122553 -0.521257  0.415828 -0.614369
1   0.282695 -0.188887  0.075599 -0.661289  0.523667 -0.916722
2   0.328601  0.154632 -0.520168 -0.756477  0.331679 -0.789328
3  -0.256725 -0.249261 -0.628976 -0.926199 -0.277431 -0.874321
4  -0.076483 -0.721119 -0.457798 -0.960713 -0.163163 -0.812737
5  -0.517776 -0.398445 -0.277687 -0.823311 -0.515345 -0.863067
6  -0.487811 -0.589435 -0.602172 -0.852880 -0.314407 -0.892202
7  -1.075503 -1.050723 -1.150353 -1.125879 -0.740175 -0.713904
8  -0.766231 -1.038438 -0.920081 -1.114649 -0.470549 -1.093621
9  -0.639162 -1.023065 -0.909198 -1.131978 -0.721036 -1.075274
10 -0.562951 -1.018893 -0.903281 -1.087848 -0.806513 -1.071195
11 -0.559754 -1.026019 -0.678588 -0.882966 -0.811346 -0.984216
120            0         1         2         3         4         5
0   0.348187  0.432583  0.055880 -0.688294  0.408308 -0.862242
1   0.657636 -0.045515  0.383634 -0.461603  0.404325 -0.854225
2   0.427248  0.265326  0.065979 -0.594912  0.227910 -0.732187
3   0.143071 -0.221503 -0.310235 -0.821991  0.211133 -0.820446
4  -0.193299 -0.762618 -0.395394 -0.951121 -0.312648 -0.638508
5  -0.386008 -0.483672 -0.334622 -0.839172 -0.458418 -0.865976
6  -0.029153 -0.431555 -0.082166 -0.688749  0.331377 -0.700851
7   0.013967 -0.122466  0.313677 -0.610293  0.552167 -0.456840
8  -0.791175 -1.059972 -0.911317 -1.166338 -0.685840 -1.093621
9  -0.457915 -1.041576 -0.930674 -1.104209 -0.546154 -1.152623
10 -0.681275 -0.998421 -0.934375 -1.158676 -0.882612 -1.206937
11 -0.548512 -0.327406 -0.220287 -0.892547 -0.395322 -1.049106
219            0         1         2         3         4         5
0   0.746185  0.239605 -0.075532 -0.473084  0.642043 -0.664033
1   0.727135  0.344048  0.051973 -0.347244  0.580498 -0.495126
2   0.544446  0.546496 -0.192368 -0.585086  0.598634 -0.681889
3   0.503726 -0.117831 -0.407656 -0.659608  0.078581 -0.654537
4  -0.044954 -0.357288 -0.269570 -0.803475 -0.201586 -0.466394
5   0.373188 -0.382280 -0.076982 -0.753647 -0.010923 -0.735363
6   0.152355 -0.271677 -0.298800 -0.474164 -0.004066 -0.690951
7   0.148789  0.126229 -0.201169 -0.555322  0.270392 -0.633301
8  -0.685618 -0.899363 -0.930934 -1.094770 -0.709846 -1.080051
9  -0.423657 -1.009417 -0.934419 -1.103776 -0.699157 -1.124934
10 -0.668351 -0.844282 -0.986515 -1.122021 -0.698400 -1.185179
11 -0.153713 -0.035344 -0.413910 -0.947476 -0.274054 -0.840594
316            0         1         2         3         4         5
0   0.746185  0.239605  0.006021 -0.473084  0.731716 -0.750915
1   0.541043  0.172832 -0.160442 -0.572627  0.292628 -0.714736
2   0.524801  0.029607 -0.337509 -0.678056  0.404571 -0.798437
3   0.107275 -0.193602 -0.653929 -0.703605 -0.131423 -0.653938
4  -0.120201 -0.641951 -0.466174 -0.797281 -0.366888 -0.612768
5  -0.025662 -0.686543 -0.350423 -0.885161 -0.144451 -0.910999
6  -0.268568 -0.292089 -0.596905 -0.648575 -0.454856 -0.572654
7  -0.369574 -0.783556 -0.626952 -1.167579 -0.124948 -0.765380
8  -0.747437 -0.909375 -1.003190 -1.087101 -0.867012 -1.110222
9  -0.513084 -1.029650 -0.970047 -1.080788 -0.605057 -0.971464
10 -0.789907 -0.905198 -1.079892 -1.113833 -0.820415 -1.148794
11 -0.331889 -0.534053 -0.656813 -1.221191 -0.505446 -1.073042
415            0         1         2         3         4         5
0   0.756771  0.103451  0.137009 -0.642114  0.402103 -0.635868
1   0.191496  0.335280 -0.080388 -0.213376  0.058547 -0.617890
2   0.583104  0.005161 -0.176623 -0.612994  0.308985 -0.870144
3   0.126924  0.305046 -0.165955 -0.850257 -0.178899 -0.890663
4  -0.202413 -0.772507 -0.272901 -0.794525 -0.190492 -0.675537
5   0.104221 -0.610095 -0.420934 -1.001269  0.094633 -0.920684
6  -0.249932 -0.443217 -0.581683 -0.811093 -0.055629 -0.815431
7  -0.346638 -0.520421 -0.321488 -0.630570 -0.550815 -0.639908
8  -0.773036 -0.862225 -0.955519 -1.107678 -0.614037 -1.137908
9  -0.759288 -0.910515 -0.912840 -1.109882 -0.732303 -1.052360
10 -0.632248 -0.967495 -0.804803 -1.125630 -0.714346 -1.147071
11 -0.171596 -0.487279 -0.246079 -0.855592 -0.416316 -0.971675
517            0         1         2         3         4         5
0   0.756771 -0.064414  0.184434 -0.633597  0.312279 -0.680159
1  -0.254221  0.267009 -0.102841 -0.496580  0.385176 -0.601599
2   0.449240 -0.037597 -0.116360 -0.669112  0.258659 -0.567179
3  -0.131282 -0.024859 -0.511924 -0.809523 -0.015196 -0.836680
4  -0.512037 -0.543843 -0.341990 -0.789474  0.067481 -0.722590
5  -0.063610 -0.605075 -0.522758 -0.753485 -0.080838 -0.795045
6  -0.035721 -0.272749 -0.404199 -0.777924 -0.348634 -0.838587
7  -0.414726 -0.515736 -0.288470 -0.646039  0.013844 -0.460045
8  -0.511864 -0.898851 -1.002987 -1.143049 -0.629067 -1.107821
9  -0.550253 -0.746003 -0.833767 -1.107412 -0.577587 -1.093226
10 -0.732021 -1.042794 -0.839946 -1.081592 -0.801791 -1.138813
11 -0.235544 -0.601657 -0.512504 -0.493488 -0.514812 -0.530573
82            0         1         2         3         4         5
0   0.691824  0.210463  0.115947 -0.747814  0.464583 -0.739087
1   0.143827  0.039900  0.094739 -0.406035  0.574913 -0.770535
2   0.527300 -0.403452 -0.000100 -0.564607  0.312694 -0.677636
3   0.058811 -0.437408 -0.493545 -0.779271  0.062275 -0.757762
4  -0.245603 -0.664470 -0.437675 -0.796723 -0.317724 -0.748964
5  -0.009319 -0.735683 -0.457611 -0.831515 -0.061231 -0.765915
6  -0.245789 -0.641777 -0.442764 -0.621409 -0.194696 -0.856416
7  -0.177906 -0.335714 -0.165880 -0.812457  0.075892 -0.726680
8  -0.496691 -1.035134 -0.866011 -1.156651 -0.706489 -1.175682
9  -0.599720 -0.901295 -0.811097 -1.221242 -0.646260 -1.206532
10 -0.886793 -1.045813 -1.018299 -1.249908 -0.827693 -1.192509
11 -0.706128 -0.760265 -0.795833 -1.039118 -0.511099 -0.769418
182            0         1         2         3         4         5
0   0.620589  0.318909  0.245149 -0.506298  0.568504 -0.553518
1   0.475964 -0.005384  0.050021 -0.503591  0.993039 -0.582171
2   0.597104  0.097593  0.163165 -0.612648  0.428355 -0.482626
3  -0.080502 -0.088644 -0.113509 -0.625419  0.395339 -0.495753
4  -0.300869 -0.469568 -0.433852 -0.636575 -0.125796 -0.699906
5   0.015426 -0.553444 -0.217504 -0.799117  0.098383 -0.442030
6   0.088278 -0.379567 -0.204654 -0.555682  0.333818 -0.584212
7   0.298406 -0.258038  0.041834 -0.320275  0.470619 -0.104559
8  -0.422972 -1.100072 -0.854190 -1.220369 -0.712322 -1.256427
9  -0.823111 -1.003752 -0.751981 -1.262889 -0.788827 -1.219517
10 -0.700618 -1.089931 -0.893220 -1.218942 -0.698034 -1.181136
11 -0.259302 -0.433094 -0.708267 -0.941699 -0.333358 -0.955612
