90            0         1         2         3         4         5
0   1.796106  0.065826  1.898771  1.513487  1.998556  1.292951
1   1.754601  2.066882  1.841773  1.300199  1.709838  1.075352
2   1.587429  1.473120  1.240352  1.220473  1.609799  1.114611
3   1.809306  1.269232  1.621370  1.207488  1.700056  1.392268
4   1.403093  1.235871  1.288097  1.160880  1.303342  1.403278
5   1.438889  1.262252  1.551998  1.043995  1.586714  1.045856
6   1.338496  1.491694  1.286174  0.872369  1.250399  0.878518
7   1.910564  1.936199  1.967361  1.867532  2.001646  1.818451
8   0.089323  0.456042  0.424703  0.402599  0.300247  0.194263
9   0.303402  0.376591  0.000000  0.291024  0.207408  0.289414
10  0.035687  0.094039  0.635362  0.229497  0.000832  0.209057
11  1.012761  0.792145  0.830929  1.001982  0.960650  0.804042
190            0         1         2         3         4         5
0   1.558409  0.065826  1.556221  1.439554  1.962568  1.010359
1   1.503650  2.042094  1.785735  0.980924  1.679313  1.089058
2   1.539349  1.125317  1.132509  0.959045  1.584276  1.027424
3   1.640518  1.034461  1.417984  0.871533  1.626431  1.090815
4   1.420138  1.401993  1.186503  1.049494  1.376103  1.273756
5   1.504696  1.145667  1.262107  1.114728  1.306031  0.982010
6   1.682237  1.198854  1.244766  0.717741  1.376423  0.510325
7   1.819056  1.645313  1.628826  1.646168  1.744068  1.617219
8   0.089323  0.456042  0.225327  0.132484  0.221049  0.044770
9   0.385520  0.231811  0.000000  0.199043  0.230377  0.117292
10  0.185182  0.139214  0.266935  0.132663  0.000832  0.171994
11  0.865009  0.812679  0.814384  0.849678  0.746026  0.832324
295            0         1         2         3         4         5
0   1.607382  0.065826  1.591832  1.424355  1.825746  0.892649
1   1.627082  1.458940  1.209934  0.909329  1.403437  1.053041
2   1.501655  1.291350  1.132509  0.891654  1.631567  1.081676
3   1.290598  0.848649  1.274435  0.976139  1.342414  0.805924
4   1.275779  1.353858  1.156028  0.989963  1.400418  1.149505
5   1.049196  1.108513  1.041420  0.657591  0.965998  0.599177
6   1.536544  1.039875  1.133783  0.920240  1.382249  0.448269
7   1.450633  1.207749  1.610588  1.494475  1.617481  1.497978
8   0.164854  0.373326  0.135599  0.103114  0.225727  0.044770
9   0.584962  0.247932  0.000000  0.193336  0.141691  0.084281
10  0.307215  0.137326  0.173131  0.160021  0.000832  0.175118
11  0.789510  0.883236  0.757862  0.872988  0.988241  0.722708
391            0         1         2         3         4         5
0   1.597587  0.065826  1.558506  1.211373  1.853182  0.892649
1   1.774269  1.787277  1.467975  0.786239  1.471069  0.828678
2   1.395959  1.233149  1.145497  0.808437  1.211447  0.926181
3   0.829462  0.719064  1.289222  0.914869  1.057971  0.670072
4   1.452714  1.258723  1.160231  0.934847  1.305507  0.867706
5   1.002989  0.986797  0.880270  0.564519  1.076712  0.625650
6   1.181872  1.102215  0.941023  0.599675  1.331172  0.362268
7   1.451846  1.435618  1.515133  1.353279  1.404243  1.393944
8   0.213135  0.339889  0.134559  0.111632  0.234237  0.044770
9   0.324888  0.087881  0.000000  0.060400  0.154495  0.072240
10  0.259402  0.248191  0.361271  0.054197  0.000832  0.088992
11  0.909204  0.795378  0.823564  0.802865  0.914321  0.689534
495            0         1         2         3         4         5
0   1.674433  0.065826  1.490089  0.990773  1.740551  0.791571
1   1.657523  1.437259  1.390183  0.709463  1.521722  0.841414
2   1.178461  0.961655  1.073650  0.639628  1.426728  0.882697
3   1.327920  1.197748  0.981978  0.772196  1.141908  0.567931
4   1.435126  0.968108  0.890720  1.035983  1.078180  0.749834
5   1.137120  0.889596  0.525774  0.336108  1.173212  0.719389
6   1.378466  0.833373  0.698472  0.628961  1.350359  0.453789
7   1.597929  1.375453  1.315605  1.303887  1.521708  1.301582
8   0.224876  0.336366  0.094293  0.075818  0.351900  0.044770
9   0.281975  0.096103  0.000000  0.079086  0.107137  0.119561
10  0.341272  0.215154  0.163656  0.022037  0.000832  0.133012
11  0.806434  0.732590  0.619972  0.836194  0.771915  0.733505
58            0         1         2         3         4         5
0   1.384637  0.279537  1.534690  0.831002  1.753177  0.743714
1   1.618534  1.293027  1.417403  0.580194  1.242768  0.776991
2   1.439944  1.071465  1.079923  0.548974  1.502789  0.623491
3   1.000802  0.787933  0.827281  0.581592  1.319771  0.519067
4   1.322707  1.066521  0.898674  1.018210  0.995678  0.660909
5   1.346963  0.694249  0.650263  0.461387  0.875875  0.507595
6   0.988521  0.654486  0.865169  0.656257  1.316708  0.503574
7   1.476842  1.523566  1.346891  1.332912  1.345755  1.399961
8   0.304190  0.324530  0.009390  0.000000  0.459119  0.079020
9   0.147818  0.000000  0.001044  0.011249  0.116075  0.060019
10  0.163650  0.048356  0.505515  0.000000  0.019432  0.022512
11  0.847924  0.704409  0.812164  0.644029  0.783908  0.738902
153            0         1         2         3         4         5
0   1.697334  0.279537  1.531500  0.737323  1.773145  0.743714
1   1.927714  1.489353  1.265508  0.917706  1.747540  0.634496
2   1.323429  1.116250  1.118595  0.805534  1.032795  0.698481
3   1.054451  0.828468  0.868409  0.679003  1.454985  0.556237
4   1.236528  1.103864  0.898674  0.932714  1.148449  0.660909
5   1.411606  0.686555  0.936984  0.384455  1.294380  0.569859
6   0.950768  0.902807  0.767678  0.640880  1.192195  0.611168
7   1.601395  1.446302  1.462858  1.528520  1.566137  1.209100
8   0.259141  0.218584  0.023864  0.000000  0.392941  0.110021
9   0.178859  0.044702  0.081764  0.000000  0.200973  0.056083
10  0.197790  0.144677  0.275193  0.002591  0.007579  0.000000
11  0.779767  0.705761  0.704157  0.715699  0.778316  0.708743
257            0         1         2         3         4         5
0   1.397803  0.279537  1.353619  0.654041  1.385403  0.679562
1   1.702687  1.243090  1.205727  0.840435  1.652005  0.613595
2   1.337250  1.329148  1.024069  0.607484  1.248489  0.644853
3   1.140375  0.855647  0.903131  0.698523  0.964681  0.464536
4   1.130564  1.095006  0.800083  0.946155  0.988676  0.658240
5   1.088148  0.734344  0.673891  0.402763  1.102886  0.410621
6   1.314545  0.932497  0.684871  0.827190  0.993748  0.822374
7   1.329083  1.445705  1.353552  1.279143  1.484685  1.474547
8   0.398955  0.205458  0.000000  0.003207  0.172139  0.061139
9   0.244481  0.000000  0.140451  0.121714  0.309880  0.038444
10  0.074568  0.000000  0.306091  0.007053  0.002953  0.004462
11  0.710591  0.699157  0.803834  0.722219  0.732439  0.651749
353            0         1         2         3         4         5
0   1.586153  0.337014  1.399172  0.699464  1.207077  0.607712
1   1.784102  1.112558  1.061671  0.821853  1.305992  0.589454
2   1.235467  0.986153  1.149731  0.494562  1.385046  0.579009
3   1.019523  0.653171  0.856919  0.618506  0.926313  0.487983
4   1.138383  0.900025  0.746533  0.474784  1.052186  0.512850
5   1.118241  0.731743  0.755500  0.240126  0.958901  0.282717
6   1.002967  0.754365  0.698431  0.544955  1.104559  0.600880
7   1.178489  1.422847  1.286905  1.305954  1.330585  1.321642
8   0.229229  0.161850  0.000000  0.003207  0.105758  0.061139
9   0.034137  0.037719  0.068469  0.000000  0.016210  0.030454
10  0.127501  0.000000  0.100201  0.042318  0.072325  0.073835
11  0.691818  0.739977  0.575860  0.711508  0.697345  0.617464
456            0         1         2         3         4         5
0   1.465012  0.354215  1.367607  0.851355  1.472012  0.607712
1   1.849282  1.255795  1.150889  0.786044  1.750927  0.553662
2   1.282293  0.834304  1.138861  0.472482  1.325940  0.490134
3   0.935950  0.632446  0.731472  0.502056  0.987150  0.368189
4   1.147195  0.798938  0.823041  0.454844  1.000102  0.615813
5   1.298164  0.871559  0.699266  0.288057  0.558454  0.280420
6   1.330166  0.667435  0.504481  0.404696  0.963734  0.612683
7   1.265745  1.351289  1.346862  1.276200  1.190519  1.299527
8   0.154411  0.113132  0.000270  0.003478  0.092479  0.000000
9   0.093318  0.037969  0.176267  0.005994  0.075959  0.000000
10  0.196469  0.120360  0.123098  0.000000  0.136362  0.018975
11  0.796541  0.678234  0.569073  0.759408  0.653610  0.474578
17            0         1         2         3         4         5
0   1.503351  0.354215  1.341780  0.840003  1.433997  0.568557
1   1.620970  1.358900  1.077310  0.657697  0.997897  0.495636
2   1.381775  0.982834  1.150721  0.506625  1.189977  0.588598
3   0.609443  0.593451  0.647328  0.400443  0.752420  0.344532
4   1.118500  0.745724  0.850570  0.382395  0.936507  0.654119
5   0.811507  0.670293  0.618952  0.452690  0.587448  0.341448
6   0.982319  0.689948  0.529280  0.404696  0.477236  0.413736
7   1.287680  1.202186  1.126969  0.972502  1.241673  1.275980
8   0.142644  0.125511  0.032036  0.000000  0.144877  0.031766
9   0.154591  0.016095  0.009479  0.000760  0.042031  0.000000
10  0.129516  0.017032  0.082650  0.013318  0.057715  0.000000
11  0.664616  0.708985  0.715574  0.629927  0.658528  0.659834
120            0         1         2         3         4         5
0   1.480318  0.504329  1.489524  0.642045  1.147466  0.526219
1   1.227464  1.596163  0.883532  0.480009  1.262792  0.317352
2   0.967558  0.646129  0.774997  0.319494  1.114122  0.453882
3   0.637183  0.880406  0.572533  0.351035  0.575506  0.319165
4   0.910838  0.707723  0.776630  0.358077  1.044088  0.559461
5   0.620411  0.505294  0.683988  0.219638  0.877424  0.200363
6   0.728865  0.536328  0.545271  0.381986  0.929980  0.310803
7   1.117164  1.278756  1.175455  1.068154  1.279500  1.162930
8   0.180525  0.124347  0.057974  0.001099  0.123454  0.000000
9   0.190247  0.000000  0.244420  0.000539  0.274100  0.010867
10  0.251522  0.087740  0.115656  0.040650  0.292414  0.000000
11  0.712072  0.642312  0.781237  0.650094  0.807355  0.663075
219            0         1         2         3         4         5
0   1.322672  0.431430  1.210606  0.703175  1.263248  0.468335
1   0.997049  1.052278  1.059595  0.399749  1.099630  0.249915
2   1.100364  0.819387  0.717568  0.284346  1.091982  0.453882
3   1.182124  0.865286  0.538123  0.271665  1.192537  0.246618
4   1.007317  0.787540  0.763195  0.503558  1.066849  0.519224
5   1.112243  0.641622  0.612919  0.339464  0.933545  0.185445
6   0.836302  0.614487  0.588767  0.408555  1.273985  0.449779
7   1.134116  1.313787  1.274270  1.169870  1.278819  1.189427
8   0.187154  0.004912  0.114889  0.001099  0.191764  0.000000
9   0.229630  0.000000  0.270740  0.000539  0.106368  0.010867
10  0.161561  0.184064  0.173053  0.000000  0.340716  0.067335
11  0.850121  0.655060  0.649388  0.618930  0.732830  0.565712
316            0         1         2         3         4         5
0   1.281425  0.409210  1.252818  0.610972  1.162598  0.425296
1   1.400009  0.827952  0.999922  0.350373  1.184896  0.255153
2   1.224741  0.958044  0.673385  0.257953  0.897448  0.421720
3   0.588822  0.679591  0.479198  0.214112  0.924893  0.219175
4   1.003266  0.715112  0.665140  0.433835  0.895215  0.627529
5   0.903382  0.517926  0.529736  0.287494  0.685949  0.461497
6   0.687714  0.546679  0.603108  0.391579  0.662438  0.388566
7   1.078917  1.040592  1.120769  0.965782  1.113741  1.047110
8   0.201242  0.004912  0.031497  0.001099  0.075265  0.000000
9   0.329426  0.074025  0.021333  0.000000  0.190357  0.010495
10  0.088507  0.074058  0.028143  0.000000  0.211317  0.083316
11  0.691864  0.725858  0.573184  0.702223  0.614877  0.595969
415            0         1         2         3         4         5
0   1.361901  0.343747  1.203148  0.742542  1.003190  0.433618
1   1.204334  0.448048  0.836732  0.352419  0.987435  0.246185
2   0.708674  0.864449  0.736588  0.153530  0.916301  0.251964
3   0.843444  0.281794  0.647295  0.123802  0.666834  0.241817
4   0.959769  0.530914  0.620065  0.473623  0.799435  0.576255
5   0.542827  0.393043  0.518869  0.209816  0.692033  0.211423
6   0.576955  0.477022  0.627951  0.178833  0.731604  0.305762
7   1.189625  1.036345  1.070599  1.097478  1.053174  1.054428
8   0.281387  0.103922  0.153664  0.000000  0.335481  0.099011
9   0.166067  0.000000  0.041533  0.000170  0.035536  0.010664
10  0.129707  0.004710  0.014209  0.000000  0.143882  0.002998
11  0.853316  0.599132  0.626808  0.642005  0.662101  0.656749
517            0         1         2         3         4         5
0   1.331620  0.343747  1.002809  0.516489  1.021324  0.433618
1   0.848005  0.900806  0.990264  0.261281  0.602563  0.149377
2   0.844506  0.726177  0.478161  0.132228  0.664932  0.192657
3   0.236797  0.146497  0.268707  0.035071  0.394802  0.077701
4   0.961438  0.550344  0.401748  0.352679  0.791221  0.614066
5   0.404579  0.338158  0.342171  0.100171  0.547803  0.149021
6   0.668846  0.510466  0.324570  0.119846  0.594964  0.267413
7   0.995913  1.118149  0.961204  0.871017  0.876905  0.861051
8   0.159218  0.245476  0.105792  0.000000  0.251383  0.059510
9   0.151543  0.053523  0.000000  0.015757  0.097331  0.010026
10  0.142574  0.079464  0.068235  0.032822  0.105521  0.000000
11  0.714248  0.609917  0.529107  0.699854  0.603111  0.661694
82            0         1         2         3         4         5
0   1.072814  0.343747  0.849669  0.469110  1.070835  0.369695
1   0.926050  0.664621  1.007868  0.169006  0.773823  0.085723
2   0.708040  0.861999  0.402426  0.132228  0.915147  0.237253
3   0.156583  0.116826  0.581864  0.000000  0.790251  0.025248
4   0.785333  0.485427  0.295059  0.313387  0.788383  0.429636
5   0.609141  0.256417  0.320930  0.100171  0.504923  0.102026
6   0.564706  0.385127  0.351038  0.047918  0.680044  0.360637
7   1.007407  0.900082  0.947405  0.715519  0.811369  0.864883
8   0.098080  0.137584  0.036151  0.000000  0.227682  0.019647
9   0.198704  0.048280  0.076184  0.024621  0.096876  0.000000
10  0.185024  0.050116  0.124148  0.006194  0.094222  0.000000
11  0.647023  0.670719  0.616378  0.625700  0.776554  0.601189
182            0         1         2         3         4         5
0   1.145525  0.480926  0.832565  0.465222  0.922004  0.350895
1   1.017378  0.872562  0.834369  0.132480  1.239552  0.085723
2   0.568484  0.496280  0.489066  0.100771  0.964089  0.179561
3   0.900470  0.586164  0.432373  0.000000  0.850286  0.096297
4   0.817357  0.680237  0.402168  0.142835  0.712915  0.355603
5   0.724687  0.434050  0.596338  0.062975  0.683507  0.140637
6   0.829713  0.370781  0.678762  0.047918  0.751170  0.201997
7   1.192988  1.106405  1.166819  1.106192  1.204197  1.080646
8   0.155159  0.163385  0.036151  0.000000  0.342113  0.019647
9   0.278009  0.014106  0.153027  0.000000  0.194526  0.077841
10  0.256065  0.210594  0.000000  0.081803  0.366786  0.040471
11  0.699785  0.659490  0.707203  0.663174  0.831238  0.655032
278            0         1         2         3         4         5
0   1.019773  0.575532  0.772746  0.405954  1.024524  0.309269
1   0.722417  0.679287  0.663527  0.125427  1.120797  0.054507
2   0.830489  0.633762  0.444909  0.102443  0.960141  0.139526
3   0.464616  0.462692  0.430251  0.000000  0.708456  0.049369
4   0.819778  0.675185  0.370286  0.142835  0.495157  0.372878
5   0.426356  0.385714  0.304673  0.066125  0.583821  0.190891
6   0.742524  0.288189  0.561559  0.047918  0.953156  0.221842
7   0.913984  0.913122  1.087245  0.911637  0.970564  0.933369
8   0.263331  0.078722  0.023372  0.000000  0.246140  0.041758
9   0.136390  0.000000  0.037677  0.016861  0.052208  0.052250
10  0.156155  0.030510  0.016582  0.000000  0.198170  0.050542
11  0.645373  0.737196  0.604826  0.682412  0.628683  0.570656
377            0         1         2         3         4         5
0   1.048861  0.464460  0.888939  0.309898  1.009690  0.309269
1   1.035891  0.896646  0.718521  0.277232  0.975116  0.030306
2   0.927791  0.663560  0.446022  0.056194  0.820845  0.048616
3   0.267688  0.280545  0.207445  0.000000  0.469318  0.049369
4   0.755154  0.414678  0.493258  0.101599  0.454567  0.420516
5   0.331725  0.162243  0.265030  0.066125  0.563421  0.096081
6   0.419034  0.211524  0.370834  0.089603  0.475113  0.135427
7   0.829123  1.022301  0.922951  0.918559  0.965406  0.882864
8   0.291200  0.000000  0.045375  0.022002  0.197211  0.026245
9   0.210665  0.105435  0.044588  0.000000  0.066786  0.096547
10  0.168157  0.010422  0.000000  0.004110  0.085121  0.013887
11  0.559955  0.701555  0.765111  0.669453  0.724420  0.645332
478            0         1         2         3         4         5
0   1.048861  0.545293  0.838390  0.246282  0.988014  0.185320
1   0.931054  0.720581  0.668384  0.168604  0.538062  0.027896
2   0.617008  0.794380  0.240276  0.056194  0.394522  0.048616
3   0.133737  0.220944  0.141332  0.004515  0.282389  0.000000
4   0.635855  0.310314  0.405631  0.101599  0.374551  0.248407
5   0.323854  0.103566  0.279724  0.000000  0.332034  0.060602
6   0.727437  0.077158  0.075060  0.070270  0.488344  0.131171
7   0.789451  1.024975  0.725728  0.795069  0.900225  0.750118
8   0.220138  0.032407  0.075664  0.000000  0.229803  0.000045
9   0.276028  0.041808  0.055519  0.002395  0.027255  0.000000
10  0.226608  0.010422  0.000000  0.004110  0.202757  0.013887
11  0.722396  0.674107  0.568067  0.584794  0.598637  0.636418
