90            0         1         2         3         4         5
0   0.567947  0.000000  0.019833  0.343165  1.251332  0.274866
1   1.174601  0.488084  0.798794  0.066369  0.772184  0.310187
2   0.759675  0.785897  0.723453  0.410396  0.000000  0.018973
3   0.657688  0.496217  0.518163  0.121327  0.000000  0.126538
4   1.066843  0.940256  0.868506  0.000000  1.192338  0.957830
5   0.669529  0.000000  0.836535  0.878714  0.766353  0.951072
6   0.000000  1.105741  1.057394  0.369329  1.070747  0.838344
7   0.992538  0.902317  0.978689  0.910208  0.992539  0.869978
8   1.138491  0.773772  0.606354  1.019153  0.000000  0.911352
9   1.065318  0.481682  0.000000  0.553517  1.043502  1.194024
10  0.000000  0.605379  0.046707  0.822600  0.313016  1.027358
11  1.017841  0.000000  0.894185  0.867157  1.017825  0.509295
190            0         1         2         3         4         5
0   0.864656  0.000000  0.019833  0.343165  1.293244  0.181595
1   1.224339  0.882713  0.720139  0.066369  1.105739  0.171956
2   0.760307  0.424603  0.702996  0.230466  0.000000  0.018973
3   0.764520  0.521002  0.400202  0.069398  0.000000  0.061059
4   1.143054  0.981005  0.893479  0.000000  1.077483  0.953460
5   0.941931  0.000000  0.927304  0.913671  0.915341  0.831260
6   0.000000  1.001747  0.915836  0.701761  1.081916  0.858969
7   1.103546  0.914259  0.960485  0.951700  0.984993  0.885415
8   0.967939  0.805974  0.625954  0.970592  0.000000  0.846421
9   0.870744  0.619957  0.000000  0.725344  0.878720  0.735795
10  0.000000  0.754449  0.128379  0.748539  0.553004  0.924193
11  0.877950  0.000000  0.752792  0.834861  0.846137  0.677933
295            0         1         2         3         4         5
0   0.678658  0.000000  0.019833  0.343165  0.982096  0.181595
1   1.079781  0.946016  0.468108  0.066369  0.841739  0.385003
2   0.791833  0.359985  0.784119  0.398200  0.000000  0.018973
3   0.615679  0.349065  0.263386  0.042003  0.000000  0.041242
4   1.099360  0.950125  0.907309  0.000000  0.924558  0.832923
5   1.046187  0.000000  0.909655  0.809652  0.935495  0.698013
6   0.000000  0.945914  0.814753  0.812864  0.938002  0.903163
7   0.820617  0.836731  0.873518  0.879141  0.854933  0.782572
8   0.811897  0.802028  0.625954  0.894451  0.000000  0.838893
9   0.672715  0.693788  0.000000  0.688158  0.823041  0.711676
10  0.000000  0.711230  0.193298  0.730886  0.606224  0.814403
11  0.846773  0.000000  0.756224  0.615429  0.723527  0.753563
391            0         1         2         3         4         5
0   1.061737  0.000000  0.019833  0.297987  0.699329  0.146125
1   1.084242  0.601481  0.591086  0.066369  1.127785  0.204195
2   0.913542  0.620084  0.503458  0.217850  0.000000  0.018973
3   0.673677  0.277081  0.101270  0.016451  0.000000  0.041242
4   1.042973  0.898680  0.907309  0.000000  0.897542  0.728641
5   0.913939  0.000000  0.853301  0.778616  0.945115  0.695505
6   0.000000  0.781510  0.939781  0.829839  0.918233  0.708628
7   0.890807  0.937069  0.818795  0.861804  0.903665  0.759210
8   0.790748  0.803225  0.622985  0.782808  0.000000  0.801461
9   0.688403  0.610290  0.000000  0.626167  0.780983  0.714288
10  0.000000  0.582961  0.273991  0.609193  0.642983  0.634596
11  0.651898  0.000000  0.569453  0.561167  0.652363  0.634637
495            0         1         2         3         4         5
0   1.235980  0.000000  0.136821  0.297987  1.008609  0.230534
1   0.526917  0.458413  0.605387  0.163287  1.290397  0.448484
2   0.811564  0.936580  0.404180  0.095689  0.000000  0.018973
3   0.607111  0.311056  0.330186  0.015547  0.000000  0.002767
4   1.008125  0.915810  0.866194  0.000000  0.871240  0.724197
5   0.898605  0.000000  0.872164  0.785440  0.959474  0.748717
6   0.000000  0.837207  0.872002  0.921123  0.857146  0.785517
7   0.824456  0.848285  0.892766  0.835355  0.853941  0.611088
8   0.795008  0.754432  0.644811  0.730160  0.000000  0.773451
9   0.593983  0.634814  0.000000  0.614697  0.711777  0.643166
10  0.000000  0.552197  0.403889  0.603896  0.614079  0.567598
11  0.704306  0.000000  0.785646  0.529158  0.569355  0.636181
58            0         1         2         3         4         5
0   0.970468  0.027307  0.235061  0.332242  1.035642  0.195244
1   0.943448  0.538394  0.850925  0.091450  1.182093  0.416376
2   1.003218  0.847795  0.733999  0.080032  0.008919  0.000000
3   0.615591  0.099503  0.557588  0.070947  0.000000  0.027842
4   0.946059  0.982983  0.776633  0.100651  0.853299  0.740644
5   0.853989  0.099660  0.859302  0.700381  1.040725  0.769966
6   0.128923  0.790777  0.863750  0.774152  0.805582  0.793844
7   0.858760  0.952377  0.992583  0.792645  0.861332  0.773930
8   0.782579  0.728892  0.626685  0.715083  0.000000  0.666671
9   0.554597  0.505813  0.000000  0.615131  0.570901  0.565323
10  0.000000  0.564005  0.512966  0.596318  0.506409  0.456277
11  0.516881  0.234078  0.570560  0.575786  0.582854  0.538500
153            0         1         2         3         4         5
0   0.976401  0.027307  0.235061  0.416573  0.882549  0.171735
1   1.067225  0.880002  1.119578  0.105985  0.754233  0.379419
2   1.080154  0.711073  0.716922  0.061683  0.008919  0.000000
3   0.781126  0.509102  0.516522  0.051392  0.000000  0.015412
4   0.980220  0.890222  0.872948  0.100651  0.920326  0.755018
5   0.915073  0.099660  0.993236  0.672631  1.093712  0.878807
6   0.673418  0.944444  1.013984  0.901415  0.771217  0.778771
7   0.935578  0.845255  0.786072  0.878783  0.996654  0.892124
8   0.696539  0.635013  0.602007  0.670679  0.000000  0.647197
9   0.474196  0.517756  0.000000  0.552172  0.611308  0.457462
10  0.000000  0.561724  0.520628  0.576186  0.488709  0.468362
11  0.430859  0.346201  0.482272  0.456603  0.482541  0.495400
257            0         1         2         3         4         5
0   1.073132  0.125495  0.235061  0.439389  0.924746  0.171735
1   0.932946  0.835775  0.900092  0.204787  1.082154  0.302232
2   0.881854  0.696647  0.357657  0.048387  0.008919  0.000000
3   0.684562  0.475179  0.300203  0.060644  0.000000  0.015412
4   0.956960  0.816013  0.885365  0.100651  0.898600  0.856555
5   0.899114  0.246784  0.849399  0.713203  0.726937  0.907491
6   0.663933  0.851688  0.775318  0.942975  0.859571  0.726697
7   0.880780  0.903632  0.847119  0.827870  0.937632  0.943615
8   0.638048  0.660266  0.578885  0.557161  0.000000  0.618690
9   0.551180  0.484927  0.000000  0.556656  0.591750  0.483101
10  0.000000  0.571719  0.483853  0.604713  0.430204  0.478251
11  0.617339  0.523800  0.554304  0.502641  0.517159  0.495635
353            0         1         2         3         4         5
0   1.087910  0.125495  0.297671  0.387798  0.706870  0.212283
1   0.658480  1.100504  0.585322  0.205444  0.840683  0.297378
2   0.399467  0.318035  0.383334  0.016338  0.586473  0.000000
3   0.471588  0.347734  0.269241  0.065801  0.005157  0.000000
4   0.820096  0.815219  0.877076  0.100651  0.892366  0.839465
5   0.857020  0.247718  0.818959  0.661333  0.801062  0.623028
6   0.715428  0.794527  0.795366  0.781748  0.716474  0.703001
7   0.906898  0.719233  0.713061  0.764931  0.769003  0.704046
8   0.618323  0.594240  0.578885  0.546977  0.000000  0.603573
9   0.548557  0.564323  0.000000  0.562655  0.497526  0.400190
10  0.000000  0.506291  0.462139  0.579872  0.545776  0.507667
11  0.522165  0.530840  0.490361  0.533249  0.538617  0.481282
456            0         1         2         3         4         5
0   0.971877  0.125495  0.297671  0.213433  0.641552  0.145094
1   0.766920  0.994575  0.426429  0.212373  1.125059  0.156155
2   0.467150  0.343694  0.291655  0.016338  0.703130  0.000000
3   0.369915  0.394670  0.286589  0.014310  0.005157  0.000000
4   0.815906  0.809638  0.878214  0.100651  0.878017  0.740448
5   0.938967  0.392953  0.754784  0.680017  0.798846  0.622051
6   0.892314  0.942154  0.820713  0.691701  0.819014  0.750990
7   0.974451  0.689248  0.777982  0.835563  0.864748  0.793961
8   0.595047  0.561144  0.544512  0.478742  0.000000  0.550301
9   0.538047  0.535417  0.000000  0.480816  0.497424  0.369948
10  0.000000  0.482358  0.464795  0.548813  0.469456  0.501082
11  0.479651  0.470076  0.409747  0.409402  0.438819  0.445294
17            0         1         2         3         4         5
0   0.716708  0.234518  0.222333  0.168225  0.689431  0.095642
1   0.795251  0.370280  0.553721  0.113466  0.817401  0.090058
2   0.412597  0.393410  0.106513  0.044248  0.588034  0.000000
3   0.364900  0.202965  0.234925  0.000000  0.124558  0.009354
4   0.811291  0.770508  0.834883  0.100651  0.858106  0.734488
5   0.789818  0.564827  0.692264  0.623272  0.662799  0.669183
6   0.838611  0.860684  0.822775  0.683379  0.759434  0.763075
7   0.622882  0.680139  0.715714  0.587565  0.668828  0.684730
8   0.546775  0.474124  0.530862  0.469151  0.000000  0.543458
9   0.480169  0.466689  0.041575  0.403924  0.340900  0.413541
10  0.045809  0.472579  0.554949  0.508990  0.457257  0.436487
11  0.434779  0.421253  0.432757  0.444979  0.422853  0.421176
120            0         1         2         3         4         5
0   1.002823  0.300002  0.504367  0.166200  0.555113  0.056294
1   1.089994  0.748224  0.881759  0.080551  0.940755  0.032587
2   0.497095  0.284145  0.228086  0.000000  0.867218  0.011739
3   0.513065  0.161688  0.156829  0.007110  0.594795  0.000000
4   0.800350  0.875277  0.850363  0.170013  0.913849  0.609904
5   0.801288  0.662890  0.873389  0.661179  0.848334  0.616024
6   0.863275  0.922282  0.760265  0.769005  0.844358  0.799606
7   0.943098  0.845508  0.687347  0.808575  0.831870  0.781595
8   0.506845  0.466240  0.511489  0.469151  0.000000  0.507883
9   0.502539  0.461163  0.041575  0.391924  0.378797  0.367969
10  0.190374  0.433460  0.516601  0.443939  0.404806  0.388910
11  0.425605  0.434043  0.481853  0.445280  0.415229  0.374532
219            0         1         2         3         4         5
0   0.781234  0.393581  0.512490  0.132475  0.646478  0.028102
1   1.075661  0.828810  0.795485  0.169537  0.774319  0.032587
2   1.130590  0.231364  0.269943  0.000000  0.804069  0.011739
3   0.718255  0.325353  0.142165  0.007110  0.724000  0.000000
4   0.903755  1.060599  0.861544  0.305687  0.881500  0.618538
5   1.016112  0.835431  0.968364  0.835361  0.957458  0.608175
6   0.707976  0.967770  0.834884  0.735633  0.899293  0.710449
7   0.955318  0.962776  0.948860  0.876185  1.060656  0.873992
8   0.482707  0.450623  0.493356  0.459307  0.000000  0.490655
9   0.405552  0.435302  0.072636  0.333171  0.423188  0.377110
10  0.213543  0.415923  0.561851  0.416020  0.422315  0.405674
11  0.399581  0.350687  0.361320  0.494952  0.436688  0.428809
316            0         1         2         3         4         5
0   0.734927  0.393581  0.459512  0.132475  0.617286  0.028102
1   0.833176  0.805328  0.594188  0.147087  0.723751  0.032587
2   0.969532  0.197042  0.292257  0.000000  0.407660  0.011739
3   0.472009  0.519574  0.141902  0.007110  0.449838  0.000000
4   0.885710  0.951333  0.871518  0.305687  0.867702  0.682997
5   0.909799  0.627314  0.831230  0.768088  0.815309  0.756631
6   0.738855  0.945393  0.877074  0.753972  0.816675  0.669756
7   0.715557  0.837388  0.743423  0.778164  0.864400  0.534500
8   0.458886  0.389013  0.436938  0.455166  0.000000  0.479676
9   0.422962  0.394242  0.174801  0.314856  0.425377  0.407815
10  0.312309  0.383254  0.515070  0.343763  0.386265  0.413910
11  0.417212  0.342413  0.354262  0.435655  0.458082  0.407107
415            0         1         2         3         4         5
0   0.643642  0.498616  0.543799  0.110985  0.763184  0.028102
1   0.626230  0.612041  0.476458  0.111706  0.846190  0.112472
2   0.849536  0.075301  0.263074  0.000000  0.775038  0.011739
3   0.404040  0.587451  0.158126  0.007110  0.541591  0.000000
4   0.986901  0.866054  0.865237  0.434705  0.948303  0.609790
5   0.840759  0.826981  0.698118  0.816217  0.749826  0.649742
6   0.792980  0.848140  0.862522  0.665995  0.736473  0.555970
7   0.920307  0.840219  0.853674  0.833750  0.812476  0.805213
8   0.445468  0.396082  0.430673  0.402526  0.000000  0.471867
9   0.490030  0.396719  0.222702  0.368000  0.388727  0.409561
10  0.431466  0.380566  0.458851  0.388762  0.420965  0.342698
11  0.343284  0.548134  0.402688  0.393321  0.359757  0.420457
517            0         1         2         3         4         5
0   0.633562  0.551737  0.570460  0.110985  0.932387  0.028102
1   0.700466  0.809195  0.728696  0.064308  0.623036  0.236839
2   0.963849  0.062961  0.280763  0.000000  0.704596  0.007318
3   0.568308  0.208780  0.333304  0.000000  0.408235  0.013239
4   0.945727  0.771755  0.676918  0.530647  0.938530  0.469576
5   0.938522  0.543099  0.771160  0.826942  0.839452  0.698622
6   0.934489  0.483733  0.861562  0.712579  0.864018  0.687792
7   0.828598  0.857418  0.624525  0.714937  0.833080  0.826788
8   0.426681  0.399782  0.428728  0.371088  0.000000  0.433544
9   0.398495  0.407192  0.283188  0.285115  0.376551  0.414363
10  0.423417  0.362714  0.385025  0.370021  0.374345  0.381447
11  0.359729  0.477477  0.412612  0.381864  0.371854  0.415949
82            0         1         2         3         4         5
0   0.581999  0.785035  0.776279  0.072199  1.022095  0.028102
1   0.639130  0.609796  0.696554  0.000000  0.840965  0.184817
2   0.870816  0.230561  0.365492  0.000000  0.812495  0.007318
3   0.616020  0.216759  0.441967  0.000000  0.795015  0.030897
4   0.902767  0.719135  0.766710  0.338479  0.865871  0.530451
5   0.920551  0.631643  0.865152  0.817688  0.868328  0.727314
6   0.935425  0.885727  0.834465  0.710514  0.732943  0.780159
7   0.891748  0.689946  0.862505  0.836818  0.945242  0.834958
8   0.425307  0.355143  0.418304  0.384796  0.000000  0.424500
9   0.393091  0.411460  0.328485  0.230943  0.349905  0.491766
10  0.443856  0.376311  0.415661  0.380681  0.349835  0.361339
11  0.353932  0.401360  0.350648  0.403523  0.420181  0.364906
182            0         1         2         3         4         5
0   0.625551  0.683488  0.665964  0.058368  1.083835  0.028102
1   1.169168  1.060824  0.911744  0.000000  1.196240  0.162132
2   0.963921  0.349228  0.687863  0.000000  0.849443  0.007318
3   0.815719  0.137110  0.522625  0.000000  1.076114  0.036593
4   0.940331  0.775346  0.864595  0.389261  0.852399  0.572921
5   1.147510  0.645152  0.856062  0.912754  1.019971  0.906429
6   0.928608  1.003064  1.016645  0.837134  0.859695  0.878165
7   1.008903  0.937848  1.062349  0.989205  1.105221  0.943309
8   0.409647  0.355143  0.392496  0.395323  0.000000  0.381826
9   0.404401  0.394838  0.333108  0.265478  0.373676  0.417302
10  0.448525  0.372232  0.399943  0.369281  0.462871  0.390619
11  0.419228  0.365066  0.420765  0.417336  0.462030  0.347164
278            0         1         2         3         4         5
0   0.625551  0.831539  0.754385  0.219090  1.043497  0.028102
1   0.699860  0.667248  0.874530  0.000000  0.805639  0.174485
2   1.008436  0.524022  0.717842  0.000000  0.777989  0.007318
3   0.410885  0.211854  0.631172  0.000000  0.889858  0.026688
4   0.948668  0.841224  0.754623  0.304493  0.734977  0.496640
5   0.952190  0.740132  0.925088  0.695553  0.789026  0.818849
6   0.905413  1.030434  0.995383  0.917256  0.996940  0.783025
7   0.848381  0.817396  0.738519  0.651408  0.737321  0.812535
8   0.389693  0.382937  0.383274  0.393545  0.000000  0.357285
9   0.551585  0.380899  0.378448  0.329578  0.376118  0.434921
10  0.572892  0.406156  0.418808  0.369221  0.390746  0.474182
11  0.375919  0.457276  0.548707  0.320439  0.581096  0.426848
377            0         1         2         3         4         5
0   0.680857  0.621299  0.739768  0.153626  0.847886  0.028102
1   0.905132  0.644231  0.563037  0.000000  0.708461  0.158666
2   0.883133  0.539098  0.440979  0.000000  0.724930  0.007318
3   0.430180  0.093057  0.574664  0.000000  0.514201  0.026688
4   0.764589  0.812855  0.809227  0.560020  0.774869  0.532356
5   0.860098  0.655450  0.769599  0.725697  0.863217  0.779034
6   0.870266  0.923198  0.858887  0.802152  0.895289  0.769207
7   0.843562  0.648235  0.719410  0.655234  0.714959  0.767072
8   0.411315  0.397661  0.370403  0.393545  0.000000  0.358032
9   0.443146  0.418014  0.483328  0.369628  0.395916  0.439361
10  0.420292  0.410346  0.400301  0.367397  0.407951  0.468936
11  0.441462  0.423770  0.427059  0.413174  0.418305  0.436331
478            0         1         2         3         4         5
0   0.875326  0.597638  0.741307  0.112930  0.700785  0.028102
1   0.643822  0.492261  0.681885  0.000000  0.687311  0.096517
2   0.856096  0.650549  0.626886  0.000000  0.627384  0.007318
3   0.592076  0.105690  0.201935  0.000000  0.255307  0.026688
4   0.774231  0.941671  0.626195  0.579827  0.656538  0.627117
5   0.783762  0.633401  0.715728  0.836726  0.852044  0.681920
6   0.906213  0.719575  0.828900  0.740017  0.906977  0.599583
7   0.824190  0.849237  0.929171  0.827244  0.976895  0.823176
8   0.418292  0.398259  0.385514  0.402489  0.000000  0.325053
9   0.361331  0.469467  0.484207  0.381713  0.403750  0.450582
10  0.405875  0.489211  0.387607  0.422364  0.410242  0.442428
11  0.403163  0.324310  0.366801  0.381158  0.349598  0.374061
