90            0         1         2         3         4         5
0   0.800659  0.000000  1.072712  0.230269  1.132702  0.185490
1   1.285016  0.000000  1.134348  0.672922  0.867477  0.726262
2   0.548052  0.771552  0.045012  0.447503  0.958644  0.000000
3   0.887703  0.492449  0.990315  0.000000  0.085398  0.492474
4   1.013547  0.000000  0.286530  0.634760  0.467252  0.695605
5   1.108373  0.170379  0.690732  0.000000  1.121573  0.632215
6   0.947947  0.000000  0.862273  0.070903  1.139028  0.419194
7   1.419473  1.313864  1.217276  1.181225  1.331592  1.055694
8   0.000000  0.584433  0.344805  0.610974  1.647228  1.316896
9   0.660319  0.424586  0.939437  0.301974  0.649410  0.000000
10  0.044818  0.513218  0.816939  0.000000  0.962598  0.513457
11  1.039939  0.000000  1.114644  1.246432  1.405466  1.297183
190            0         1         2         3         4         5
0   1.092508  0.000000  0.988925  0.234337  1.330172  0.185490
1   1.214441  0.000000  1.077525  0.477071  1.145925  0.468207
2   0.976744  1.047581  0.099347  0.344477  0.826686  0.000000
3   1.017421  0.609743  0.543840  0.000000  0.596942  0.297216
4   0.866241  0.000000  0.383618  0.542070  0.576048  0.677022
5   0.928387  0.341208  0.654340  0.000000  0.746128  0.539484
6   0.938123  0.000000  0.724052  0.075012  1.068866  0.361399
7   1.319985  1.329181  1.185055  1.265096  1.483313  1.252617
8   0.000000  0.684576  0.501965  0.542121  1.188755  0.657749
9   0.780324  0.666992  0.631833  0.380420  0.723149  0.000000
10  0.044818  0.658268  0.666502  0.000000  0.931621  0.408866
11  1.350395  0.000000  1.133899  1.431481  1.407786  1.259315
295            0         1         2         3         4         5
0   1.135771  0.000000  0.996592  0.341813  1.137562  0.185490
1   1.034815  0.000000  0.743803  0.283053  0.822499  0.336246
2   0.810562  0.576274  0.113619  0.441597  0.755706  0.000000
3   0.658052  0.331437  0.379288  0.000000  0.750261  0.281287
4   0.696051  0.000000  0.533259  0.509163  0.613549  0.610517
5   0.730614  0.387183  0.472105  0.000000  0.540870  0.539673
6   0.744591  0.000000  0.625293  0.118228  0.912453  0.323724
7   1.125874  1.156567  1.041344  0.939937  1.101676  1.006853
8   0.000000  0.619662  0.544429  0.512246  0.887656  0.582918
9   0.460990  0.570627  0.548360  0.310583  0.567513  0.000000
10  0.044818  0.381779  0.607794  0.000000  0.775927  0.479423
11  1.002531  0.000000  1.112474  0.902349  1.187358  1.146426
391            0         1         2         3         4         5
0   1.100102  0.000000  0.781621  0.246332  1.146453  0.180035
1   1.207610  0.000000  0.849652  0.421876  1.046044  0.306192
2   0.768242  0.749579  0.114489  0.397305  0.816816  0.000000
3   0.702909  0.464974  0.504175  0.000000  0.785272  0.192795
4   0.697447  0.000000  0.527241  0.389701  0.628317  0.503588
5   0.676299  0.284830  0.458904  0.000000  0.662487  0.297756
6   0.728222  0.000000  0.539603  0.104689  0.873859  0.255257
7   1.198326  1.076634  1.158433  1.049490  1.127752  1.003108
8   0.000000  0.457696  0.528704  0.395088  0.818125  0.534496
9   0.409910  0.421333  0.360826  0.024498  0.492606  0.000000
10  0.135440  0.489547  0.455122  0.000000  0.459961  0.293447
11  0.997667  0.000000  0.939288  0.900248  1.095259  1.012895
495            0         1         2         3         4         5
0   1.294668  0.000000  0.695577  0.216078  1.074284  0.180035
1   1.211073  0.000000  0.500518  0.325006  1.186498  0.244311
2   0.668063  1.096405  0.347127  0.347310  0.656227  0.000000
3   0.328047  0.528477  0.432355  0.000000  0.649813  0.115010
4   0.649276  0.000000  0.513542  0.263843  0.666456  0.453979
5   0.433066  0.278227  0.277796  0.000000  0.650897  0.190142
6   0.492815  0.000000  0.381388  0.078812  0.842353  0.227661
7   1.153661  1.022034  1.173297  0.905432  1.052983  1.022867
8   0.000000  0.364382  0.486397  0.270442  0.709792  0.422509
9   0.461115  0.528376  0.362752  0.083133  0.428632  0.000000
10  0.265900  0.449284  0.317734  0.000000  0.415855  0.213207
11  0.889470  0.000000  0.881373  0.961850  0.970908  0.933116
58            0         1         2         3         4         5
0   1.318896  0.000000  0.709768  0.200317  0.993512  0.180035
1   1.016660  0.000000  0.707772  0.256509  1.136222  0.204588
2   0.612901  0.986117  0.413350  0.207807  1.056852  0.034620
3   0.267086  0.516843  0.507300  0.156178  0.604101  0.078541
4   0.732685  0.063703  0.528652  0.265275  0.622727  0.510379
5   0.452099  0.425401  0.311399  0.000000  0.853596  0.171118
6   0.594850  0.000000  0.269565  0.114269  0.733806  0.261497
7   1.093790  1.087347  1.187580  1.095449  1.098990  1.047830
8   0.000000  0.305347  0.455557  0.197527  0.512906  0.422509
9   0.373772  0.382555  0.274990  0.057811  0.286337  0.000000
10  0.363435  0.239392  0.223051  0.000000  0.336376  0.150164
11  0.776849  0.414045  0.758227  0.769488  0.952558  0.719267
153            0         1         2         3         4         5
0   1.131012  0.000000  0.740445  0.200317  1.070201  0.180035
1   1.043877  0.000000  0.763540  0.280977  1.209993  0.270199
2   1.053833  1.008802  0.430929  0.149260  1.170006  0.034620
3   0.546565  0.503521  0.437130  0.257458  0.886290  0.150499
4   0.667941  0.122946  0.651007  0.310636  0.536202  0.462525
5   0.690069  0.477425  0.521395  0.000000  0.978540  0.193732
6   1.003380  0.000000  0.596751  0.098527  0.806728  0.110848
7   1.153882  1.139319  1.045163  0.935426  0.965933  1.000303
8   0.000000  0.334935  0.342219  0.223548  0.409908  0.216889
9   0.474991  0.263097  0.277064  0.094676  0.311757  0.000000
10  0.323483  0.268471  0.233665  0.000000  0.315649  0.053992
11  0.945957  0.547503  0.852735  0.801314  0.870677  0.868019
257            0         1         2         3         4         5
0   1.088792  0.000000  0.807305  0.430524  0.965912  0.180035
1   1.119769  0.000000  0.777002  0.217197  1.416079  0.417765
2   0.853975  1.058563  0.465165  0.149260  1.010389  0.034620
3   0.643080  0.383855  0.562649  0.155591  0.755491  0.127644
4   0.643794  0.113568  0.651690  0.328489  0.554194  0.425726
5   0.615631  0.495688  0.630066  0.000000  0.594790  0.215487
6   0.609860  0.000000  0.559582  0.136387  0.660100  0.130995
7   1.002178  1.102810  1.111578  1.076954  1.103951  1.014413
8   0.000000  0.215886  0.253719  0.161130  0.293201  0.173999
9   0.504797  0.198723  0.277992  0.094676  0.206357  0.000000
10  0.284683  0.339409  0.213110  0.045435  0.282067  0.000000
11  0.793129  0.609818  0.718367  0.791840  0.835392  0.714187
353            0         1         2         3         4         5
0   1.029070  0.000000  0.909939  0.430524  0.770031  0.151791
1   0.774717  0.000000  0.693105  0.167303  0.746290  0.254167
2   0.739462  0.841167  0.638550  0.233405  0.784604  0.033090
3   0.705275  0.329203  0.427762  0.283517  0.800150  0.241056
4   0.470936  0.113568  0.620993  0.268914  0.397673  0.377426
5   0.527823  0.616304  0.559421  0.000000  0.703097  0.230898
6   0.553826  0.000000  0.290397  0.139856  0.783561  0.117594
7   1.058298  1.011150  0.751065  0.972084  1.014787  0.893207
8   0.000000  0.172980  0.174656  0.125934  0.232303  0.125378
9   0.200061  0.074726  0.111411  0.000000  0.209338  0.043554
10  0.243669  0.093176  0.034027  0.008245  0.229000  0.000000
11  0.612727  0.780816  0.704442  0.662519  0.799258  0.581984
456            0         1         2         3         4         5
0   1.134423  0.000000  0.974068  0.374651  0.663406  0.133241
1   1.131294  0.000000  0.585500  0.099853  1.024252  0.192043
2   0.954854  0.406790  0.454294  0.140961  0.507556  0.033090
3   0.292066  0.516546  0.207290  0.284205  0.479697  0.170507
4   0.487051  0.284218  0.399382  0.176410  0.415820  0.263535
5   0.634534  0.279326  0.122660  0.000000  0.464924  0.160813
6   0.577038  0.000000  0.400904  0.056128  0.564965  0.167581
7   0.887584  0.895920  0.921177  0.884733  0.953641  0.818183
8   0.000000  0.130703  0.039771  0.056072  0.089009  0.005678
9   0.062790  0.056622  0.055126  0.000000  0.066563  0.005972
10  0.189311  0.003366  0.037616  0.000000  0.224598  0.069427
11  0.589099  0.634608  0.649491  0.688206  0.669739  0.619368
17            0         1         2         3         4         5
0   1.043492  0.000000  0.863021  0.342880  0.633516  0.139829
1   0.819307  0.000000  0.783207  0.017587  0.709939  0.053668
2   0.815461  0.454066  0.316140  0.058109  0.428911  0.000000
3   0.176549  0.288608  0.159195  0.130836  0.565738  0.014478
4   0.410522  0.213444  0.364062  0.146451  0.415435  0.218499
5   0.267319  0.285017  0.224182  0.000000  0.212265  0.089183
6   0.748413  0.000000  0.230303  0.076166  0.505176  0.187359
7   0.852254  0.847469  0.863029  0.714653  0.871830  0.820310
8   0.000000  0.023422  0.002837  0.017993  0.213506  0.005678
9   0.097669  0.199663  0.073756  0.000000  0.271264  0.039319
10  0.048284  0.017125  0.037898  0.000000  0.048532  0.025402
11  0.680885  0.667296  0.618672  0.499374  0.770096  0.490429
120            0         1         2         3         4         5
0   0.933021  0.000000  0.911339  0.338829  0.376884  0.109021
1   1.176203  0.000000  0.984055  0.017587  0.947774  0.014520
2   0.874911  0.908151  0.352715  0.000000  0.594267  0.017706
3   0.501306  0.087787  0.192998  0.036934  0.528391  0.000000
4   0.406859  0.234429  0.347528  0.146451  0.505192  0.183281
5   0.579130  0.133757  0.503678  0.000000  0.589723  0.017457
6   0.642227  0.000000  0.281777  0.072418  0.615414  0.110357
7   0.859530  1.011720  0.938445  0.840946  0.974867  0.869416
8   0.058713  0.053705  0.033120  0.019377  0.215005  0.000000
9   0.187716  0.122460  0.073087  0.000000  0.208476  0.004003
10  0.155223  0.152322  0.183808  0.000000  0.142671  0.005159
11  0.689348  0.662226  0.646345  0.562330  0.828046  0.608131
219            0         1         2         3         4         5
0   0.963767  0.000000  0.716706  0.297398  0.329467  0.109021
1   0.728065  0.000000  0.728929  0.017587  0.922524  0.014520
2   0.647667  0.425895  0.402999  0.000000  0.798416  0.017706
3   0.393255  0.087787  0.322987  0.036934  0.594124  0.000000
4   0.640870  0.416896  0.575644  0.096681  0.556871  0.294442
5   0.460791  0.184428  0.365032  0.000000  0.668919  0.017457
6   0.800877  0.000000  0.199938  0.180178  0.698436  0.007014
7   1.076495  0.931173  0.866700  0.968893  1.062144  0.970424
8   0.239212  0.124228  0.000000  0.009064  0.205619  0.018405
9   0.178906  0.014927  0.045629  0.000000  0.185432  0.004003
10  0.246191  0.104460  0.195156  0.000000  0.162879  0.005159
11  0.825599  0.653708  0.649257  0.519540  0.770215  0.678297
316            0         1         2         3         4         5
0   1.035918  0.000000  0.474064  0.203130  0.329467  0.088951
1   0.811474  0.000000  0.577437  0.017587  0.743406  0.014520
2   0.465961  0.549125  0.309121  0.000000  0.735000  0.017706
3   0.282972  0.063157  0.503115  0.011604  0.429606  0.000000
4   0.491299  0.393178  0.434949  0.096681  0.420202  0.280741
5   0.247159  0.077742  0.106829  0.000000  0.421553  0.017457
6   0.419583  0.000000  0.357873  0.148285  0.546840  0.007014
7   0.667321  0.985010  0.808472  0.858627  0.809240  0.865744
8   0.179549  0.027549  0.000000  0.009064  0.170045  0.018405
9   0.054585  0.000000  0.009842  0.012570  0.006449  0.010739
10  0.088417  0.030705  0.008732  0.000000  0.155967  0.005159
11  0.659377  0.554141  0.540562  0.654085  0.615140  0.621634
415            0         1         2         3         4         5
0   0.945669  0.000000  0.712952  0.161605  0.395535  0.088951
1   0.728537  0.000000  0.355420  0.017587  0.563798  0.001719
2   0.704132  0.921457  0.244732  0.000000  0.542150  0.017706
3   0.477169  0.000000  0.162179  0.003192  0.355229  0.008175
4   0.340698  0.523156  0.368380  0.152799  0.358292  0.266391
5   0.202268  0.007129  0.178109  0.010418  0.333526  0.000000
6   0.392185  0.000000  0.335114  0.053046  0.241416  0.007014
7   0.826537  0.857193  0.799769  0.786685  0.670363  0.794082
8   0.328709  0.041070  0.023598  0.039966  0.160048  0.000000
9   0.170381  0.062126  0.029147  0.031958  0.000000  0.052614
10  0.174551  0.031451  0.040238  0.000000  0.101500  0.004807
11  0.640316  0.645704  0.679184  0.601717  0.714651  0.575915
517            0         1         2         3         4         5
0   1.058155  0.000000  0.593247  0.161605  0.306601  0.088951
1   1.001245  0.000000  0.616603  0.017587  0.658239  0.001719
2   0.611062  0.757848  0.223035  0.006917  0.486505  0.000000
3   0.159131  0.014514  0.049572  0.000000  0.195941  0.006822
4   0.285096  0.551721  0.249960  0.152799  0.415187  0.258815
5   0.435985  0.000000  0.159393  0.019948  0.220423  0.009530
6   0.346631  0.085399  0.000000  0.005288  0.219370  0.197175
7   0.914291  0.662015  0.862220  0.698419  0.638654  0.778460
8   0.143475  0.083519  0.003318  0.052921  0.130343  0.000000
9   0.076133  0.000000  0.123182  0.042460  0.011386  0.000789
10  0.050978  0.045034  0.000000  0.008790  0.055461  0.011499
11  0.629748  0.708979  0.657040  0.597441  0.618183  0.580438
82            0         1         2         3         4         5
0   0.814973  0.000000  0.871781  0.222150  0.292880  0.028955
1   1.068835  0.650128  0.624881  0.084755  0.700991  0.001719
2   0.336463  0.545493  0.381115  0.000000  0.423601  0.040165
3   0.057531  0.030628  0.249621  0.000000  0.433797  0.039468
4   0.369224  0.275805  0.205613  0.032487  0.460760  0.137097
5   0.429639  0.126909  0.061262  0.031759  0.466658  0.000000
6   0.450164  0.229130  0.059130  0.000000  0.456490  0.054968
7   0.686336  0.777488  0.799447  0.826851  0.894529  0.699474
8   0.180250  0.080143  0.000000  0.007666  0.148539  0.003721
9   0.096218  0.025531  0.001633  0.000000  0.057426  0.017973
10  0.057356  0.000000  0.098863  0.010038  0.061182  0.012090
11  0.809580  0.588543  0.636745  0.505265  0.592788  0.657292
182            0         1         2         3         4         5
0   0.559170  0.000000  0.286209  0.178993  0.720041  0.028955
1   0.927723  0.941771  0.713803  0.080191  1.100732  0.001719
2   0.641298  0.330025  0.276138  0.005724  0.834028  0.000000
3   0.285816  0.322539  0.097992  0.000000  0.611444  0.008855
4   0.495709  0.127839  0.320855  0.032487  0.505095  0.053106
5   0.518029  0.091037  0.269821  0.031759  0.598032  0.000000
6   0.642667  0.264629  0.426798  0.000000  0.569754  0.000246
7   1.011950  0.799996  0.901214  0.783603  0.958682  0.908541
8   0.218200  0.108558  0.000000  0.007666  0.193858  0.003721
9   0.204075  0.107205  0.127416  0.000000  0.066369  0.087935
10  0.089198  0.016957  0.052662  0.000000  0.187149  0.054613
11  0.630025  0.663482  0.644570  0.588445  0.621058  0.508819
278            0         1         2         3         4         5
0   0.608122  0.000000  0.368837  0.147411  0.676038  0.028955
1   0.535351  0.454940  0.529475  0.065524  0.458037  0.001719
2   0.640089  0.212797  0.306904  0.005724  0.729966  0.000000
3   0.294512  0.505675  0.065829  0.000000  0.484661  0.008855
4   0.568772  0.058702  0.320855  0.032487  0.564422  0.053106
5   0.383338  0.242848  0.193388  0.031759  0.454765  0.000000
6   0.627320  0.221093  0.323216  0.000000  0.333861  0.000246
7   0.994124  0.718559  0.816970  0.712746  0.890312  0.871522
8   0.163585  0.092709  0.000000  0.007666  0.201678  0.003721
9   0.035894  0.026528  0.004285  0.014842  0.000000  0.029649
10  0.091494  0.145173  0.000000  0.012850  0.177440  0.025583
11  0.653096  0.565578  0.603265  0.546430  0.645617  0.503667
377            0         1         2         3         4         5
0   0.487291  0.000000  0.353918  0.081959  0.820989  0.131803
1   0.826832  0.302801  0.321359  0.065524  0.613244  0.001719
2   0.383780  0.138491  0.089580  0.005724  0.382524  0.000000
3   0.239432  0.111194  0.150033  0.015899  0.246849  0.000000
4   0.516970  0.044566  0.182774  0.032487  0.471009  0.026567
5   0.153093  0.120799  0.341698  0.031759  0.284887  0.000000
6   0.293607  0.178136  0.172614  0.000000  0.280825  0.000246
7   0.800373  0.614101  0.685294  0.722016  0.744977  0.730457
8   0.064299  0.018940  0.000000  0.007666  0.107984  0.003721
9   0.138944  0.042461  0.086662  0.025580  0.063694  0.000000
10  0.242590  0.005940  0.003216  0.000000  0.147073  0.016809
11  0.680096  0.638134  0.574778  0.564864  0.682406  0.579405
478            0         1         2         3         4         5
0   0.450214  0.000000  0.328901  0.081959  0.494984  0.131803
1   0.157919  0.358542  0.472813  0.063055  0.443995  0.000000
2   0.126461  0.096964  0.084981  0.005724  0.429234  0.000000
3   0.187850  0.038645  0.019056  0.000000  0.064268  0.022340
4   0.327262  0.015204  0.229450  0.032487  0.279818  0.026567
5   0.328401  0.106378  0.101967  0.008732  0.182425  0.000000
6   0.271561  0.000000  0.024776  0.023126  0.208019  0.023371
7   0.622371  0.669551  0.646389  0.682462  0.712612  0.654637
8   0.263625  0.015104  0.000000  0.007666  0.100849  0.003721
9   0.195624  0.151668  0.159637  0.033665  0.000000  0.029250
10  0.047345  0.017733  0.051984  0.017576  0.105096  0.000000
11  0.697393  0.604352  0.557612  0.659459  0.690754  0.479326
