90            0         1         2         3         4         5
0   0.846150  0.000000  0.633750  0.954552  1.370894  0.653553
1   1.447816  1.337031  1.165189  0.000000  0.976430  1.098905
2   0.000000  1.272677  0.953590  1.150856  0.833434  0.551109
3   0.811806  1.069515  0.000000  0.894493  0.965215  0.375919
4   0.393235  0.915202  1.059850  0.922999  0.449304  1.048501
5   1.101935  0.749429  0.691833  1.254909  0.000000  1.112464
6   0.798508  1.065338  0.000000  0.919078  0.683167  1.180835
7   1.322993  1.147074  1.285281  1.303805  1.538942  1.278742
8   0.814989  0.132960  0.753426  0.870540  0.551516  0.000000
9   0.562948  0.518162  0.000000  0.772702  0.373297  0.660619
10  0.015341  0.392938  0.529857  0.534118  0.151756  0.000000
11  0.000000  1.040300  0.870322  0.783443  0.849553  0.948317
190            0         1         2         3         4         5
0   1.239327  0.000000  1.153614  0.993962  1.264881  0.724320
1   1.551021  1.586343  1.484864  0.000000  1.286054  1.282280
2   0.000000  1.280860  1.045487  1.213015  1.053267  0.879113
3   1.016033  1.144682  0.000000  1.109023  1.360100  0.932909
4   0.492578  0.802102  1.000128  0.970014  0.619780  0.948597
5   0.945666  0.898521  0.768045  1.247953  0.000000  1.143507
6   1.064535  0.998629  0.000000  0.956152  1.119899  1.142798
7   1.449550  1.461591  1.336369  1.382525  1.440972  1.325669
8   0.389720  0.132960  0.489647  0.864146  0.319959  0.000000
9   0.345730  0.482425  0.000000  0.478976  0.347631  0.808943
10  0.015341  0.259633  0.401583  0.658703  0.035316  0.000000
11  0.000000  0.974138  0.732103  0.807298  1.243410  0.928274
295            0         1         2         3         4         5
0   1.236868  0.000000  1.260616  1.056708  1.329046  0.724320
1   1.610562  1.604352  1.466462  0.000000  1.469210  1.331635
2   0.000000  1.393117  1.130850  1.304718  1.413168  0.977021
3   1.343160  1.176723  0.000000  1.324256  1.237931  1.068141
4   0.600328  0.995117  1.019892  0.969285  0.860808  1.030123
5   1.010403  1.118021  1.081485  1.225446  0.000000  1.256260
6   1.072278  0.999860  0.000000  1.046705  1.087474  1.160642
7   1.349332  1.230340  1.298973  1.422186  1.284625  1.266555
8   0.326744  0.210842  0.600485  0.772752  0.372176  0.000000
9   0.332332  0.299243  0.000000  0.341837  0.346580  0.774353
10  0.000000  0.394147  0.548144  0.701339  0.050557  0.015242
11  0.000000  0.928557  0.729186  0.871922  0.794190  0.816255
391            0         1         2         3         4         5
0   1.410620  0.000000  1.564746  1.155859  1.349177  0.724320
1   1.802656  1.608459  1.611936  0.000000  1.747495  1.267337
2   0.000000  1.455911  1.199154  1.323465  1.429269  1.152890
3   1.394519  1.306907  0.000000  1.288361  1.454488  1.265433
4   0.570737  0.946674  1.135040  1.024627  0.798142  1.094269
5   0.883165  1.091561  1.182835  1.260844  0.000000  1.199903
6   1.001613  1.200500  0.000000  1.130890  0.852144  1.135578
7   1.587733  1.493831  1.532883  1.498998  1.463986  1.440609
8   0.315136  0.280293  0.562113  0.739464  0.339051  0.000000
9   0.242129  0.444526  0.000000  0.364770  0.501518  0.699802
10  0.000000  0.308928  0.362812  0.641534  0.082494  0.015242
11  0.000000  0.956644  0.882192  0.855160  0.519890  0.943271
495            0         1         2         3         4         5
0   1.599208  0.000000  1.545659  1.193788  1.352111  0.864152
1   1.621378  1.555391  1.680460  0.000000  1.735196  1.333447
2   0.000000  1.532227  1.263493  1.377016  1.531558  1.306777
3   1.583533  1.335374  0.000000  1.425547  1.453580  1.304814
4   0.570737  1.044771  1.121558  1.017020  0.812030  1.199054
5   0.975951  1.130490  1.312221  1.304111  0.000000  1.140290
6   1.275084  1.278533  0.000000  1.113247  1.034201  1.192716
7   1.573312  1.518692  1.473420  1.448841  1.572516  1.335776
8   0.238726  0.325384  0.429267  0.579336  0.318318  0.000000
9   0.505071  0.247495  0.000000  0.433953  0.448459  0.584697
10  0.000000  0.207796  0.505040  0.598953  0.117820  0.015242
11  0.000000  0.953997  0.902940  0.930491  0.575160  0.958469
58            0         1         2         3         4         5
0   1.737908  0.000000  1.587547  1.194493  1.540774  0.912699
1   1.522718  1.826707  1.451882  0.000000  1.637523  1.332440
2   0.239780  1.535309  1.418909  1.406042  1.566131  1.442635
3   1.526673  1.378225  0.000000  1.514335  1.569290  1.525346
4   0.570737  1.093385  1.119231  1.126133  0.842135  1.264508
5   1.040823  1.097745  1.195560  1.443695  0.000000  1.132994
6   1.285151  1.398061  0.000000  1.367866  1.040259  1.373506
7   1.662711  1.654336  1.606588  1.577798  1.743487  1.607070
8   0.199990  0.400278  0.523033  0.607732  0.323823  0.000000
9   0.244789  0.261358  0.000000  0.546017  0.136727  0.609902
10  0.000000  0.218182  0.186454  0.515965  0.068553  0.175249
11  0.685835  0.950441  0.739397  0.925731  0.567955  0.853367
153            0         1         2         3         4         5
0   1.677810  0.000000  1.645294  1.257712  1.673484  1.086727
1   1.678134  1.862803  1.748304  0.000000  1.843310  1.397224
2   0.543994  1.774554  1.401752  1.526264  1.698264  1.485967
3   1.387357  1.462054  0.000000  1.502937  1.610508  1.397424
4   0.522000  1.226985  1.409044  1.161237  0.859781  1.349798
5   0.946002  1.183157  1.422298  1.337796  0.000000  1.121039
6   1.580289  1.338300  0.000000  1.364804  0.989708  1.400983
7   1.709304  1.501962  1.591327  1.505063  1.443847  1.582211
8   0.143624  0.250170  0.610599  0.536968  0.253456  0.000000
9   0.176202  0.132963  0.000000  0.424962  0.113409  0.334974
10  0.000000  0.127326  0.150299  0.504245  0.103883  0.344599
11  0.773147  0.982519  0.677197  0.937873  0.691476  0.750823
257            0         1         2         3         4         5
0   1.794021  0.000000  1.637084  1.237077  1.813242  1.140280
1   1.918055  1.791903  1.744134  0.000000  1.889349  1.477432
2   0.838985  1.573052  1.599369  1.334624  1.607402  1.550465
3   1.599856  1.803438  0.000000  1.511290  1.629626  1.477933
4   0.613457  1.215926  1.399808  1.219079  0.992858  1.442325
5   1.155594  1.245130  1.548384  1.431825  0.000000  1.343089
6   1.602256  1.081366  0.000000  1.268431  1.347101  1.452070
7   1.634892  1.545545  1.633919  1.468544  1.697560  1.652665
8   0.203954  0.369337  0.311611  0.421034  0.370328  0.000000
9   0.244673  0.113618  0.000000  0.394873  0.017872  0.557552
10  0.000000  0.233358  0.185544  0.274370  0.070965  0.394955
11  0.880455  0.873188  0.749550  0.744519  0.677727  0.681934
353            0         1         2         3         4         5
0   1.711111  0.000000  1.637084  1.296841  1.674804  1.248191
1   2.135403  1.827326  1.811318  0.000000  1.895731  1.555578
2   0.838985  1.569229  1.579839  1.455869  1.781165  1.534728
3   1.807828  1.527029  0.000000  1.537798  1.469105  1.531292
4   0.646071  1.287535  1.317250  1.251409  1.149570  1.410953
5   1.001731  1.226166  1.321169  1.373656  0.000000  1.503694
6   1.283683  1.174222  0.000000  1.358767  1.262714  1.448815
7   1.735160  1.728435  1.570823  1.627380  1.666228  1.361275
8   0.203954  0.459981  0.343089  0.387143  0.283333  0.000000
9   0.311878  0.109458  0.000000  0.364639  0.136555  0.730035
10  0.000000  0.256421  0.301072  0.293550  0.039249  0.444922
11  0.862097  0.839543  0.781823  0.859187  0.802490  0.770843
456            0         1         2         3         4         5
0   1.569602  0.000000  1.637084  1.494230  1.809479  1.330225
1   2.164621  1.823873  1.591374  0.000000  2.108676  1.598221
2   1.442852  1.805076  1.571537  1.431475  1.895142  1.548929
3   1.739920  1.609732  0.000000  1.606621  1.622459  1.590649
4   0.657300  1.485333  1.164417  1.327795  1.335147  1.416102
5   1.046512  1.134926  1.485403  1.495542  0.000000  1.177581
6   1.517480  1.441348  0.000000  1.442546  1.429161  1.267749
7   1.774788  1.608892  1.674841  1.571057  1.747716  1.592569
8   0.208931  0.306872  0.256417  0.399738  0.162196  0.000000
9   0.258652  0.096288  0.000000  0.577908  0.177045  0.535686
10  0.000000  0.214506  0.267611  0.623302  0.286106  0.606342
11  0.981320  0.914207  1.103233  0.859449  0.687670  0.676250
17            0         1         2         3         4         5
0   1.599932  0.000000  1.549532  1.574576  1.809479  1.301616
1   2.103851  1.704523  1.639063  0.000000  2.004255  1.457224
2   1.683002  1.725592  1.577157  1.484035  1.850090  1.554903
3   1.701275  1.710405  0.129006  1.497088  1.650795  1.605365
4   0.769020  1.260346  1.154648  1.353355  1.257626  1.410021
5   1.409070  1.396195  1.294950  1.373966  0.166430  1.360265
6   1.613608  1.307600  0.166430  1.389672  1.503750  1.360235
7   1.935281  1.705189  1.704839  1.610472  1.716580  1.532522
8   0.208931  0.415602  0.256417  0.543877  0.205020  0.000000
9   0.375147  0.146288  0.000000  0.623156  0.467571  0.841836
10  0.089587  0.277275  0.349109  0.608388  0.427182  0.684289
11  0.969811  1.039619  0.959609  0.834803  0.769078  0.974716
120            0         1         2         3         4         5
0   1.836118  0.000000  1.708143  1.603287  1.906889  1.401576
1   2.134289  1.862127  2.118455  0.000000  2.137117  1.594597
2   1.789534  1.853401  1.711581  1.574552  1.847738  1.706147
3   1.871695  1.475940  0.277985  1.610270  1.707995  1.723957
4   0.735954  1.024547  1.248526  1.274868  1.116944  1.483999
5   1.401441  1.647106  1.390914  1.553525  0.747468  1.600209
6   1.561451  1.373874  0.166430  1.510701  1.546190  1.522981
7   1.573599  1.851714  1.937652  1.741449  1.993613  1.709399
8   0.208931  0.336612  0.431506  0.580655  0.207647  0.000000
9   0.408818  0.121289  0.000000  0.771003  0.283554  0.889723
10  0.089587  0.192092  0.227767  0.700055  0.340212  0.716467
11  1.392498  1.025855  0.969360  0.843531  0.997670  0.991309
219            0         1         2         3         4         5
0   2.050028  0.000000  1.694659  1.736413  1.968821  1.419262
1   2.352686  1.784455  1.684626  0.000000  2.041618  1.586182
2   1.873275  1.902319  1.820060  1.607695  1.776394  1.600439
3   1.883691  1.473898  0.790384  1.635792  1.642768  1.716257
4   0.773760  1.153741  1.265604  1.411748  1.482627  1.548241
5   1.508279  1.679499  1.525095  1.684618  1.325338  1.606694
6   1.719849  1.642913  1.108351  1.493100  1.752865  1.596996
7   1.849133  1.828847  1.934798  1.768266  1.766152  1.870090
8   0.200895  0.225323  0.308028  0.492554  0.245796  0.000000
9   0.191439  0.080597  0.000000  0.691259  0.204768  0.519627
10  0.078211  0.154742  0.087321  0.536660  0.342133  0.543981
11  1.097225  0.910606  1.015943  0.867293  0.932600  0.915051
316            0         1         2         3         4         5
0   2.050028  0.000000  1.857088  1.682759  1.994374  1.476676
1   2.071334  1.993337  1.850883  0.000000  2.102997  1.684618
2   1.718749  1.849469  1.755365  1.568131  1.809631  1.570374
3   1.837234  1.835912  1.301471  1.621427  1.709266  1.671443
4   0.773760  1.272180  1.493310  1.492792  1.417539  1.551189
5   1.531813  1.244133  1.487392  1.538827  1.421862  1.629396
6   1.477306  1.441120  1.105073  1.521943  1.564792  1.533259
7   1.938542  1.621884  1.800234  1.746342  1.869164  1.801666
8   0.200895  0.349539  0.382478  0.469872  0.237351  0.000000
9   0.233450  0.320667  0.000000  0.651453  0.459982  0.412991
10  0.026480  0.177800  0.173431  0.559588  0.399928  0.509519
11  0.928420  0.762367  0.755243  0.819303  0.547634  0.894119
415            0         1         2         3         4         5
0   1.943965  0.000000  1.904498  1.674324  1.960187  1.456509
1   1.932388  2.020875  1.981954  0.000000  2.006827  1.627043
2   2.002087  1.955723  1.622745  1.720256  1.868182  1.630496
3   1.630228  1.818609  1.613651  1.736443  1.737402  1.699770
4   0.912809  1.335210  1.521023  1.509942  1.392371  1.488553
5   1.265530  1.469529  1.333404  1.542992  1.480505  1.562337
6   1.377292  1.608274  1.201348  1.641671  1.693485  1.547115
7   1.765228  1.623390  1.610418  1.673381  1.742675  1.640806
8   0.232972  0.239252  0.357486  0.455738  0.294934  0.000000
9   0.110026  0.325978  0.000000  0.612485  0.503712  0.584471
10  0.000000  0.180259  0.155624  0.603923  0.263549  0.485576
11  1.040833  0.882599  0.778123  0.870255  0.686123  0.877985
517            0         1         2         3         4         5
0   1.857320  0.000000  1.737088  1.645720  1.922560  1.469729
1   1.684443  1.697019  1.774009  0.000000  1.812897  1.594722
2   1.954377  1.861856  1.660540  1.658516  1.881481  1.637571
3   1.580663  1.803781  1.622559  1.634553  1.813502  1.647881
4   1.130978  1.267111  1.427053  1.499042  1.222396  1.492368
5   1.247844  1.541012  1.512980  1.469545  1.493374  1.421731
6   1.339594  1.653762  1.472758  1.540911  1.652917  1.520903
7   1.500328  1.799055  1.626967  1.755116  1.590084  1.713760
8   0.205565  0.179619  0.324725  0.502802  0.373140  0.000000
9   0.239024  0.384975  0.000000  0.495167  0.459812  0.532114
10  0.000000  0.116289  0.327317  0.482149  0.176807  0.503044
11  0.953934  0.966838  1.054465  0.878417  0.954662  0.891076
82            0         1         2         3         4         5
0   1.777881  0.065826  1.929884  1.769901  1.874974  1.519612
1   1.688756  1.821677  1.759746  0.526962  1.960213  1.449493
2   1.940539  1.988496  1.648752  1.623535  1.997629  1.643025
3   1.701369  1.744400  1.537819  1.643317  1.661777  1.637238
4   1.274869  1.239135  1.471552  1.487438  1.185353  1.530848
5   1.365882  1.668188  1.533374  1.409941  1.554896  1.409032
6   1.471662  1.687505  1.169056  1.475223  1.416383  1.533935
7   1.670981  1.643470  1.417779  1.691224  1.780050  1.758995
8   0.195425  0.158498  0.347422  0.470750  0.385694  0.029384
9   0.097758  0.242847  0.000000  0.298571  0.381502  0.683637
10  0.001993  0.195753  0.218482  0.519254  0.129068  0.644164
11  1.046003  0.919820  0.736395  0.988795  0.747293  0.816821
182            0         1         2         3         4         5
0   1.777881  0.065826  1.670364  1.661963  1.901947  1.596095
1   1.880020  1.910046  2.050979  0.732653  2.282207  1.564872
2   1.975831  1.703749  1.613278  1.709186  2.100608  1.630144
3   1.900200  1.744894  1.579575  1.706367  1.623137  1.744448
4   1.174182  1.351043  1.452446  1.516891  1.312627  1.439292
5   1.364021  1.415777  1.468485  1.427804  1.331345  1.450992
6   1.338490  1.432517  1.191253  1.532031  1.456398  1.574247
7   1.742007  1.758521  1.833623  1.697983  2.052867  1.663956
8   0.180943  0.190199  0.213115  0.363674  0.333675  0.029384
9   0.072320  0.500730  0.000000  0.304943  0.434665  0.385856
10  0.001993  0.144435  0.526761  0.628532  0.028621  0.518274
11  0.974454  0.868277  1.003658  1.038395  0.411492  0.911790
278            0         1         2         3         4         5
0   1.777881  0.065826  1.633511  1.636039  1.886845  1.483690
1   2.113615  1.854738  1.942985  1.325478  2.162033  1.749698
2   1.991689  1.915124  1.682434  1.643200  2.046000  1.678960
3   1.921199  1.911329  1.656814  1.836924  1.841050  1.700140
4   1.314483  1.306468  1.439792  1.550012  1.423361  1.468621
5   1.409544  1.266035  1.790068  1.559481  1.371927  1.588842
6   1.258128  1.476741  1.373232  1.569507  1.282473  1.684754
7   1.674598  1.608614  1.742915  1.793696  1.453158  1.577336
8   0.139481  0.124620  0.202746  0.376963  0.348103  0.124679
9   0.035093  0.493715  0.000000  0.390075  0.320659  0.697543
10  0.001993  0.051845  0.273556  0.662352  0.028621  0.527906
11  0.754948  0.972134  0.889188  0.810109  0.865345  0.943693
377            0         1         2         3         4         5
0   1.645414  0.065826  1.699458  1.628851  1.707550  1.480452
1   2.001933  1.902367  2.111672  1.551979  2.190601  1.681843
2   2.141998  1.924817  1.786965  1.689172  2.065599  1.640291
3   2.052818  1.852291  1.769402  1.798907  1.809110  1.697756
4   1.279371  1.319991  1.372301  1.409975  1.389695  1.419539
5   1.565822  1.378536  1.664854  1.396408  1.044809  1.606503
6   1.490465  1.510494  1.478319  1.431319  1.077983  1.533666
7   1.743184  1.729629  1.796087  1.640631  1.871047  1.701652
8   0.089323  0.197337  0.321111  0.399408  0.447715  0.154714
9   0.035093  0.376121  0.000000  0.566917  0.216869  0.700213
10  0.001993  0.137007  0.431284  0.663836  0.032525  0.648228
11  0.936101  0.869707  0.665145  0.801049  0.719223  0.895939
478            0         1         2         3         4         5
0   1.714130  0.065826  1.834444  1.570521  1.693748  1.506501
1   1.984009  1.883601  1.723953  1.661232  2.003881  1.519528
2   2.071875  2.041316  1.739405  1.738874  1.978275  1.566029
3   1.838264  1.826206  1.768395  1.683558  2.056470  1.703414
4   1.356043  1.409184  1.306889  1.291226  1.405755  1.532503
5   1.424626  1.687181  1.583184  1.497008  1.550219  1.554123
6   1.264585  1.572922  1.510792  1.264435  1.420050  1.507270
7   2.003117  1.769419  1.699189  1.600715  1.838315  1.832183
8   0.089323  0.366001  0.344474  0.385666  0.287934  0.217759
9   0.035093  0.357197  0.000000  0.448113  0.147016  0.450807
10  0.001993  0.130131  0.404908  0.532586  0.000832  0.484809
11  0.878438  0.922336  0.810037  0.840766  0.613178  0.800384
