90            0         1         2         3         4         5
0   0.403156  0.291606  0.327812  0.000000  0.836541  0.376271
1   0.774062  0.000000  0.565740  0.097202  0.028230  0.296059
2   0.183133  0.000000  0.006172  0.098682  1.019388  0.128660
3   0.531498  0.000000  0.408624  0.209167  0.548822  0.108705
4   0.865243  0.500276  0.937463  0.677995  0.816090  0.000000
5   0.152979  0.519563  0.608041  0.319223  0.000000  0.539644
6   0.615100  0.000000  0.331264  0.247471  0.439136  0.062154
7   0.186237  0.024893  0.017160  0.000000  0.708980  0.029111
8   0.171407  0.187838  0.091808  0.000000  0.032720  0.235731
9   0.182820  0.153755  0.215090  0.546848  0.335652  0.000000
10  0.200075  0.110588  0.144018  0.000000  0.174677  0.023210
11  0.109719  0.052252  0.325755  0.000000  0.101311  0.085579
190            0         1         2         3         4         5
0   0.353616  0.289152  0.208654  0.000000  0.837031  0.211632
1   0.705896  0.302241  0.532073  0.000000  0.068411  0.118452
2   0.059672  0.000000  0.018367  0.012946  0.009666  0.003727
3   0.209596  0.080428  0.003638  0.016414  0.318442  0.000000
4   0.391031  0.318307  0.427542  0.366377  0.183454  0.000000
5   0.327141  0.236480  0.099869  0.001933  0.096573  0.000000
6   0.304006  0.119973  0.075789  0.046503  0.144766  0.000000
7   0.155215  0.235804  0.124547  0.000000  0.250530  0.012626
8   0.075005  0.032004  0.051903  0.056340  0.000000  0.004299
9   0.130304  0.135115  0.000000  0.092016  0.136817  0.043221
10  0.050723  0.044638  0.040606  0.016428  0.012956  0.000000
11  0.156083  0.155966  0.133733  0.081772  0.330842  0.000000
295            0         1         2         3         4         5
0   0.486810  0.378917  0.153397  0.000000  0.556817  0.125646
1   0.337742  0.000000  0.186554  0.035080  0.092464  0.083031
2   0.043913  0.007057  0.000000  0.088549  0.356069  0.003070
3   0.000000  0.040832  0.109110  0.075216  0.032848  0.116356
4   0.279755  0.101530  0.158433  0.000000  0.014046  0.062281
5   0.070870  0.111722  0.085732  0.091493  0.000000  0.061338
6   0.107153  0.004273  0.080833  0.127360  0.000000  0.055575
7   0.038670  0.083445  0.022449  0.206622  0.206555  0.000000
8   0.144878  0.040664  0.096299  0.065366  0.076289  0.000000
9   0.088723  0.044918  0.007390  0.075099  0.115661  0.000000
10  0.025694  0.026770  0.000000  0.041831  0.102665  0.118718
11  0.000000  0.024582  0.155565  0.080269  0.074418  0.163661
391            0         1         2         3         4         5
0   0.242795  0.338527  0.149936  0.000000  0.375969  0.037677
1   0.496559  0.053710  0.340900  0.000000  0.056379  0.143539
2   0.191419  0.000000  0.056439  0.038671  0.311208  0.017084
3   0.523553  0.000000  0.072988  0.063976  0.380261  0.026740
4   0.151573  0.317011  0.137003  0.024112  0.258686  0.000000
5   0.114690  0.009600  0.054886  0.070051  0.057717  0.000000
6   0.233301  0.006201  0.028800  0.007708  0.067702  0.000000
7   0.000000  0.227013  0.055093  0.047180  0.018838  0.027569
8   0.137202  0.079153  0.110568  0.012943  0.180267  0.000000
9   0.090540  0.164441  0.000000  0.085222  0.105658  0.058952
10  0.000000  0.086260  0.030294  0.045896  0.129588  0.032348
11  0.220770  0.000000  0.050389  0.055269  0.031963  0.006150
495            0         1         2         3         4         5
0   0.317927  0.252869  0.111032  0.000000  0.414364  0.037677
1   0.458884  0.014528  0.000149  0.025725  0.017516  0.000000
2   0.027938  0.283311  0.000000  0.008662  0.019113  0.033132
3   0.147429  0.149565  0.033219  0.028084  0.000000  0.080156
4   0.244085  0.044482  0.125013  0.000000  0.044064  0.038949
5   0.000524  0.000000  0.015470  0.134484  0.022199  0.009562
6   0.042882  0.183526  0.000000  0.037348  0.110416  0.018128
7   0.000000  0.063387  0.188573  0.075240  0.187487  0.041048
8   0.032173  0.043740  0.129900  0.062594  0.039608  0.000000
9   0.105307  0.118147  0.036605  0.041931  0.125843  0.000000
10  0.120025  0.033799  0.008478  0.098458  0.000000  0.096445
11  0.074525  0.000000  0.026515  0.035504  0.306040  0.006149
58            0         1         2         3         4         5
0   0.114304  0.406447  0.452998  0.000000  0.564787  0.024194
1   0.166044  0.093358  0.747152  0.026361  0.232357  0.000000
2   0.499818  0.032890  0.183506  0.020434  0.738555  0.000000
3   0.000000  0.087044  0.013971  0.020922  0.304397  0.132155
4   0.217673  0.000000  0.028605  0.014143  0.061512  0.014297
5   0.104172  0.066103  0.000000  0.058217  0.364066  0.033827
6   0.005489  0.056287  0.150487  0.010835  0.021139  0.000000
7   0.022579  0.018070  0.024304  0.025713  0.422992  0.000000
8   0.114926  0.042631  0.040313 -0.044101  0.000000  0.021657
9   0.044354  0.077370  0.029914  0.015928  0.094955  0.000000
10  0.065328  0.061002  0.000000  0.002955  0.042253  0.039939
11  0.325723  0.007107  0.000000  0.008637  0.066829  0.037597
153            0         1         2         3         4         5
0   0.114304  0.622223  0.238757  0.000000  0.357959  0.024194
1   0.463940  0.133370  0.423180  0.000000  0.638030  0.040012
2   0.113406  0.135229  0.011817  0.020434  0.260399  0.000000
3   0.340594  0.124229  0.000000  0.024469  0.293420  0.031221
4   0.157907  0.035147  0.040567  0.101406  0.136310  0.000000
5   0.179672  0.000000  0.032046  0.069609  0.116182  0.001005
6   0.026611  0.000000  0.107287  0.070436  0.080520  0.008025
7   0.209459  0.124870  0.037211  0.000000  0.110295  0.026050
8   0.114977  0.045429  0.142195  0.000000  0.010668  0.058910
9   0.047994  0.086861  0.000000  0.041973  0.137195  0.095877
10  0.140133  0.061345  0.000000  0.042310  0.003881  0.028112
11  0.272015  0.031135  0.021719  0.018980  0.000000  0.210805
257            0         1         2         3         4         5
0   0.049403  0.319118  0.289855  0.000000  0.182355  0.024194
1   0.703148  0.086007  0.385661  0.017757  0.401604  0.000000
2   0.458775  0.003646  0.132993  0.020434  0.059834  0.000000
3   0.038345  0.021062  0.019410  0.018453  0.016556  0.000000
4   0.058942  0.000000  0.005222  0.002085  0.082632  0.012192
5   0.114075  0.020453  0.055358  0.000000  0.024916  0.019767
6   0.199659  0.075039  0.030961  0.000000  0.055394  0.017897
7   0.129763  0.142304  0.049908  0.030933  0.000000  0.105641
8   0.041273  0.045365  0.000000  0.067807  0.076377  0.047108
9   0.045552  0.040033  0.073229  0.000000  0.062267  0.088897
10  0.027683  0.151646  0.071475  0.058813  0.034075  0.000000
11  0.026202  0.060116  0.025193  0.000000  0.205638  0.123054
353            0         1         2         3         4         5
0   0.108682  0.184301  0.009077  0.000000  0.087629  0.024194
1   0.375476  0.068447  0.315471  0.067667  0.833908  0.000000
2   0.385222  0.283344  0.027175  0.027065  0.079995  0.000000
3   0.390540  0.034174  0.000000  0.028153  0.224177  0.066092
4   0.141321  0.002987  0.062435  0.059952  0.074387  0.000000
5   0.049846  0.011344  0.041824  0.000000  0.052966  0.077994
6   0.109260  0.042977  0.047388  0.036839  0.000000  0.089713
7   0.396298  0.000000  0.069365  0.014132  0.157844  0.055316
8   0.094889  0.000000  0.022228  0.056589  0.055049  0.120852
9   0.107758  0.060851  0.109857  0.000000  0.077482  0.071958
10  0.054398  0.000000  0.017882  0.135505  0.094623  0.058514
11  0.318297  0.066368  0.127637  0.000000  0.125316  0.030683
456            0         1         2         3         4         5
0   0.492912  0.015945  0.009077  0.000000  0.129585  0.024194
1   0.509910  0.000000  0.458849  0.056375  0.616429  0.066046
2   0.123172  0.159315  0.000000  0.007734  0.002577  0.023085
3   0.019868  0.069584  0.000000  0.025325  0.093286  0.015872
4   0.091375  0.084789  0.074679  0.000000  0.055763  0.070733
5   0.033646  0.000000  0.080877  0.042345  0.258600  0.119740
6   0.096689  0.000000  0.129194  0.056204  0.193090  0.038812
7   0.044445  0.047015  0.004816  0.092125  0.099723  0.000000
8   0.030119  0.036687  0.058671  0.015871  0.108550  0.000000
9   0.148664  0.156042  0.039584  0.116180  0.000000  0.014545
10  0.000000  0.031201  0.075696  0.047821  0.093592  0.028854
11  0.145525  0.000000  0.104604  0.092932  0.108609  0.193338
17            0         1         2         3         4         5
0   0.542275  0.140242  0.240243  0.000000  0.224968  0.148491
1   0.378214  0.000000  0.110783  0.202780  0.562798  0.042185
2   0.246386  0.180752  0.014526  0.000000  0.018233  0.100888
3   0.363993  0.313142  0.311977  0.049009  0.258320  0.000000
4   0.034514  0.004898  0.003656  0.042292  0.291236  0.000000
5   0.185010  0.190921  0.000000  0.099323  0.167282  0.083489
6   0.145737  0.000000  0.172981  0.097634  0.215543  0.088898
7   0.134346  0.056666  0.007494  0.000000  0.018399  0.044111
8   0.092365  0.112975  0.000000  0.123836  0.150436  0.033626
9   0.017312  0.008514  0.060647  0.000000  0.077370  0.082948
10  0.000000  0.128078  0.010446  0.047163  0.102708  0.050408
11  0.339991  0.318329  0.296482  0.000000  0.258465  0.116616
120            0         1         2         3         4         5
0   0.414990  0.442174  0.471117  0.000000  0.417211  0.003829
1   0.373141  0.044823  0.177242  0.000000  1.109767  0.063274
2   0.261983  0.029095  0.064468  0.034876  0.227162  0.000000
3   0.377537  0.039265  0.081116  0.000000  0.289466  0.009440
4   0.141476  0.059104  0.022931  0.054623  0.173868  0.000000
5   0.105611  0.040853  0.163912  0.034356  0.140550  0.000000
6   0.057667  0.000000  0.012476  0.059692  0.390999  0.065873
7   0.215652  0.057019  0.000000  0.033800  0.301921  0.032104
8   0.055870  0.039994  0.084892  0.000000  0.160063  0.036688
9   0.024493  0.000000  0.091060  0.015941  0.051567  0.070237
10  0.057196  0.074817  0.010240  0.101911  0.023052  0.000000
11  0.281867  0.015449  0.013224  0.000000  0.241463  0.015223
