90            0         1         2         3         4         5
0   1.493268  0.000000  1.140125  0.929626  1.001818  0.253545
1   0.708759  0.000000  1.205805  0.409050  1.209356  0.343737
2   0.000000  0.517397  0.346386  0.348613  1.195463  0.277561
3   0.000000  0.547155  0.760746  0.460506  0.104051  0.487518
4   1.083320  1.198286  0.604092  0.000000  0.330669  1.177194
5   1.085774  1.251850  0.549176  0.275788  1.047397  0.000000
6   1.299804  1.333620  0.000000  1.087479  1.257598  0.500228
7   1.248442  1.165158  1.187830  0.951205  0.000000  1.071949
8   0.895334  0.266565  1.394693  1.423206  0.000000  1.147421
9   0.000000  0.804166  0.932799  1.034509  0.428798  0.751161
10  0.544677  0.000000  0.983043  0.644883  1.098582  0.467278
11  0.952320  0.000000  0.595746  0.868673  0.836770  0.911103
190            0         1         2         3         4         5
0   1.091866  0.000000  0.868358  0.582806  1.050066  0.253545
1   1.077212  0.000000  0.982667  0.366540  1.057500  0.415084
2   0.000000  0.790744  0.326034  0.363166  1.101332  0.197640
3   0.000000  0.772610  0.345504  0.292157  0.286439  0.300250
4   1.162498  1.099820  0.822776  0.000000  0.775176  0.991010
5   1.262527  1.045701  1.038879  0.808701  1.106536  0.000000
6   1.100638  1.180712  0.000000  1.070231  0.951868  0.882183
7   1.115032  1.093169  1.064188  0.985831  0.000000  1.045609
8   0.914848  0.266565  1.186150  1.364126  0.000000  0.973160
9   0.000000  0.771379  0.791455  0.825725  0.553368  0.694858
10  0.669452  0.000000  0.997731  0.771705  0.959758  0.690650
11  0.849905  0.000000  0.740498  0.939432  0.848104  0.835024
295            0         1         2         3         4         5
0   0.953589  0.000000  1.061226  0.535499  1.003466  0.233074
1   0.931726  0.000000  0.775000  0.471723  0.672575  0.362949
2   0.000000  0.939260  0.326034  0.299574  0.909899  0.164041
3   0.000000  0.671905  0.376705  0.144351  0.349556  0.296378
4   1.098804  1.135181  0.816491  0.000000  0.835062  1.023398
5   1.094048  0.947958  0.998748  0.972412  1.067504  0.000000
6   1.077242  1.089216  0.000000  0.933337  1.001815  0.947739
7   1.035655  0.874901  0.906278  0.849644  0.000000  0.682135
8   0.903575  0.355838  0.970376  1.166276  0.000000  0.895463
9   0.000000  0.742933  0.728937  0.728588  0.643715  0.712180
10  0.705119  0.000000  0.864868  0.624519  0.850398  0.711479
11  0.713533  0.000000  0.706787  0.691385  0.745623  0.604254
391            0         1         2         3         4         5
0   1.083370  0.000000  0.708594  0.445713  0.977684  0.206554
1   1.095989  0.000000  0.770545  0.188376  0.734322  0.484059
2   0.000000  0.456700  0.373554  0.155515  0.784186  0.072829
3   0.000000  0.413443  0.297736  0.051606  0.576032  0.056620
4   1.031275  1.093703  0.874394  0.000000  0.865857  1.016408
5   1.114969  0.827621  0.730034  0.653804  0.991907  0.000000
6   0.967041  1.056124  0.000000  0.718679  0.918211  0.961631
7   1.060567  1.015713  0.820453  0.913556  0.000000  0.948109
8   0.863080  0.387502  0.841889  0.933650  0.000000  0.887903
9   0.000000  0.774074  0.727941  0.697712  0.605813  0.691434
10  0.761442  0.000000  0.701953  0.681540  0.715326  0.692536
11  0.747193  0.000000  0.657455  0.643104  0.625516  0.625118
495            0         1         2         3         4         5
0   1.111832  0.000000  0.734994  0.331418  0.947656  0.206554
1   0.738679  0.000000  0.599797  0.357732  1.013190  0.194994
2   0.000000  0.662242  0.573173  0.257344  0.786159  0.057872
3   0.000000  0.246087  0.214603  0.040662  0.623825  0.048076
4   0.896077  1.023716  0.870190  0.000000  0.966114  0.851551
5   0.898249  0.875432  0.808702  0.783881  0.897092  0.000000
6   0.830782  0.919840  0.000000  0.776318  1.023677  0.896563
7   0.906562  0.902984  0.885552  0.808835  0.000000  0.887796
8   0.866636  0.396665  0.792031  0.818302  0.000000  0.865270
9   0.000000  0.700781  0.650567  0.613555  0.644804  0.595684
10  0.619768  0.000000  0.635467  0.622015  0.695048  0.612463
11  0.714205  0.000000  0.608134  0.636765  0.623346  0.636511
58            0         1         2         3         4         5
0   1.057044  0.000000  0.844788  0.243310  1.106442  0.206554
1   0.745400  0.000000  0.606180  0.145117  1.238575  0.118749
2   0.000000  0.598762  0.369644  0.098562  0.770929  0.042490
3   0.000000  0.238757  0.238272  0.040662  0.607155  0.025577
4   0.858237  0.988771  0.853678  0.000000  0.937434  0.844338
5   0.797784  0.841352  0.835112  0.800473  0.664657  0.000000
6   0.915037  0.849352  0.000000  0.630056  0.927383  0.556968
7   0.860707  0.763185  0.930031  0.780792  0.000000  0.799587
8   0.769564  0.396665  0.703290  0.756022  0.000000  0.715239
9   0.000000  0.606108  0.636399  0.495277  0.525857  0.602026
10  0.624094  0.000000  0.606918  0.633983  0.587994  0.557817
11  0.531318  0.000000  0.565202  0.573939  0.580826  0.504273
153            0         1         2         3         4         5
0   1.250327  0.000000  0.906146  0.243310  0.923598  0.189872
1   1.302902  0.000000  0.746415  0.145117  1.199482  0.252719
2   0.000000  0.562572  0.497241  0.044967  0.915368  0.021829
3   0.000000  0.433575  0.342378  0.017402  0.576972  0.025577
4   0.859807  1.072065  0.857800  0.000000  0.865138  0.762598
5   0.866912  0.823060  0.768688  0.812729  0.842370  0.000000
6   1.060450  0.971329  0.000000  0.773592  0.912665  0.750553
7   0.884736  0.857142  0.954918  0.814002  0.000000  0.926108
8   0.767337  0.396665  0.655357  0.607357  0.000000  0.669699
9   0.000000  0.592687  0.543901  0.505172  0.549265  0.559583
10  0.592151  0.000000  0.552995  0.564550  0.587744  0.485801
11  0.573688  0.000000  0.443684  0.500070  0.478300  0.487241
257            0         1         2         3         4         5
0   1.008404  0.000000  0.806164  0.243310  0.961147  0.178186
1   1.071466  0.000000  0.622540  0.152670  1.082688  0.200946
2   0.000000  0.670262  0.498458  0.035162  0.893442  0.031022
3   0.000481  0.548189  0.352971  0.000000  0.429723  0.026059
4   0.865612  0.879155  0.874632  0.000000  0.925224  0.842380
5   0.954417  0.706358  0.770069  0.653377  0.992633  0.000000
6   1.055574  1.020108  0.000000  0.744705  1.042809  0.749318
7   0.791902  0.907793  0.883589  0.865667  0.000000  0.884745
8   0.637958  0.476296  0.600513  0.504453  0.000000  0.623212
9   0.000000  0.577987  0.446541  0.496011  0.530251  0.528984
10  0.482292  0.000000  0.498586  0.548181  0.472936  0.510352
11  0.508354  0.000000  0.429511  0.496605  0.488097  0.546803
353            0         1         2         3         4         5
0   0.771272  0.000000  0.598365  0.243310  1.024744  0.178186
1   1.166250  0.000000  0.882835  0.114120  1.003831  0.068276
2   0.000000  0.398331  0.206053  0.035162  0.710670  0.008731
3   0.009046  0.492573  0.192156  0.008565  0.319183  0.000000
4   0.796613  0.839655  0.874632  0.000000  0.901743  0.813644
5   0.898374  0.807911  0.760673  0.652271  0.834383  0.000000
6   0.874029  0.862166  0.000000  0.662051  1.023987  0.746308
7   0.798162  0.748096  0.749953  0.673723  0.000000  0.526511
8   0.583556  0.428666  0.562923  0.473572  0.000000  0.544773
9   0.000000  0.489084  0.441891  0.448683  0.502659  0.454940
10  0.466316  0.000000  0.481687  0.467954  0.469020  0.483545
11  0.425069  0.000000  0.349563  0.330963  0.351383  0.397943
456            0         1         2         3         4         5
0   0.862348  0.000000  0.639255  0.192207  0.982067  0.282473
1   1.030839  0.000000  0.656485  0.058105  0.880625  0.060217
2   0.000000  0.391622  0.081697  0.035162  0.889543  0.008731
3   0.048435  0.243637  0.277263  0.000000  0.457302  0.000432
4   0.799996  0.748558  0.841232  0.000000  0.852757  0.797048
5   0.581964  0.628294  0.745031  0.708036  0.644868  0.000000
6   0.770452  0.854162  0.000000  0.578962  0.812231  0.755981
7   0.746636  0.755141  0.786888  0.799333  0.000000  0.779212
8   0.546406  0.432299  0.502033  0.472051  0.000000  0.461125
9   0.000000  0.468773  0.375262  0.399268  0.547120  0.456353
10  0.398890  0.000000  0.388465  0.388117  0.527666  0.449290
11  0.496761  0.000000  0.490267  0.443330  0.420789  0.412322
17            0         1         2         3         4         5
0   1.067943  0.000000  0.559983  0.192207  0.868231  0.173038
1   0.760407  0.000000  0.793476  0.058105  1.110491  0.045040
2   0.000000  0.348547  0.150177  0.035162  0.718753  0.008731
3   0.048435  0.312391  0.007062  0.000000  0.574791  0.000432
4   0.748033  0.663348  0.799932  0.000000  0.827233  0.774474
5   0.600784  0.532923  0.543770  0.723334  0.387604  0.000000
6   0.682604  0.739107  0.000000  0.667127  0.797299  0.752301
7   0.690527  0.701036  0.562689  0.655045  0.000000  0.720943
8   0.508977  0.438309  0.485705  0.464445  0.000000  0.419465
9   0.000000  0.460963  0.396288  0.347498  0.438155  0.450553
10  0.465297  0.000000  0.420391  0.349306  0.508871  0.538644
11  0.414884  0.000000  0.402461  0.396332  0.427860  0.407015
120            0         1         2         3         4         5
0   1.145089  0.000000  1.030057  0.220950  0.881998  0.174887
1   0.806755  0.000000  0.723471  0.029761  1.172936  0.045040
2   0.013187  0.650810  0.519321  0.000000  0.813404  0.021917
3   0.048435  0.011476  0.631118  0.000000  0.561950  0.000432
4   0.859579  0.781710  0.902568  0.000000  0.922611  0.790060
5   0.816035  0.547743  0.884956  0.686424  0.515656  0.000000
6   1.021763  0.726565  0.000000  0.764862  1.070848  0.819810
7   1.061041  0.935611  0.933043  0.845311  0.000000  0.785474
8   0.427001  0.443350  0.488131  0.468345  0.000000  0.428507
9   0.000000  0.461933  0.366398  0.412831  0.475746  0.365391
10  0.430087  0.000000  0.427644  0.406551  0.413600  0.414708
11  0.456749  0.000000  0.425859  0.389585  0.463188  0.405451
219            0         1         2         3         4         5
0   1.163991  0.000000  0.839417  0.155646  0.956887  0.131437
1   0.960146  0.000000  0.704533  0.029761  1.123145  0.045040
2   0.673517  0.487841  0.287782  0.000000  0.795559  0.014381
3   0.041085  0.031734  0.767236  0.000000  0.719028  0.000432
4   0.949391  1.019303  0.796835  0.000000  1.009877  0.856080
5   0.950223  0.689677  0.920793  0.773760  0.904529  0.000000
6   1.015495  0.911426  0.000000  0.889839  1.037555  0.848181
7   1.049788  0.972145  0.712876  0.841471  0.000000  0.770016
8   0.420054  0.434853  0.450604  0.432046  0.000000  0.394713
9   0.000000  0.366685  0.393140  0.357605  0.382711  0.333637
10  0.489560  0.000000  0.410777  0.405571  0.344288  0.392694
11  0.414585  0.000000  0.387239  0.393240  0.390465  0.458313
316            0         1         2         3         4         5
0   1.087730  0.000000  0.765130  0.150217  0.797652  0.131437
1   0.643016  0.000000  0.259543  0.029761  1.061794  0.045040
2   0.701308  0.398149  0.242520  0.007991  0.687107  0.000000
3   0.000000  0.001824  0.162725  0.002882  0.377977  0.003314
4   0.929215  0.925362  0.784051  0.000000  0.895711  0.728019
5   0.808969  0.598857  0.745219  0.764057  0.793567  0.000000
6   0.955622  0.797419  0.000000  0.673099  0.930811  0.807587
7   0.774985  0.626317  0.685556  0.581264  0.000000  0.689819
8   0.543408  0.434188  0.432424  0.437380  0.000000  0.397297
9   0.000000  0.386016  0.369093  0.364542  0.345165  0.431743
10  0.466822  0.000000  0.414119  0.340382  0.376885  0.402109
11  0.482399  0.000000  0.415035  0.301569  0.398814  0.438759
415            0         1         2         3         4         5
0   0.689762  0.000000  0.750849  0.317851  0.794771  0.093147
1   0.870367  0.000000  0.347033  0.085224  0.936734  0.021985
2   0.423326  0.403692  0.389814  0.007991  0.648320  0.000000
3   0.026492  0.028316  0.342088  0.000000  0.389283  0.003357
4   0.912839  0.869004  0.786445  0.000000  0.944733  0.617442
5   0.591412  0.722682  0.721872  0.740841  0.750134  0.000000
6   0.815113  0.813348  0.000000  0.706208  0.678111  0.466665
7   0.847055  0.798902  0.719540  0.736208  0.000000  0.753001
8   0.486436  0.390275  0.451392  0.459604  0.000000  0.400290
9   0.000000  0.426893  0.373058  0.404886  0.401545  0.473709
10  0.452808  0.000000  0.466609  0.401196  0.475137  0.407491
11  0.521795  0.000000  0.432924  0.409185  0.527119  0.463623
517            0         1         2         3         4         5
0   0.671266  0.000000  0.553754  0.451756  0.642345  0.071451
1   0.406966  0.000000  0.395201  0.016536  0.437084  0.021985
2   0.638731  0.521004  0.201006  0.007991  0.653655  0.000000
3   0.026492  0.008918  0.264418  0.000000  0.191015  0.003357
4   0.699013  0.748604  0.772796  0.000000  0.922389  0.617442
5   0.644212  0.600846  0.618126  0.645568  0.731552  0.000000
6   0.691279  0.766842  0.000000  0.718180  0.777043  0.535448
7   0.693339  0.721949  0.670839  0.444471  0.000000  0.563704
8   0.475692  0.395552  0.447898  0.414593  0.000000  0.404590
9   0.000000  0.359021  0.388770  0.388483  0.365476  0.433895
10  0.422752  0.000000  0.438604  0.362785  0.406296  0.387320
11  0.473767  0.000000  0.469315  0.418975  0.411175  0.398284
82            0         1         2         3         4         5
0   0.797107  0.000000  0.482732  0.384541  0.867786  0.071451
1   0.802956  0.000000  0.372461  0.016536  1.187596  0.009844
2   0.360544  0.304000  0.149790  0.007991  0.873684  0.000000
3   0.110271  0.008918  0.295825  0.000000  0.665645  0.003357
4   0.702280  0.727002  0.719741  0.000000  0.867767  0.531862
5   0.482245  0.494169  0.703578  0.607793  0.790522  0.000000
6   0.704968  0.670096  0.000000  0.716155  0.779658  0.640374
7   0.763333  0.727799  0.655247  0.547071  0.000000  0.588856
8   0.458126  0.459273  0.442582  0.410066  0.000000  0.414285
9   0.000000  0.347064  0.439301  0.337539  0.463042  0.374841
10  0.562907  0.000000  0.436825  0.398921  0.434055  0.392127
11  0.518043  0.000000  0.513772  0.472939  0.602306  0.439574
182            0         1         2         3         4         5
0   0.861453  0.000000  0.623513  0.315739  1.112664  0.034993
1   1.002489  0.008854  0.817886  0.000000  1.048407  0.018698
2   0.983282  0.702996  0.437925  0.007991  0.850410  0.000000
3   0.614496  0.008918  0.431284  0.000000  0.630424  0.003357
4   0.693725  0.748380  0.805224  0.000000  0.826403  0.481207
5   0.763030  0.497222  0.788141  0.565556  0.856860  0.000000
6   0.897251  0.847153  0.000000  0.792266  0.778381  0.808210
7   0.882596  0.837864  0.927651  0.766203  0.000000  0.829590
8   0.465670  0.482284  0.412508  0.383743  0.000000  0.436471
9   0.000000  0.353458  0.472959  0.371156  0.516430  0.417905
10  0.562051  0.000000  0.609464  0.437103  0.473737  0.460947
11  0.583866  0.000000  0.527641  0.442677  0.452729  0.452429
278            0         1         2         3         4         5
0   0.741174  0.000000  0.610559  0.315739  1.001186  0.015755
1   0.781786  0.008854  0.803053  0.000000  0.700568  0.018698
2   0.463468  0.280439  0.469233  0.007991  0.868147  0.000000
3   0.522803  0.008918  0.265672  0.000000  0.945357  0.003357
4   0.688430  0.798215  0.814823  0.000000  0.909578  0.608462
5   0.885819  0.771765  0.668775  0.775670  0.797852  0.000000
6   0.890467  0.859081  0.000000  0.687692  0.814344  0.827324
7   0.564689  0.739810  0.818737  0.750675  0.000000  0.649826
8   0.461906  0.434738  0.420226  0.397465  0.000000  0.467663
9   0.000000  0.437875  0.372466  0.429497  0.496115  0.409904
10  0.589287  0.000000  0.555061  0.450633  0.521738  0.424334
11  0.490631  0.000000  0.376750  0.456737  0.414544  0.487597
377            0         1         2         3         4         5
0   0.529318  0.000000  0.658890  0.187711  0.787290  0.015755
1   0.427251  0.008854  0.719326  0.000000  0.692788  0.018698
2   0.602432  0.452554  0.597767  0.007991  0.759510  0.000000
3   0.293380  0.008918  0.231079  0.000000  0.344511  0.003357
4   0.792975  0.842995  0.800562  0.000000  0.858085  0.656379
5   0.832220  0.550137  0.612569  0.687926  0.830555  0.000000
6   0.851835  0.813454  0.000000  0.694107  0.783818  0.753947
7   0.780581  0.650875  0.613259  0.677861  0.000000  0.722237
8   0.409701  0.453330  0.428159  0.431804  0.000000  0.430458
9   0.000000  0.454473  0.398439  0.432632  0.616451  0.448901
10  0.510998  0.000000  0.526453  0.455355  0.462822  0.439290
11  0.453718  0.000000  0.415875  0.458557  0.503836  0.388790
478            0         1         2         3         4         5
0   0.529318  0.000000  0.492179  0.278696  0.704521  0.015755
1   0.681165  0.008854  0.199306  0.000000  0.564967  0.018698
2   0.541178  0.472932  0.476101  0.007991  0.759851  0.000000
3   0.145167  0.031651  0.276635  0.022733  0.319293  0.000000
4   0.811553  0.740405  0.632985  0.000000  0.837435  0.628471
5   0.755394  0.692042  0.592555  0.570599  0.731478  0.000000
6   0.878028  0.742562  0.000000  0.612373  0.577388  0.634963
7   0.756798  0.625607  0.812804  0.726589  0.000000  0.739330
8   0.521345  0.461638  0.463235  0.371420  0.000000  0.449640
9   0.000000  0.447640  0.463896  0.416927  0.507080  0.393402
10  0.480885  0.000000  0.514575  0.503636  0.505119  0.446385
11  0.555078  0.000000  0.485414  0.442559  0.396189  0.486104
