90            0         1         2         3         4         5
0   0.663044  0.567507  0.301748  0.030171  0.670215  0.000000
1   0.513832  0.818777  0.718393  0.001010  1.052130  0.000000
2   0.738534  0.000000  0.562354  0.106949  0.584121  0.028711
3   0.285360  0.064226  0.267930  0.000000  0.412308  0.023022
4   0.872515  0.800830  0.715012  0.535418  0.963494  0.000000
5   0.617365  0.679906  0.559278  0.425800  0.682235  0.607744
6   0.724161  0.756105  0.614550  0.444828  0.857237  0.383043
7   0.743427  0.507202  0.569816  0.456604  0.608288  0.000000
8   0.378865  0.412811  0.413252  0.358845  0.397082  0.417170
9   0.407184  0.435898  0.385969  0.371454  0.405898  0.321841
10  0.428506  0.365013  0.410815  0.381624  0.409143  0.396259
11  0.401868  0.362147  0.334438  0.324421  0.386345  0.368467
190            0         1         2         3         4         5
0   0.751330  0.509406  0.285191  0.030171  0.713593  0.000000
1   0.964290  0.741643  1.028909  0.001010  0.839721  0.000000
2   0.879125  0.000000  0.628599  0.024142  0.586381  0.221596
3   0.576635  0.000000  0.416331  0.008316  0.861535  0.004923
4   0.847097  0.800830  0.605885  0.559028  0.909784  0.000000
5   0.685413  0.781185  0.624334  0.539464  0.896515  0.681128
6   0.871594  0.728602  0.707560  0.598135  0.839110  0.498450
7   0.579020  0.561134  0.730364  0.611829  0.857241  0.000000
8   0.366789  0.408478  0.382863  0.353539  0.352586  0.359584
9   0.401749  0.393709  0.355177  0.321871  0.365542  0.297496
10  0.368199  0.335538  0.374305  0.333837  0.372566  0.359498
11  0.324984  0.318056  0.434680  0.336603  0.325603  0.326555
295            0         1         2         3         4         5
0   0.953985  0.447611  0.378701  0.030171  0.664464  0.000000
1   0.797482  0.428278  0.575019  0.001010  0.526124  0.000000
2   0.665009  0.000000  0.495801  0.024142  0.288991  0.175545
3   0.588056  0.031572  0.370674  0.039888  0.496906  0.000000
4   0.839092  0.800830  0.635316  0.620319  0.950407  0.000000
5   0.833433  0.702399  0.819761  0.625459  0.883061  0.706684
6   0.877696  0.799698  0.781690  0.712974  0.855390  0.535976
7   0.710211  0.531640  0.671617  0.395390  0.547834  0.000000
8   0.362938  0.374268  0.382863  0.363811  0.358464  0.373988
9   0.381503  0.374117  0.323026  0.362736  0.291854  0.299182
10  0.331234  0.354610  0.365291  0.312262  0.368549  0.355716
11  0.331338  0.318688  0.315297  0.317695  0.330499  0.337659
391            0         1         2         3         4         5
0   0.770813  0.663235  0.431341  0.030171  0.899702  0.000000
1   0.782506  0.928798  0.402967  0.001010  0.766280  0.000000
2   0.847935  0.016787  0.253264  0.000000  0.578681  0.049979
3   0.608701  0.000000  0.076089  0.007426  0.328528  0.005333
4   0.799148  0.762145  0.650576  0.493986  0.957666  0.000000
5   0.777299  0.684733  0.830230  0.629997  0.865622  0.708307
6   0.929791  0.770691  0.736549  0.696783  0.786822  0.631395
7   0.662028  0.648955  0.569494  0.473142  0.594846  0.000000
8   0.477204  0.360732  0.379433  0.358331  0.351824  0.348704
9   0.335416  0.336824  0.303228  0.345535  0.316822  0.282735
10  0.358627  0.293905  0.309530  0.293189  0.385312  0.336740
11  0.332591  0.318795  0.302581  0.327026  0.364163  0.303210
495            0         1         2         3         4         5
0   0.893898  0.482374  0.530523  0.030171  0.891189  0.000000
1   0.839367  0.522174  0.465306  0.001010  0.963551  0.000000
2   0.529744  0.016787  0.340684  0.000000  0.618619  0.040432
3   0.557897  0.000000  0.276772  0.001765  0.223909  0.005333
4   0.679347  0.767401  0.655428  0.556956  0.981075  0.000000
5   0.875379  0.774133  0.782658  0.575037  0.838780  0.716296
6   0.716483  0.778601  0.669373  0.532952  0.851636  0.793639
7   0.602969  0.710421  0.633402  0.537183  0.763591  0.000000
8   0.424945  0.367184  0.389628  0.359383  0.362094  0.359485
9   0.313293  0.336876  0.369478  0.357567  0.393460  0.322226
10  0.340893  0.300658  0.340352  0.329833  0.422380  0.286542
11  0.348399  0.400346  0.419512  0.354435  0.464054  0.379615
58            0         1         2         3         4         5
0   0.822451  0.795019  0.707046  0.030171  0.856969  0.000000
1   0.925157  0.720201  0.377842  0.001010  1.135926  0.000000
2   0.939626  0.000000  0.342339  0.015666  0.616905  0.012577
3   0.639036  0.000000  0.352533  0.001765  0.471904  0.005333
4   0.642700  0.767408  0.723155  0.566284  0.973217  0.000000
5   0.723614  0.766262  0.776712  0.595372  0.871492  0.693439
6   0.882271  0.637371  0.850076  0.547854  0.952353  0.733868
7   0.668194  0.660195  0.760193  0.451776  0.654104  0.000000
8   0.414407  0.363608  0.381833  0.361663  0.337872  0.362486
9   0.326296  0.349566  0.342946  0.363624  0.329336  0.306377
10  0.356367  0.343261  0.290456  0.324516  0.394787  0.359764
11  0.386535  0.334458  0.336197  0.394381  0.425152  0.371459
153            0         1         2         3         4         5
0   0.961922  0.911772  0.647053  0.030171  0.938255  0.000000
1   1.283585  0.686066  0.910629  0.001010  1.089548  0.000000
2   0.956337  0.000000  0.333218  0.015666  0.821365  0.012577
3   0.519804  0.000000  0.679504  0.001765  0.719331  0.009401
4   0.702302  0.767408  0.813570  0.566284  0.854525  0.000000
5   0.815812  0.703027  0.855642  0.789125  0.972975  0.785070
6   0.905133  0.950331  1.138104  0.864038  1.046058  0.756460
7   0.851555  0.910243  0.609966  0.740596  0.926266  0.000000
8   0.406793  0.463209  0.325604  0.357205  0.339950  0.317552
9   0.345431  0.343475  0.425293  0.359040  0.326189  0.313837
10  0.329759  0.341488  0.292148  0.266734  0.334857  0.355880
11  0.327840  0.315656  0.328836  0.362152  0.329067  0.331921
257            0         1         2         3         4         5
0   1.072278  0.787634  0.806075  0.036021  1.087751  0.000000
1   0.971075  0.871493  0.557627  0.001010  0.884558  0.000000
2   0.700455  0.000000  0.163653  0.015666  0.734964  0.012577
3   0.281613  0.000000  0.482181  0.001765  0.791950  0.012169
4   0.859782  0.770335  0.804651  0.614999  0.848050  0.000000
5   0.776282  0.876645  0.701945  0.809010  0.896880  0.793751
6   0.954530  1.006147  0.952361  0.834549  0.987212  0.803165
7   0.660273  0.744728  0.617221  0.693668  0.636865  0.000000
8   0.415485  0.414339  0.350732  0.424414  0.308862  0.377290
9   0.400993  0.386169  0.391792  0.442077  0.477800  0.405962
10  0.375283  0.388875  0.386354  0.323856  0.383069  0.411000
11  0.473372  0.368581  0.338005  0.444883  0.364599  0.459658
353            0         1         2         3         4         5
0   0.919590  0.818042  0.813518  0.036021  1.129226  0.000000
1   1.123230  0.523958  0.595134  0.001010  1.072409  0.000000
2   0.268060  0.179631  0.167257  0.042967  0.579843  0.000000
3   0.298001  0.019909  0.363085  0.000000  0.271387  0.099067
4   0.721644  0.770335  0.812946  0.617421  0.841304  0.000000
5   0.744482  0.792338  0.665191  0.800280  0.856431  0.728721
6   0.862008  0.867460  0.936692  0.792159  0.986225  0.764298
7   0.477008  0.507637  0.591723  0.674373  0.703153  0.000000
8   0.404854  0.408771  0.384243  0.389133  0.308862  0.392864
9   0.359173  0.425621  0.403375  0.395553  0.379157  0.414541
10  0.391225  0.400034  0.475063  0.366052  0.368045  0.379553
11  0.418582  0.408313  0.445285  0.395063  0.431634  0.392144
456            0         1         2         3         4         5
0   0.784188  0.547354  0.901338  0.000000  1.050073  0.010496
1   0.764605  0.488777  0.879658  0.001010  0.931692  0.000000
2   0.687918  0.333136  0.267287  0.077689  0.859531  0.000000
3   0.361990  0.008789  0.182837  0.000000  0.709293  0.006107
4   0.751361  0.766065  0.765765  0.623333  0.799992  0.000000
5   0.843741  0.696491  0.717537  0.740997  0.640855  0.643566
6   0.817751  0.813803  0.870355  0.790241  0.947554  0.632885
7   0.501249  0.654224  0.447020  0.538911  0.738494  0.000000
8   0.408943  0.502993  0.390976  0.396751  0.334211  0.386435
9   0.419289  0.355249  0.368150  0.372302  0.396966  0.397978
10  0.436590  0.397139  0.408324  0.367045  0.447792  0.364430
11  0.367404  0.320069  0.371829  0.394360  0.459539  0.397171
17            0         1         2         3         4         5
0   0.839880  0.518395  0.709806  0.000000  0.851382  0.010496
1   0.822169  0.805346  0.488339  0.001010  0.737098  0.000000
2   0.546498  0.288110  0.119216  0.039292  0.632587  0.000000
3   0.151755  0.000000  0.165826  0.020441  0.486147  0.032104
4   0.754478  0.759744  0.765765  0.623333  0.799992  0.000000
5   0.824172  0.689793  0.446145  0.718306  0.779193  0.598083
6   0.586486  0.715684  0.767351  0.794919  0.789947  0.665904
7   0.608077  0.639697  0.574647  0.403561  0.585739  0.000000
8   0.409151  0.445489  0.380441  0.393325  0.375652  0.395588
9   0.369519  0.366174  0.352334  0.387428  0.455077  0.382952
10  0.376549  0.330841  0.383586  0.378338  0.397853  0.387661
11  0.383940  0.415512  0.404493  0.393039  0.318725  0.386178
120            0         1         2         3         4         5
0   1.017450  0.430464  0.847043  0.000000  0.986158  0.010496
1   1.039056  0.777425  0.469891  0.001010  1.537487  0.000000
2   0.561746  0.364527  0.220579  0.039292  0.507236  0.000000
3   0.279858  0.000000  0.403251  0.072220  0.708231  0.021722
4   0.750084  0.923140  0.767843  0.635197  0.919164  0.000000
5   0.976853  0.739727  0.561456  0.749414  0.884613  0.710589
6   0.826392  0.820693  0.831437  0.748639  0.895484  0.740722
7   0.670925  0.634667  0.782491  0.700059  0.778140  0.000000
8   0.415867  0.426154  0.389141  0.394859  0.386208  0.390792
9   0.376077  0.381341  0.369396  0.352490  0.373650  0.367689
10  0.413382  0.279953  0.379667  0.381198  0.415649  0.405760
11  0.469681  0.386992  0.398276  0.385693  0.286625  0.374429
219            0         1         2         3         4         5
0   1.352916  0.444837  0.941457  0.000000  1.024622  0.010496
1   0.714385  0.885083  0.522109  0.001010  1.127909  0.000000
2   0.914170  0.231251  0.375796  0.039292  0.783519  0.000000
3   0.491527  0.006912  0.189436  0.031234  0.372046  0.000000
4   0.718634  0.775142  0.635224  0.635197  0.914331  0.000000
5   0.960358  0.908370  0.739430  0.855988  0.864308  0.863996
6   0.990891  1.002572  0.690677  0.793172  0.931929  0.876821
7   0.868303  0.933718  0.880088  0.737276  0.867829  0.000000
8   0.450258  0.405042  0.383455  0.379790  0.366852  0.366945
9   0.479648  0.374963  0.322717  0.314778  0.329218  0.360989
10  0.335989  0.301227  0.354760  0.329131  0.383899  0.384852
11  0.411904  0.333036  0.287583  0.372163  0.338351  0.369574
316            0         1         2         3         4         5
0   1.081360  0.591954  0.639844  0.000000  0.850799  0.010496
1   0.824229  0.835817  0.461722  0.001010  0.852113  0.000000
2   1.118612  0.206999  0.336415  0.017225  0.821387  0.000000
3   0.440117  0.017832  0.065986  0.000000  0.402095  0.010920
4   0.739280  0.775142  0.635224  0.647231  0.960018  0.000000
5   1.027890  0.874241  0.786989  0.827862  0.888876  0.843419
6   0.785429  0.840394  0.688931  0.771576  0.880048  0.811207
7   0.670891  0.491910  0.556436  0.323862  0.714422  0.000000
8   0.443500  0.397546  0.386193  0.381127  0.366868  0.374017
9   0.406243  0.381503  0.396130  0.355285  0.289586  0.338181
10  0.485596  0.320086  0.326616  0.317222  0.345738  0.395671
11  0.459741  0.351226  0.372358  0.350462  0.385314  0.377647
415            0         1         2         3         4         5
0   1.169184  0.738667  0.894959  0.026256  0.803757  0.000000
1   0.813769  0.656018  0.558913  0.001010  0.994722  0.000000
2   0.572771  0.424170  0.715512  0.017225  0.812195  0.000000
3   0.473999  0.012368  0.116461  0.016417  0.776368  0.000000
4   0.883360  0.782310  0.734220  0.740676  0.940914  0.000000
5   1.053234  0.947738  0.641777  0.805951  0.827890  0.723415
6   0.728777  0.912634  0.572130  0.764149  0.986513  0.789658
7   0.804102  0.585506  0.639023  0.753937  0.824897  0.000000
8   0.423813  0.392369  0.394259  0.399957  0.375459  0.373690
9   0.406716  0.353623  0.365351  0.387915  0.392236  0.351315
10  0.383086  0.377553  0.413520  0.304597  0.375058  0.407193
11  0.420333  0.409562  0.309068  0.367120  0.411021  0.366677
517            0         1         2         3         4         5
0   0.914295  0.738667  0.699082  0.026256  0.736647  0.000000
1   0.963152  0.653139  0.603000  0.001010  0.893140  0.000000
2   0.536496  0.668718  0.182113  0.017225  0.582678  0.000000
3   0.424893  0.012368  0.027368  0.016417  0.377721  0.000000
4   0.883360  0.794625  0.809022  0.736918  0.995768  0.000000
5   0.760746  0.862423  0.719433  0.615941  0.785598  0.731033
6   0.765570  0.786927  0.586702  0.751604  0.855066  0.709604
7   0.721783  0.604763  0.518062  0.581080  0.543190  0.000000
8   0.459797  0.412686  0.461905  0.413220  0.433353  0.385914
9   0.403686  0.356809  0.398996  0.339869  0.406840  0.393725
10  0.485285  0.320590  0.378298  0.335513  0.359704  0.379871
11  0.563937  0.413645  0.382562  0.460888  0.552152  0.341622
82            0         1         2         3         4         5
0   0.932579  0.685117  0.699082  0.026256  0.882658  0.000000
1   0.710704  0.712770  0.623158  0.001010  0.858904  0.000000
2   0.643988  0.291883  0.307664  0.017225  0.607042  0.000000
3   0.456277  0.012368  0.161016  0.016417  0.541688  0.000000
4   0.879274  0.779320  0.796610  0.736918  0.995768  0.000000
5   0.854550  0.764112  0.741972  0.641075  0.891529  0.649625
6   0.672107  0.790694  0.680190  0.690426  0.942998  0.672275
7   0.660481  0.654569  0.590573  0.587565  0.841377  0.000000
8   0.437834  0.372485  0.452332  0.373796  0.432738  0.411425
9   0.420429  0.326486  0.375467  0.386356  0.413987  0.427751
10  0.466056  0.319703  0.405594  0.381273  0.386705  0.465265
11  0.405996  0.453241  0.365881  0.399885  0.420480  0.398253
182            0         1         2         3         4         5
0   0.768632  0.628695  0.594332  0.004892  1.009394  0.000000
1   0.716536  0.766489  0.679112  0.001010  0.971163  0.000000
2   1.034058  0.494006  0.522880  0.017225  0.965362  0.000000
3   0.697678  0.176977  0.402867  0.016417  0.643964  0.000000
4   0.771160  0.787458  0.799895  0.748209  1.010737  0.000000
5   1.004756  0.742940  0.765966  0.618957  0.910142  0.715773
6   0.980851  0.779407  0.963676  0.904361  0.948493  0.829082
7   0.737651  0.932587  0.847843  0.612012  1.115466  0.000000
8   0.423249  0.386068  0.428399  0.379408  0.411725  0.377535
9   0.410223  0.339782  0.329730  0.369655  0.414381  0.388741
10  0.405411  0.457011  0.371177  0.402828  0.306579  0.331263
11  0.396710  0.404936  0.416696  0.404477  0.476934  0.360569
278            0         1         2         3         4         5
0   0.827999  0.628695  0.513819  0.004892  1.031023  0.000000
1   0.727473  0.616318  0.744978  0.001010  0.572456  0.000000
2   1.036430  0.790697  0.420369  0.037463  0.940244  0.000000
3   0.495502  0.522955  0.643356  0.022482  0.519133  0.000000
4   0.771160  0.813572  0.878979  0.771900  0.995907  0.000000
5   1.106480  0.836135  0.815275  0.824234  0.699000  0.784989
6   0.868865  0.769487  0.998867  0.892626  0.951402  0.697814
7   0.652788  0.820704  0.633815  0.617225  0.733213  0.000000
8   0.410287  0.397885  0.490187  0.385295  0.406275  0.390096
9   0.365423  0.365096  0.397599  0.316873  0.413870  0.395314
10  0.401300  0.428168  0.390132  0.398359  0.340937  0.366913
11  0.365231  0.426432  0.399035  0.381723  0.399563  0.358544
377            0         1         2         3         4         5
0   0.827064  0.755775  0.535889  0.004892  0.775792  0.000000
1   0.639858  0.582865  0.967630  0.001010  0.674395  0.000000
2   0.912609  0.561435  0.465885  0.005481  0.924244  0.000000
3   0.547157  0.311274  0.302500  0.000000  0.524694  0.015052
4   0.807979  0.804290  0.869392  0.765046  0.996596  0.000000
5   1.095661  0.845087  0.799266  0.791371  0.721544  0.726407
6   0.823218  0.763332  0.854046  0.805397  0.927147  0.751132
7   0.459071  0.591637  0.630128  0.513920  0.704744  0.000000
8   0.410347  0.408014  0.435723  0.399230  0.400534  0.398228
9   0.373212  0.386436  0.401650  0.321598  0.461088  0.369672
10  0.388858  0.411991  0.357449  0.406573  0.368802  0.399328
11  0.404440  0.400198  0.344863  0.366461  0.386326  0.386367
478            0         1         2         3         4         5
0   0.938817  0.648035  0.396792  0.004892  0.980609  0.000000
1   1.071803  0.607627  0.774474  0.001010  0.599830  0.000000
2   1.009282  0.262228  0.429515  0.005481  0.639255  0.000000
3   0.207120  0.160576  0.109287  0.023176  0.365346  0.000000
4   0.826967  0.805363  0.855878  0.756210  1.082897  0.000000
5   0.888817  0.775757  0.639163  0.650640  0.913235  0.698763
6   0.701796  0.739217  0.905301  0.794323  0.836442  0.817738
7   0.603219  0.545819  0.576257  0.733513  0.743160  0.000000
8   0.403215  0.403453  0.363708  0.407967  0.399122  0.400061
9   0.351637  0.412229  0.415770  0.323568  0.383452  0.386578
10  0.359790  0.397953  0.377997  0.420517  0.391902  0.403631
11  0.515314  0.380076  0.348482  0.378536  0.391770  0.353265
