90            0         1         2         3         4         5
0   0.201599  0.000000  0.185697  0.034252  0.420569  0.028284
1   0.860428  0.120359  0.355029  0.000000  0.706928  0.069620
2   0.060520  0.000000  0.347470  0.028885  0.367790  0.042836
3   0.157838  0.000000  0.204709  0.100620  0.689145  0.070748
4   0.054041  0.082855  0.193537  0.000000  0.229450  0.006739
5   0.037467  0.004520  0.098225  0.036397  0.120268  0.000000
6   0.174948  0.000000  0.087966  0.117362  0.338175  0.024340
7   0.032647  0.103261  0.104684  0.000000  0.428278  0.114676
8   0.154815  0.037708  0.003374  0.000000  0.005719  0.050967
9   0.052648  0.000000  0.094530  0.036316  0.084021  0.005172
10  0.000000  0.029490  0.013476  0.002356  0.043883  0.034255
11  0.253588  0.036759  0.000000  0.023948  0.546319  0.020409
190            0         1         2         3         4         5
0   0.181412  0.064837  0.271462  0.010538  0.367669  0.000000
1   0.422321  0.241202  0.319275  0.011368  0.782479  0.000000
2   0.436812  0.224136  0.050568  0.070687  0.160718  0.000000
3   0.128755  0.144749  0.093441  0.000000  0.028143  0.084979
4   0.000000  0.051106  0.045158  0.030709  0.048802  0.037448
5   0.235121  0.035793  0.050255  0.051970  0.000000  0.003003
6   0.000000  0.084285  0.033802  0.064478  0.300415  0.067280
7   0.280483  0.001238  0.094353  0.146107  0.159761  0.000000
8   0.071421  0.037980  0.131871  0.000000  0.123032  0.045876
9   0.036806  0.068942  0.000000  0.009924  0.176503  0.036585
10  0.148477  0.036023  0.044566  0.000000  0.141296  0.010121
11  0.475876  0.044631  0.108143  0.000000  0.490206  0.093081
295            0         1         2         3         4         5
0   0.154098  0.064837  0.233864  0.010538  0.295361  0.000000
1   0.197639  0.222091  0.185306  0.184526  0.000000  0.019255
2   0.138149  0.291331  0.024915  0.087008  0.176441  0.000000
3   0.055114  0.078679  0.000000  0.030695  0.064385  0.157496
4   0.052131  0.017964  0.112340  0.082840 -0.010580  0.000000
5   0.071054  0.022809  0.118058  0.011311  0.146473  0.000000
6   0.033397  0.036131  0.114702  0.019806  0.000000  0.024790
7   0.000000  0.105867  0.192359  0.174744  0.055069  0.054703
8   0.062650  0.086196  0.023756  0.091577  0.062221  0.000000
9   0.111993  0.018780  0.047812  0.221021  0.000000  0.080644
10  0.041941  0.008222  0.000000  0.004356  0.089507  0.010700
11  0.137162  0.000000  0.005774  0.118013  0.024729  0.073752
391            0         1         2         3         4         5
0   0.301419  0.035688  0.011584  0.010538  0.217887  0.000000
1   0.493378  0.339808  0.244425  0.063596  0.151273  0.000000
2   0.211197  0.207048  0.050827  0.000000  0.065103  0.011336
3   0.034221  0.042514  0.029327  0.000000  0.342291  0.031675
4   0.064444  0.098406  0.014649  0.071721  0.069862  0.000000
5   0.265464  0.004531  0.024427  0.023116  0.024539  0.000000
6   0.078200  0.117334  0.107422  0.000326  0.222940  0.000000
7   0.111059  0.068649  0.000000  0.035103  0.477967  0.055227
8   0.049712  0.019565  0.024173  0.000000  0.109980  0.016712
9   0.048954  0.000000  0.029827  0.013284  0.039693  0.027834
10  0.103231  0.037736  0.003362  0.000000  0.011888  0.016691
11  0.265903  0.204765  0.046117  0.000000  0.129946  0.131152
495            0         1         2         3         4         5
0   0.510349  0.000000  0.040288  0.128728  0.246590  0.028703
1   0.072958  0.388614  0.132356  0.000000  0.232360  0.085717
2   0.123965  0.000000  0.015015  0.057276  0.208594  0.255094
3   0.106988  0.131702  0.000000  0.112941  0.175181  0.037206
4   0.033489  0.000419  0.100132  0.157204  0.086688  0.000000
5   0.043999  0.001726  0.071663  0.000000  0.070295  0.040588
6   0.045633  0.028473  0.000000  0.034583  0.108886  0.016059
7   0.014766  0.051095  0.137127  0.017558  0.064350  0.000000
8   0.000000  0.140205  0.033621  0.033203  0.044048  0.010463
9   0.120960  0.041858  0.000000  0.029085  0.040431  0.048052
10  0.044671  0.024997  0.058677  0.121361  0.103703  0.000000
11  0.111438  0.098145  0.102847  0.000000  0.245141  0.103070
58            0         1         2         3         4         5
0   0.571130  0.000000  0.322046  0.037210  0.184022  0.028703
1   0.235351  0.363648  0.230780  0.000000  0.617238  0.032867
2   0.156365  0.000000  0.154291  0.025281  0.158926  0.135919
3   0.012930  0.196400  0.020004  0.000000  0.033614  0.132177
4   0.133328  0.019183  0.149652  0.000000  0.221908  0.030632
5   0.085791  0.039662  0.004689  0.000000  0.087210  0.044891
6   0.167499  0.018699  0.033330  0.000000  0.158678  0.061292
7   0.161220  0.020098  0.000000  0.027972  0.156727  0.020261
8   0.172586  0.073489  0.031166  0.042828  0.046076  0.000000
9   0.110551  0.029181  0.052361  0.000000  0.059462  0.029539
10  0.046715  0.058327  0.015289  0.015211  0.213781  0.000000
11  0.331989  0.123091  0.099851  0.136344  0.251860  0.000000
153            0         1         2         3         4         5
0   0.680810  0.017875  0.247489  0.055084  0.124782  0.000000
1   0.278155  0.107735  0.247309  0.048657  0.392006  0.000000
2   0.304475  0.000000  0.048857  0.026036  0.150483  0.059560
3   0.003450  0.072949  0.199176  0.039178  0.114629  0.000000
4   0.355203  0.106511  0.104237  0.000000  0.328581  0.049495
5   0.041564  0.270093  0.000000  0.005417  0.344877  0.091514
6   0.071020  0.068954  0.068044  0.011229  0.000000  0.082191
7   0.000000  0.011120  0.046164  0.088349  0.142033  0.181058
8   0.024065  0.084805  0.000000  0.115545  0.106723  0.084316
9   0.000000  0.134967  0.010407  0.033076  0.017380  0.046914
10  0.079669  0.124056  0.142927  0.000000  0.075197  0.047336
11  0.031311  0.337675  0.080737  0.000000  0.145162  0.095338
257            0         1         2         3         4         5
0   0.786237  0.057266  0.068762  0.000000  0.332560  0.039391
1   0.503045  0.099286  0.000000  0.036220  0.014300  0.025386
2   0.319548  0.000000  0.006864  0.003206  0.077902  0.033146
3   0.335236  0.183143  0.042866  0.044926  0.000000  0.159095
4   0.181451  0.121937  0.104060  0.047906  0.394753  0.000000
5   0.130750  0.119549  0.086262  0.067033  0.000000  0.037458
6   0.245905  0.021568  0.193515  0.072770  0.225011  0.000000
7   0.002438  0.054045  0.042782  0.131836  0.000000  0.265285
8   0.080810  0.123494  0.135477  0.047374  0.000000  0.095085
9   0.043609  0.000000  0.083619  0.142394  0.041299  0.140960
10  0.042448  0.075543  0.068987  0.000000  0.102992  0.022828
11  0.174149  0.010102  0.000000  0.110178  0.019234  0.004434
353            0         1         2         3         4         5
0   0.729780  0.151482  0.068762  0.000000  0.128110  0.039391
1   0.322040  0.000000  0.312985  0.059656  0.087024  0.079323
2   0.029978  0.068000  0.013692  0.042832  0.000000  0.022586
3   0.128721  0.105351  0.254367  0.000000  0.149710  0.054762
4   0.227889  0.324710  0.104060  0.047906  0.271747  0.000000
5   0.020067  0.029459  0.021091  0.013773  0.000000  0.001670
6   0.002565  0.032801  0.093326  0.016341  0.248288  0.000000
7   0.155946  0.104429  0.071168  0.112085  0.000000  0.079406
8   0.105405  0.088337  0.024632  0.000000  0.173473  0.122457
9   0.094715  0.047402  0.061760  0.063171  0.048594  0.000000
10  0.055324  0.025014  0.046932  0.006276  0.013926  0.000000
11  0.087745  0.061814  0.156295  0.000000  0.340688  0.378101
456            0         1         2         3         4         5
0   0.573293  0.054809  0.201021  0.055034  0.263570  0.000000
1   0.572473  0.095944  0.114600  0.000000  0.329247  0.008081
2   0.069857  0.235085  0.030803  0.046942  0.264996  0.000000
3   0.119123  0.138015  0.090377  0.000000  0.076473  0.190248
4   0.138469  0.324710  0.035470  0.047906  0.271747  0.000000
5   0.080164  0.061778  0.000000  0.007030  0.137542  0.068695
6   0.121679  0.000000  0.007027  0.024734  0.315597  0.087764
7   0.133693  0.050697  0.056506  0.082379  0.394692  0.000000
8   0.104743  0.072766  0.043623  0.011021  0.000000  0.005779
9   0.072347  0.000000  0.070707  0.002865  0.075345  0.038998
10  0.046068  0.016095  0.000000  0.012773  0.089622  0.019643
11  0.248278  0.026820  0.122761  0.000000  0.041388  0.030201
17            0         1         2         3         4         5
0   0.322797  0.332420  0.201021  0.055034  0.206937  0.000000
1   0.067556  0.220040  0.222612  0.045312  0.375982  0.000000
2   0.137642  0.039648  0.089056  0.042059  0.215223  0.000000
3   0.000000  0.020042  0.081591  0.009149  0.324349  0.088196
4   0.114820  0.324710  0.035470  0.047906  0.094675  0.000000
5   0.036327  0.000000  0.085716  0.032527  0.160093  0.033043
6   0.376642  0.034208  0.236475  0.155965  0.261063  0.000000
7   0.177813  0.053424  0.023005  0.079205  0.000000  0.036062
8   0.026714  0.026417  0.004038  0.000000  0.139325  0.042590
9   0.000000  0.049969  0.004705  0.040297  0.156037  0.027956
10  0.142591  0.015618  0.024258  0.041206  0.066581  0.000000
11  0.122969  0.111069  0.262689  0.042148  0.132802  0.000000
120            0         1         2         3         4         5
0   0.507019  0.345049  0.270564  0.000000  0.337763  0.009390
1   0.475298  0.000000  0.229639  0.008108  0.677283  0.042037
2   0.360556  0.053551  0.068956  0.023113  0.131688  0.000000
3   0.000000  0.037343  0.149120  0.027569  0.189405  0.043957
4   0.106364  0.013503  0.081059  0.000000  0.131901  0.037226
5   0.086693  0.068356  0.176586  0.000000  0.093775  0.060057
6   0.103561  0.000000  0.098038  0.068491  0.130910  0.033671
7   0.057902  0.081710  0.014711  0.094196  0.067716  0.000000
8   0.017505  0.095647  0.167682  0.000000  0.143348  0.038576
9   0.000000  0.090657  0.065908  0.029701  0.209308  0.000010
10  0.037485  0.040392  0.026096  0.028790  0.035358  0.000000
11  0.410884  0.206463  0.013582  0.000000  0.274536  0.010198
219            0         1         2         3         4         5
0   0.736724  0.352139  0.264065  0.000000  0.269296  0.009390
1   0.632237  0.151265  0.192167  0.000000  0.544677  0.031438
2   0.272915  0.069528  0.156862  0.000000  0.134873  0.025027
3   0.016792  0.291146  0.010509  0.134870  0.068883  0.000000
4   0.075611  0.000000  0.080788  0.041043  0.130216  0.166078
5   0.027801  0.037569  0.014778  0.000000  0.070858  0.016492
6   0.139490  0.122151  0.000000  0.169913  0.200444  0.031964
7   0.013636  0.012867  0.079814  0.101436  0.000000  0.038394
8   0.211444  0.118010  0.037384  0.041519  0.050006  0.000000
9   0.045615  0.041278  0.028226  0.067515  0.000000  0.084784
10  0.000000  0.015830  0.011554  0.008833  0.007386  0.062307
11  0.295426  0.019693  0.202996  0.000000  0.147281  0.078179
316            0         1         2         3         4         5
0   0.327009  0.352139  0.264065  0.000000  0.174062  0.009390
1   0.525094  0.000000  0.076742  0.033237  0.310658  0.004426
2   0.348058  0.000000  0.110202  0.003190  0.013936  0.036343
3   0.076583  0.396675  0.107771  0.000000  0.706597  0.043355
4   0.007688  0.006126  0.086914  0.047170  0.136342  0.000000
5   0.049537  0.020274  0.106914  0.078063  0.116514  0.000000
6   0.044623  0.109493  0.000000  0.117153  0.374667  0.041601
7   0.237247  0.000000  0.070924  0.081288  0.120190  0.049892
8   0.019664  0.099519  0.020283  0.067548  0.103477  0.000000
9   0.064319  0.000000  0.085463  0.047602  0.071184  0.127350
10  0.029271  0.007679  0.093889  0.025745  0.068639  0.000000
11  0.222824  0.062235  0.000000  0.042756  0.185005  0.008951
415            0         1         2         3         4         5
0   0.442746  0.135422  0.096296  0.058927  0.467915  0.000000
1   0.140016  0.027365  0.219075  0.008180  0.089881  0.000000
2   0.195793  0.078074  0.075246  0.000000  0.071077  0.095809
3   0.199127  0.000000  0.138103  0.007418  0.086881  0.051595
4   0.000000  0.001573  0.110235  0.047297  0.214775  0.077623
5   0.126433  0.028893  0.018751  0.000000  0.068344  0.051062
6   0.083542  0.096288  0.107579  0.000000  0.161825  0.044924
7   0.147904  0.079695  0.083230  0.031293  0.278222  0.000000
8   0.213065  0.140371  0.051983  0.017567  0.000000  0.147378
9   0.030381  0.074099  0.050351  0.000000  0.092223  0.054179
10  0.031527  0.087455  0.029786  0.000000  0.061470  0.109142
11  0.133108  0.106690  0.147672  0.051364  0.145670  0.000000
517            0         1         2         3         4         5
0   0.340507  0.280107  0.204738  0.058927  0.279604  0.000000
1   0.142322  0.227613  0.435166  0.238166  0.342494  0.000000
2   0.275941  0.024305  0.025723  0.000000  0.229152  0.126017
3   0.070248  0.081360  0.000000  0.032117  0.067859  0.085389
4   0.043523  0.024069  0.000000  0.058721  0.063413  0.013855
5   0.171083  0.009579  0.104657  0.000000  0.127667  0.038257
6   0.074852  0.000397  0.132207  0.078399  0.062748  0.000000
7   0.015313  0.005561  0.142268  0.007641  0.000000  0.000248
8   0.082848  0.004095  0.020609  0.000000 -0.018496  0.015349
9   0.061421  0.039303  0.105672  0.088547  0.000000  0.061699
10  0.023560  0.000000  0.075802  0.043756  0.065319  0.065994
11  0.054094  0.029315  0.208198  0.021474  0.156908  0.000000
82            0         1         2         3         4         5
0   0.505123  0.569135  0.155049  0.000000  0.372809  0.022368
1   0.470648  0.011262  0.053270  0.007703  0.358122  0.000000
2   0.410009  0.070609  0.203792  0.060106  0.395730  0.000000
3   0.103374  0.039337  0.000000  0.144482  0.237349  0.005419
4   0.081189  0.017454  0.071449  0.138135  0.209874  0.000000
5   0.048259  0.002579  0.159553  0.000000  0.055125  0.064144
6   0.153485  0.135240  0.143521  0.017374  0.000000  0.036622
7   0.212044  0.227216  0.062310  0.000000  0.050314  0.040966
8   0.063060  0.021158  0.014360  0.000000  0.082314  0.020910
9   0.014249  0.068500  0.088043  0.020769  0.000000  0.014440
10  0.055181  0.024008  0.077476  0.013712  0.088378  0.000000
11  0.245681  0.009549  0.014811  0.122862  0.268640  0.000000
182            0         1         2         3         4         5
0   0.678994  0.955715  0.298299  0.052653  0.378920  0.000000
1   0.341302  0.000000  0.409627  0.009701  0.504656  0.000949
2   0.101281  0.015428  0.000000  0.013064  0.266061  0.020320
3   0.000000  0.312741  0.019151  0.015021  0.361657  0.000710
4   0.076263  0.014790  0.325384  0.040633  0.149992  0.000000
5   0.041375  0.009740  0.000000  0.003333  0.112931  0.037732
6   0.059578  0.022056  0.000000  0.087466  0.207507  0.066245
7   0.313424  0.045340  0.053629  0.000000  0.057345  0.024389
8   0.086637  0.000000  0.034359  0.042649  0.087531  0.025557
9   0.000000  0.000138  0.109847  0.029719  0.112548  0.108200
10  0.146259  0.047703  0.005073  0.000000  0.075722  0.024072
11  0.371257  0.221803  0.183521  0.044388  0.259539  0.000000
278            0         1         2         3         4         5
0   0.612175  0.568054  0.185766  0.000000  0.460099  0.029948
1   0.204979  0.000000  0.403480  0.009701  0.413227  0.000949
2   0.102381  0.026924  0.018416  0.000000  0.026775  0.043880
3   0.042702  0.105251  0.229026  0.030392  0.000000  0.046089
4   0.037137  0.014790  0.147946  0.040633  0.115649  0.000000
5   0.029647  0.057378  0.000000  0.064660  0.227037  0.078179
6   0.199677  0.023499  0.060208  0.057124  0.000000  0.046622
7   0.023362  0.032903  0.013543  0.018770  0.100431  0.000000
8   0.106484  0.087576  0.094288  0.044631  0.010040  0.000000
9   0.007308  0.041192  0.006229  0.000000  0.013610  0.015002
10  0.061609  0.111822  0.167483  0.103956  0.002410  0.000000
11  0.047001  0.104677  0.037610  0.301068  0.283845  0.000000
377            0         1         2         3         4         5
0   0.616561  0.208408  0.214559  0.041347  0.316851  0.000000
1   0.277471  0.039902  0.048949  0.018383  0.524600  0.000000
2   0.365535  0.000000  0.101721  0.125971  0.429644  0.014609
3   0.358912  0.000000  0.418557  0.009353  0.065497  0.027634
4   0.037137  0.014790  0.266438  0.040633  0.187555  0.000000
5   0.011320  0.000000  0.076800  0.020153  0.176605  0.032869
6   0.151268  0.060561  0.096682  0.042395  0.000000  0.057122
7   0.181802  0.043797  0.188518  0.000000  0.075667  0.064681
8   0.052320  0.026571  0.071511  0.051964  0.056165  0.000000
9   0.089414  0.072032  0.045542  0.103613  0.051850  0.000000
10  0.015409  0.000000  0.022578  0.028800  0.035930  0.042496
11  0.000000  0.193841  0.191685  0.045949  0.075969  0.066030
478            0         1         2         3         4         5
0   0.502357  0.575639  0.065087  0.123740  0.109492  0.000000
1   0.249658  0.019470  0.000000  0.131553  0.319130  0.122921
2   0.287616  0.109984  0.084708  0.059711  0.415832  0.000000
3   0.314547  0.066732  0.156434  0.065318  0.000000  0.005650
4   0.010416  0.051963  0.125374  0.000000  0.230159  0.039064
5   0.054508  0.000000  0.078203  0.091009  0.169223  0.006280
6   0.038764  0.064590  0.059815  0.000000  0.248007  0.178385
7   0.095974  0.010375  0.024477  0.017476  0.094475  0.000000
8   0.037949  0.037951  0.000000  0.026307 -0.006316  0.011730
9   0.050753  0.007390  0.017402  0.044982  0.000000  0.047422
10  0.000000  0.053516  0.138097  0.062219  0.066677  0.020218
11  0.310776  0.000000  0.474350  0.122485  0.170097  0.042063
