90            0         1         2         3         4         5
0   0.941649  0.616361  0.481674  0.030171  0.359080  0.000000
1   0.384282  0.251417  0.727568  0.001488  0.987247  0.000000
2   0.532849  0.044863  0.004282  0.000000  0.544915  0.010613
3   0.411695  0.056518  0.339547  0.000000  0.473300  0.031359
4   0.894107  0.778786  0.709632  0.385864  0.921515  0.000000
5   0.356701  0.582561  0.403991  0.423053  0.615083  0.190077
6   0.552582  0.537286  0.499052  0.445329  0.547982  0.380485
7   0.614725  0.726675  0.564840  0.414520  0.784902  0.000000
8   0.464878  0.447398  0.466725  0.391206  0.474836  0.436687
9   0.416272  0.462468  0.431489  0.371336  0.405494  0.419008
10  0.401074  0.408898  0.454346  0.396734  0.451133  0.416086
11  0.317793  0.406132  0.461950  0.410424  0.415030  0.376416
190            0         1         2         3         4         5
0   1.186520  0.773265  0.541069  0.030171  0.385242  0.000000
1   0.523098  0.375532  0.607666  0.001488  0.681764  0.000000
2   0.527640  0.009033  0.109130  0.000000  0.556126  0.010613
3   0.154140  0.167137  0.089562  0.000000  0.642689  0.079780
4   0.842268  0.773166  0.718168  0.385864  0.948171  0.000000
5   0.591099  0.638261  0.569252  0.536901  0.763239  0.370181
6   0.824811  0.828764  0.583623  0.534690  0.730698  0.463806
7   0.849106  0.496234  0.402412  0.651905  0.723592  0.000000
8   0.441754  0.403292  0.452358  0.514738  0.455169  0.414675
9   0.407885  0.446873  0.399375  0.408219  0.411111  0.457437
10  0.455399  0.402808  0.391421  0.328856  0.436103  0.457022
11  0.510679  0.404017  0.465544  0.459877  0.496311  0.462969
295            0         1         2         3         4         5
0   1.113289  0.717319  0.561834  0.030171  0.303215  0.000000
1   0.349779  0.613589  0.626140  0.001488  0.634023  0.000000
2   0.488359  0.032816  0.359643  0.023783  0.533092  0.000000
3   0.329251  0.042404  0.024700  0.004214  0.138146  0.000000
4   0.807750  0.765352  0.723451  0.385864  0.919352  0.000000
5   0.676981  0.657903  0.347523  0.461117  0.678048  0.489880
6   0.971424  0.718462  0.618807  0.623471  0.740702  0.396433
7   0.369804  0.349281  0.429454  0.548101  0.561204  0.000000
8   0.507721  0.491788  0.438747  0.454064  0.446438  0.415478
9   0.387654  0.429625  0.419202  0.416718  0.415608  0.364146
10  0.475502  0.401405  0.382038  0.363469  0.405044  0.489265
11  0.420082  0.389883  0.420462  0.439304  0.515479  0.406392
391            0         1         2         3         4         5
0   1.143261  0.568960  0.472757  0.030171  0.303215  0.000000
1   0.779028  0.842269  0.539054  0.001488  0.956118  0.000000
2   0.775781  0.023718  0.248708  0.023783  0.561661  0.000000
3   0.200171  0.101274  0.253503  0.024787  0.782358  0.000000
4   0.794074  0.744226  0.749842  0.385864  0.919352  0.000000
5   0.784872  0.679949  0.448291  0.393474  0.695202  0.529023
6   1.068257  0.897633  0.690735  0.609374  0.681656  0.401024
7   0.942925  0.528072  0.632972  0.477788  0.508524  0.000000
8   0.491324  0.451546  0.434063  0.434124  0.440058  0.416822
9   0.363282  0.419434  0.391095  0.422362  0.426107  0.374925
10  0.428358  0.461841  0.366602  0.381995  0.432837  0.415795
11  0.328321  0.426790  0.401262  0.326500  0.389369  0.388367
495            0         1         2         3         4         5
0   0.801043  0.550391  0.572084  0.030171  0.349483  0.000000
1   0.844975  0.893891  0.541292  0.001488  0.774915  0.000000
2   0.570441  0.000000  0.249912  0.040090  0.741905  0.016307
3   0.186976  0.376477  0.129258  0.001625  0.221361  0.000000
4   0.835269  0.646897  0.744895  0.418051  0.919352  0.000000
5   0.668828  0.752837  0.519281  0.568335  0.672766  0.566909
6   0.760565  0.820489  0.653594  0.630358  0.772312  0.565242
7   0.747826  0.733647  0.546554  0.514202  0.532185  0.000000
8   0.433192  0.408003  0.436084  0.422640  0.469842  0.429507
9   0.453755  0.413072  0.398683  0.357837  0.486670  0.373034
10  0.445459  0.448552  0.449419  0.398038  0.480566  0.440645
11  0.514560  0.499399  0.331262  0.424282  0.454496  0.402851
58            0         1         2         3         4         5
0   0.689398  0.571080  0.440158  0.030171  0.567723  0.000000
1   0.851097  0.754693  0.612317  0.001488  0.649833  0.000000
2   0.720103  0.002225  0.463125  0.032102  0.854516  0.000000
3   0.063345  0.020571  0.149331  0.001625  0.464847  0.000000
4   0.844506  0.648486  0.614347  0.473396  0.871556  0.000000
5   0.668901  0.763070  0.642173  0.598996  0.765031  0.587216
6   0.805120  0.829709  0.757759  0.638340  0.832395  0.481164
7   0.617088  0.427962  0.384158  0.435175  0.700499  0.000000
8   0.464472  0.427071  0.465376  0.423570  0.459523  0.441149
9   0.481352  0.421411  0.420386  0.423322  0.417289  0.386969
10  0.439464  0.416052  0.573789  0.352695  0.486504  0.460199
11  0.562846  0.399827  0.435045  0.408035  0.377477  0.445360
153            0         1         2         3         4         5
0   1.022834  0.647472  0.521726  0.030171  0.760276  0.000000
1   1.112156  0.849595  0.634130  0.001488  0.660819  0.000000
2   0.802223  0.002225  0.609827  0.066326  0.615697  0.000000
3   0.166272  0.164663  0.168859  0.001625  0.405503  0.000000
4   0.881602  0.652861  0.647126  0.473396  0.900628  0.000000
5   0.871078  0.855091  0.729885  0.532591  0.977367  0.648509
6   0.787827  0.632431  0.803585  0.733218  0.746520  0.537431
7   0.695660  0.681448  0.532334  0.256275  0.636309  0.000000
8   0.486517  0.530897  0.507268  0.431823  0.495246  0.399073
9   0.374752  0.403733  0.384646  0.419536  0.417486  0.320536
10  0.426347  0.339709  0.414726  0.376137  0.412502  0.423590
11  0.466048  0.408691  0.452632  0.440459  0.575473  0.437901
257            0         1         2         3         4         5
0   0.933779  0.450301  0.573370  0.030171  0.856542  0.000000
1   0.942523  0.622620  0.635557  0.001488  0.827175  0.000000
2   0.832787  0.002225  0.462294  0.014644  0.848887  0.000000
3   0.443046  0.124290  0.155398  0.001625  0.325764  0.000000
4   0.851062  0.668198  0.647126  0.473396  0.910794  0.000000
5   0.766885  0.850402  0.591751  0.628097  0.868672  0.685515
6   0.838990  0.826478  0.846785  0.607145  0.810622  0.607253
7   0.748911  0.607537  0.440907  0.484980  0.440963  0.000000
8   0.468996  0.507946  0.528905  0.452016  0.485478  0.417078
9   0.418473  0.439933  0.351026  0.447097  0.360585  0.350865
10  0.444134  0.334630  0.469429  0.403065  0.440056  0.451160
11  0.449572  0.446680  0.444058  0.338018  0.457228  0.473369
353            0         1         2         3         4         5
0   0.857367  0.657041  0.573370  0.030171  0.758180  0.000000
1   0.813058  0.800324  0.558084  0.001488  0.973122  0.000000
2   0.414612  0.002225  0.270923  0.014644  0.842316  0.000000
3   0.152932  0.029647  0.097524  0.001625  0.087327  0.000000
4   0.851062  0.658224  0.647126  0.473396  0.770618  0.000000
5   0.787003  0.653121  0.580332  0.506844  0.762748  0.572338
6   0.790378  0.686115  0.846833  0.539932  0.737881  0.600398
7   0.534599  0.252472  0.516894  0.312657  0.417637  0.000000
8   0.450378  0.457085  0.511389  0.433892  0.460834  0.410293
9   0.443034  0.496579  0.378435  0.398498  0.574324  0.375721
10  0.465859  0.370953  0.396742  0.367157  0.513419  0.432683
11  0.385206  0.397107  0.400061  0.402624  0.464306  0.435357
456            0         1         2         3         4         5
0   0.760907  0.307933  0.661244  0.030171  0.694499  0.000000
1   0.606432  0.331623  0.418151  0.001488  0.701750  0.000000
2   0.666082  0.002225  0.431915  0.014644  0.748487  0.000000
3   0.210845  0.000000  0.102065  0.019608  0.534389  0.017983
4   0.926028  0.658224  0.644938  0.473396  0.770618  0.000000
5   0.820077  0.729033  0.642717  0.568068  0.704739  0.516412
6   0.740953  0.597581  0.610717  0.567647  0.817126  0.545810
7   0.665918  0.396548  0.507198  0.456631  0.410926  0.000000
8   0.464558  0.455253  0.471387  0.453900  0.449226  0.419130
9   0.414705  0.412861  0.419385  0.389267  0.533429  0.339706
10  0.429501  0.402255  0.390679  0.407374  0.519062  0.434348
11  0.376780  0.454335  0.442505  0.526074  0.467653  0.453396
17            0         1         2         3         4         5
0   0.795535  0.307933  0.533522  0.030171  0.603147  0.000000
1   0.603039  0.464885  0.634681  0.000000  0.614696  0.030166
2   0.644014  0.002225  0.241611  0.014644  0.588639  0.000000
3   0.001601  0.015167  0.059190  0.000000  0.066286  0.074029
4   0.926028  0.643244  0.641869  0.473396  0.743670  0.000000
5   0.752222  0.580000  0.550352  0.499623  0.693825  0.522019
6   0.649661  0.631133  0.607955  0.607061  0.650574  0.570764
7   0.509709  0.334785  0.364479  0.389098  0.293883  0.000000
8   0.465777  0.460748  0.499197  0.452699  0.452547  0.427777
9   0.480565  0.446198  0.437400  0.404122  0.424359  0.420030
10  0.483843  0.392074  0.425093  0.428882  0.450331  0.444897
11  0.476148  0.374264  0.385718  0.418155  0.391407  0.441733
120            0         1         2         3         4         5
0   0.999873  0.219749  0.592763  0.030171  0.979794  0.000000
1   0.867693  0.649529  0.699637  0.000000  1.244032  0.030166
2   0.807760  0.002225  0.607713  0.014644  0.977917  0.000000
3   0.605565  0.216329  0.717599  0.000000  0.512746  0.023590
4   0.963933  0.635419  0.625290  0.473396  0.784756  0.000000
5   0.827255  0.640662  0.717366  0.604404  0.867811  0.536219
6   0.558492  0.758154  0.772296  0.511891  0.675332  0.420933
7   0.670674  0.633571  0.552241  0.282935  0.755315  0.000000
8   0.421210  0.428698  0.469002  0.448667  0.430864  0.427777
9   0.453410  0.407429  0.493472  0.417833  0.415149  0.419799
10  0.410830  0.345896  0.370729  0.395186  0.411854  0.387983
11  0.464886  0.485056  0.357028  0.425903  0.393441  0.409938
219            0         1         2         3         4         5
0   1.007003  0.200545  0.656158  0.030171  0.733523  0.000000
1   1.027099  0.614621  0.626711  0.000000  0.997198  0.030166
2   0.790316  0.002225  0.374818  0.014644  0.690563  0.000000
3   0.410122  0.167167  0.372746  0.002196  0.589287  0.000000
4   0.935146  0.729592  0.691428  0.557755  0.791327  0.000000
5   1.052794  0.702058  0.768495  0.801718  0.604894  0.819007
6   0.742331  0.653213  0.756895  0.701809  0.820439  0.376990
7   1.044622  0.714279  0.852961  0.507047  0.914356  0.000000
8   0.428507  0.377194  0.403033  0.438111  0.427225  0.424638
9   0.585862  0.467227  0.500268  0.421436  0.435053  0.405387
10  0.385082  0.550679  0.394528  0.402004  0.482803  0.348816
11  0.465928  0.412342  0.425062  0.427986  0.439273  0.449570
316            0         1         2         3         4         5
0   0.682115  0.327943  0.682787  0.030171  0.696644  0.000000
1   0.481883  0.613933  0.604521  0.000000  0.752409  0.030166
2   0.586994  0.002225  0.223031  0.014644  0.710898  0.000000
3   0.492626  0.287827  0.281908  0.002196  0.467590  0.000000
4   0.929615  0.729592  0.691428  0.557755  0.789396  0.000000
5   0.972637  0.712232  0.752653  0.810075  0.729392  0.826621
6   0.857798  0.695825  0.734858  0.709444  0.807905  0.431036
7   0.618438  0.346618  0.558829  0.365872  0.343609  0.000000
8   0.433644  0.397305  0.421636  0.446891  0.531022  0.450531
9   0.415579  0.385843  0.476962  0.437024  0.399864  0.441595
10  0.389504  0.431198  0.419484  0.423204  0.477130  0.396284
11  0.480449  0.440653  0.382974  0.417278  0.424475  0.451539
415            0         1         2         3         4         5
0   0.725355  0.503931  0.587071  0.030171  0.522357  0.000000
1   0.686634  0.373313  0.420218  0.000000  0.690780  0.058967
2   0.552722  0.000000  0.259142  0.030149  0.545919  0.015505
3   0.374072  0.279244  0.134357  0.002196  0.672978  0.000000
4   0.955871  0.729592  0.710431  0.557755  0.789396  0.000000
5   0.792384  0.747393  0.759253  0.630132  0.604066  0.769409
6   0.838059  0.808520  0.848212  0.449340  0.835705  0.520571
7   0.761435  0.703896  0.485420  0.527950  0.439663  0.000000
8   0.515025  0.412391  0.401428  0.443708  0.389292  0.445777
9   0.430043  0.406824  0.462569  0.414788  0.389261  0.410550
10  0.477975  0.440005  0.495035  0.364726  0.474477  0.384824
11  0.464459  0.430349  0.430436  0.447462  0.519424  0.453930
517            0         1         2         3         4         5
0   0.905575  0.559640  0.535004  0.030171  0.416079  0.000000
1   0.929888  0.597419  0.435249  0.000000  0.527500  0.010401
2   0.523135  0.000000  0.208283  0.066049  0.276852  0.015505
3   0.442370  0.226960  0.111352  0.002196  0.107230  0.000000
4   0.950062  0.727413  0.765239  0.588049  0.789396  0.000000
5   0.657529  0.624131  0.718923  0.619642  0.719433  0.647470
6   0.831325  0.761143  0.788658  0.350996  0.822896  0.598975
7   0.699778  0.539137  0.579077  0.440241  0.706814  0.000000
8   0.575309  0.418281  0.406211  0.417577  0.409762  0.423147
9   0.425631  0.390056  0.402761  0.380986  0.406471  0.370870
10  0.439104  0.414378  0.454708  0.390250  0.375507  0.373998
11  0.406697  0.417636  0.404824  0.349520  0.410008  0.401281
82            0         1         2         3         4         5
0   0.641402  0.470200  0.491282  0.030171  0.559275  0.000000
1   1.035764  0.515938  0.524907  0.001010  0.572571  0.000000
2   0.544343  0.003005  0.220009  0.000000  0.456758  0.018510
3   0.120290  0.159325  0.000000  0.010801  0.165792  0.008606
4   0.993216  0.689547  0.847646  0.588049  0.789396  0.000000
5   0.656054  0.645196  0.569954  0.689742  0.700043  0.651346
6   0.837423  0.690415  0.689427  0.488564  0.813876  0.414330
7   0.478999  0.425237  0.475324  0.536006  0.709564  0.000000
8   0.516914  0.414172  0.422473  0.426763  0.414601  0.419110
9   0.445705  0.418527  0.368293  0.398862  0.484150  0.363778
10  0.391250  0.444816  0.492781  0.442826  0.376862  0.397819
11  0.489491  0.425381  0.450024  0.423677  0.481152  0.367408
182            0         1         2         3         4         5
0   0.603496  0.695916  0.446681  0.030171  0.573221  0.000000
1   1.032465  0.503032  0.514849  0.001010  0.705968  0.000000
2   0.830565  0.016181  0.342409  0.000000  0.610235  0.016417
3   0.302480  0.326839  0.277878  0.000000  0.442290  0.010453
4   1.019297  0.681642  0.842241  0.476648  0.970840  0.000000
5   0.823721  0.654943  0.602397  0.588077  0.665788  0.721054
6   0.865188  0.702933  0.647079  0.690888  0.781459  0.502277
7   0.723306  0.537542  0.775551  0.581887  0.502526  0.000000
8   0.476553  0.417334  0.429725  0.343814  0.468015  0.421673
9   0.439274  0.418314  0.402230  0.376843  0.382244  0.370720
10  0.463043  0.425828  0.441811  0.416126  0.440791  0.412111
11  0.437110  0.368868  0.424247  0.401380  0.417179  0.427512
278            0         1         2         3         4         5
0   0.562787  0.442616  0.392956  0.030171  0.526180  0.000000
1   0.531969  0.518054  0.149002  0.001010  0.399956  0.000000
2   0.882161  0.016181  0.156514  0.000000  0.486005  0.016417
3   0.397649  0.263857  0.093319  0.000000  0.244075  0.010453
4   1.019297  0.688343  0.842241  0.539631  0.970840  0.000000
5   0.733547  0.636291  0.642464  0.633317  0.713464  0.625251
6   0.710314  0.867572  0.667891  0.698509  0.726352  0.534907
7   0.373211  0.384084  0.586354  0.384656  0.575318  0.000000
8   0.481286  0.435908  0.443035  0.400050  0.478055  0.447071
9   0.464825  0.411963  0.403598  0.403588  0.420415  0.422469
10  0.466061  0.437684  0.464119  0.407353  0.464079  0.448136
11  0.584515  0.488467  0.496132  0.433241  0.482841  0.505640
377            0         1         2         3         4         5
0   0.563396  0.545897  0.467355  0.030171  0.746077  0.000000
1   0.908195  0.287649  0.118850  0.001010  1.082103  0.000000
2   0.460303  0.038814  0.200588  0.024595  0.802656  0.000000
3   0.198269  0.012311  0.006205  0.000000  0.439886  0.010453
4   1.019297  0.696917  0.808657  0.539631  0.970840  0.000000
5   0.676234  0.549917  0.653837  0.529236  0.569330  0.633402
6   0.725344  0.770408  0.538069  0.678362  0.781494  0.434625
7   0.548204  0.591212  0.518424  0.195065  0.588053  0.000000
8   0.429135  0.431350  0.438639  0.410233  0.426090  0.438192
9   0.453219  0.382833  0.400930  0.412335  0.419614  0.414557
10  0.440944  0.432552  0.397749  0.378143  0.467494  0.436036
11  0.378359  0.391384  0.442310  0.384956  0.400965  0.419269
478            0         1         2         3         4         5
0   0.394273  0.633768  0.632837  0.030171  0.781000  0.000000
1   0.529559  0.418554  0.378980  0.001010  0.638315  0.000000
2   0.419813  0.013940  0.158057  0.184935  0.467292  0.000000
3   0.330847  0.019967  0.048967  0.000000  0.483867  0.020256
4   0.996778  0.696917  0.669105  0.539631  0.986117  0.000000
5   0.561746  0.513791  0.669887  0.596967  0.634060  0.552378
6   0.744333  0.761373  0.577113  0.572900  0.772738  0.444371
7   0.629032  0.391161  0.650087  0.348457  0.640677  0.000000
8   0.417727  0.427743  0.441752  0.409710  0.385694  0.423513
9   0.430739  0.379315  0.418114  0.415381  0.420957  0.416688
10  0.417238  0.390021  0.434261  0.337728  0.423883  0.398632
11  0.430771  0.363376  0.392588  0.406593  0.404050  0.405958
