90            0         1         2         3         4         5
0   1.153199  1.292658  1.563848  0.363733  0.000000  0.830922
1   0.612045  0.858149  0.608303  0.147957  0.000000  0.051607
2   0.856326  0.281109  0.291942  0.089059  0.792286  0.000000
3   0.494666  0.152218  0.662243  0.000000  0.379289  0.245105
4   0.834054  1.086838  1.355616  1.184483  0.000000  0.578572
5   0.000000  0.007069  0.219794  0.165379  0.636433  0.613769
6   0.696108  0.476974  0.000000  0.126008  0.383756  0.187406
7   0.326297  0.012056  0.116142  0.000000  0.770083  0.000332
8   0.643212  0.089359  0.000000  0.247489  0.459117  0.324281
9   0.521248  0.106394  0.062903  0.000000  0.294866  0.152671
10  0.105627  0.011631  0.170872  0.184721  0.139385  0.000000
11  0.126441  0.000000  0.311825  0.040116  0.317814  0.015407
190            0         1         2         3         4         5
0   0.902567  0.828937  0.587893  0.104084  0.000000  0.305777
1   0.721646  0.668170  0.405769  0.000000  0.000841  0.008707
2   0.379649  0.806923  0.071775  0.000000  0.613175  0.028436
3   0.181246  0.073153  0.095192  0.000000  0.133161  0.101621
4   0.639858  1.021608  1.177263  0.732528  0.000000  0.516478
5   0.000000  0.055073  0.216085  0.028269  0.148147  0.056755
6   0.128719  0.223801  0.075563  0.000000  0.079865  0.032772
7   0.210105  0.050386  0.216000  0.000000  0.016796  0.053080
8   0.188334  0.044167  0.057372  0.000000  0.162768  0.190014
9   0.004910  0.000000  0.051598  0.013684  0.023993  0.000760
10  0.117643  0.062845  0.073557  0.000000  0.186378  0.072343
11  0.195813  0.242629  0.184330  0.000000  0.005696  0.057785
295            0         1         2         3         4         5
0   0.814073  0.656719  0.372379  0.003788  0.000000  0.033962
1   0.121508  0.141791  0.337142  0.000000  0.095854  0.042855
2   0.057026  0.325836  0.095675  0.160287  0.167420  0.000000
3   0.261666  0.023616  0.086388  0.000000  0.051829  0.108620
4   0.441350  0.911392  0.971786  0.600655  0.000000  0.516478
5   0.111838  0.000000  0.191470  0.041696  0.128120  0.011816
6   0.060626  0.000000  0.121286  0.026667  0.429400  0.076135
7   0.040655  0.081811  0.028719  0.029240  0.009505  0.000000
8   0.074110  0.000000  0.042853  0.014753  0.089310  0.056430
9   0.084298  0.112614  0.091446  0.114867  0.078716  0.000000
10  0.097915  0.000000  0.062134  0.032192  0.166814  0.027853
11  0.109832  0.024975  0.003046  0.153404  0.170286  0.000000
391            0         1         2         3         4         5
0   1.041092  0.565272  0.409769  0.033552  0.029764  0.000000
1   0.071704  0.308009  0.313720  0.000000  0.013050  0.007580
2   0.007146  0.192082  0.002154  0.000000  0.003808  0.023460
3   0.148766  0.216701  0.000000  0.058859  0.065542  0.043730
4   0.441350  0.827678  0.801061  0.372899  0.000000  0.391142
5   0.032215  0.089876  0.028369  0.042958  0.121176  0.000000
6   0.304544  0.058695  0.000000  0.055229  0.179828  0.021266
7   0.143720  0.004296  0.050507  0.039081  0.089353  0.000000
8   0.071685  0.048842  0.034363  0.040871  0.065976  0.000000
9   0.137947  0.000000  0.008177  0.007317  0.046316  0.075892
10  0.141310  0.050786  0.021936  0.051164  0.021449  0.000000
11  0.120658  0.057540  0.002537  0.000000  0.301526  0.047550
495            0         1         2         3         4         5
0   0.971157  0.542585  0.292868  0.033552  0.020697  0.000000
1   0.296034  0.000000  0.159174  0.009746  0.396374  0.028617
2   0.235784  0.042713  0.195687  0.117754  0.255444  0.000000
3   0.000000  0.188651  0.030291  0.080134  0.076256  0.097084
4   0.335482  0.512360  0.631968  0.309092  0.000000  0.184990
5   0.101195  0.066455  0.078257  0.035551  0.103901  0.000000
6   0.103435  0.000000  0.075705  0.055197  0.176414  0.009620
7   0.070089  0.035153  0.047195  0.000000  0.051583  0.105124
8   0.102824  0.100729  0.053530  0.035944  0.073525  0.000000
9   0.023853  0.050175  0.008235  0.000000  0.192576  0.034879
10  0.058647  0.098175  0.180658  0.000000  0.161180  0.097268
11  0.269776  0.000000  0.273382  0.013847  0.103589  0.104308
58            0         1         2         3         4         5
0   0.536715  0.380246  0.275523  0.033552  0.020697  0.000000
1   0.327227  0.291218  0.303556  0.001832  0.490309  0.000000
2   0.549555  0.065046  0.279764  0.000000  0.412136  0.167347
3   0.189711  0.108722  0.000000  0.039307  0.047758  0.055804
4   0.226871  0.394760  0.505482  0.209231  0.000000  0.184990
5   0.000000  0.185347  0.013850  0.043049  0.225490  0.040725
6   0.096462  0.058954  0.000000  0.044237  0.361383  0.049147
7   0.008422  0.086803  0.106087  0.000000  0.301884  0.091104
8   0.055700  0.117795  0.033406  0.014953  0.108438  0.000000
9   0.036090  0.002225  0.000000  0.053714  0.105437  0.009692
10  0.037498  0.035417  0.030988  0.000000  0.027396  0.004384
11  0.355726  0.178675  0.024888  0.059912  0.325479  0.000000
153            0         1         2         3         4         5
0   0.730654  0.342945  0.568721  0.000000  0.135525  0.061403
1   0.469568  0.291954  0.331751  0.001832  0.621353  0.000000
2   0.404448  0.015452  0.084793  0.000000  0.279946  0.069762
3   0.508198  0.000000  0.001382  0.015454  0.155919  0.084334
4   0.222791  0.394760  0.161480  0.201938  0.000000  0.113120
5   0.040372  0.000000  0.107226  0.056256  0.117483  0.001143
6   0.000000  0.137112  0.069629  0.014642  0.176656  0.009185
7   0.038072  0.118858  0.138246  0.000000  0.238614  0.100285
8   0.046393  0.000000  0.050357  0.083776  0.129204  0.080334
9   0.081795  0.154601  0.131394  0.000000  0.175265  0.121449
10  0.130487  0.019142  0.047483  0.044399  0.012970  0.000000
11  0.058932  0.059682  0.012315  0.000000  0.012992  0.031329
257            0         1         2         3         4         5
0   0.496772  0.356502  0.424728  0.000000  0.245952  0.061403
1   0.087429  0.028920  0.165449  0.000000  0.355905  0.086563
2   0.243655  0.122432  0.000000  0.063018  0.274808  0.054203
3   0.072760  0.137285  0.000000  0.162397  0.087836  0.076968
4   0.160405  0.280462  0.115537  0.201938  0.000000  0.074592
5   0.000000  0.111236  0.052567  0.004540  0.178075  0.041595
6   0.163263  0.191342  0.067855  0.000000  0.081166  0.059438
7   0.047382  0.071897  0.176720  0.000000  0.018057  0.020243
8   0.105342  0.047484  0.027215  0.000000  0.051236  0.122091
9   0.078286  0.005602  0.106818  0.205275  0.094120  0.000000
10  0.019123  0.141672  0.072334  0.000000  0.035429  0.032620
11  0.032927  0.000000  0.019411  0.184209  0.008284  0.070101
353            0         1         2         3         4         5
0   0.619241  0.461217  0.197324  0.000000  0.608985  0.061403
1   0.461400  0.014163  0.188131  0.000000  0.473321  0.003526
2   0.245751  0.164659  0.135016  0.000000  0.185591  0.058646
3   0.073258  0.050277  0.158216  0.000000  0.296347  0.069690
4   0.160405  0.263571  0.115537  0.201938  0.000000  0.074592
5   0.022281  0.000000  0.112662  0.085396  0.064190  0.056410
6   0.063001  0.057293  0.000000  0.071386  0.207529  0.058244
7   0.041326  0.069933  0.000000  0.017085  0.193622  0.005331
8   0.006130  0.000000  0.085395  0.059797  0.158972  0.014845
9   0.005939  0.098895  0.014001  0.000000  0.092494  0.041750
10  0.058172  0.000000  0.145313  0.020390  0.016916  0.042902
11  0.315750  0.032635  0.036538  0.042083  0.000279  0.000000
456            0         1         2         3         4         5
0   0.584803  0.404957  0.211915  0.000000  0.630500  0.061403
1   0.304191  0.000000  0.068741  0.022044  0.373762  0.023324
2   0.141869  0.000000  0.112058  0.081299  0.190106  0.042407
3   0.000000  0.167701  0.047305  0.035943  0.253567  0.045879
4   0.279990  0.352711  0.174230  0.123162  0.019730  0.000000
5   0.184913  0.089725  0.159820  0.000000  0.146799  0.018789
6   0.137157  0.000000  0.007409  0.023980  0.116270  0.001909
7   0.000000  0.122015  0.093783  0.116507  0.114272  0.030529
8   0.143699  0.110964  0.027312  0.059128  0.067956  0.000000
9   0.158802  0.004433  0.000000  0.027483  0.124481  0.060016
10  0.045350  0.023653  0.046290  0.000000  0.050526  0.026218
11  0.149002  0.060617  0.071125  0.063186  0.122259  0.000000
17            0         1         2         3         4         5
0   0.317628  0.285670  0.211915  0.000000  0.398840  0.061403
1   0.480093  0.247005  0.187296  0.129188  0.589640  0.000000
2   0.204926  0.037978  0.051677  0.053051  0.006463  0.009089
3   0.136853  0.090385  0.000000  0.110969  0.147579  0.057148
4   0.391735  0.442012  0.171773  0.061537  0.109031  0.000000
5   0.213471  0.033567  0.000000  0.127969  0.224113  0.042438
6   0.252822  0.000000  0.066132  0.001520  0.104150  0.048021
7   0.274587  0.073976  0.031758  0.128397  0.087928  0.000000
8   0.200622  0.000000  0.158736  0.048835  0.104126  0.065870
9   0.230648  0.200120  0.228093  0.071051  0.176634  0.000000
10  0.097133  0.278457  0.096990  0.000000  0.198327  0.005677
11  0.063427  0.000000  0.035806  0.292569  0.197380  0.068243
120            0         1         2         3         4         5
0   0.384304  0.542017  0.433202  0.025241  0.858940  0.000000
1   0.382235  0.204277  0.074080  0.043000  0.315968  0.000000
2   0.197994  0.139396  0.203994  0.045957  0.071256  0.000000
3   0.190709  0.063542  0.072365  0.000000  0.102790  0.045681
4   0.146276  0.384718  0.179564  0.069329  0.000000  0.007791
5   0.085910  0.044731  0.000000  0.028889  0.237539  0.010136
6   0.084056  0.036856  0.052076  0.003352  0.219091  0.000000
7   0.331728  0.060532  0.224720  0.000000  0.422329  0.057738
8   0.041795  0.012882  0.000000  0.088851  0.078747  0.017861
9   0.049790  0.067163  0.000000  0.084547  0.089603  0.030088
10  0.070977  0.013726  0.038632  0.035164  0.091600  0.000000
11  0.000000  0.007525  0.001945  0.119567  0.269656  0.029954
219            0         1         2         3         4         5
0   0.308951  0.670344  0.215510  0.025241  0.560979  0.000000
1   0.408474  0.025828  0.205404  0.000000  0.182887  0.035834
2   0.457891  0.038941  0.030900  0.000000  0.379758  0.006676
3   0.181379  0.036772  0.000000  0.026106  0.221547  0.077353
4   0.077230  0.063195  0.011588  0.000000  0.005740  0.013532
5   0.153617  0.024250  0.084995  0.000000  0.163645  0.063831
6   0.098307  0.000000  0.009423  0.013735  0.491932  0.001015
7   0.000000  0.214072  0.079425  0.053613  0.058794  0.054494
8   0.039212  0.038793  0.032710  0.000000  0.059656  0.012823
9   0.000000  0.171158  0.125105  0.076973  0.029550  0.123266
10  0.043106  0.040191  0.094348  0.000000  0.055206  0.046213
11  0.140986  0.186029  0.128019  0.011419  0.058414  0.000000
316            0         1         2         3         4         5
0   0.187953  0.444505  0.215510  0.025241  0.314961  0.000000
1   0.197253  0.179242  0.302471  0.018911  0.000000  0.013290
2   0.407958  0.203930  0.218404  0.079867  0.350683  0.000000
3   0.162008  0.000000  0.021124  0.003118  0.044121  0.095404
4   0.077230  0.026149  0.011588  0.000000  0.005740  0.013532
5   0.076559  0.070663  0.099883  0.000000  0.070772  0.030151
6   0.012131  0.210358  0.000000  0.025677  0.058071  0.070214
7   0.166765  0.000000  0.096416  0.072592  0.089650  0.026502
8   0.070279  0.071535  0.000000  0.007834  0.123105  0.137563
9   0.080975  0.013924  0.048682  0.000000  0.000355  0.010362
10  0.050592  0.040080  0.042242  0.000000  0.079129  0.102346
11  0.298596  0.072578  0.105689  0.000000  0.148117  0.017954
415            0         1         2         3         4         5
0   0.160846  0.118053  0.302992  0.000000  0.090642  0.056948
1   0.277343  0.143604  0.000000  0.025285  0.078424  0.074548
2   0.165777  0.314004  0.178888  0.000000  0.232314  0.005192
3   0.131591  0.051357  0.023380  0.000000  0.248847  0.033772
4   0.053348  0.000000  0.191119  0.060286  0.066027  0.027619
5   0.096984  0.022580  0.052375  0.000000  0.000921  0.032081
6   0.134038  0.177015  0.218120  0.024307  0.000000  0.009772
7   0.278320  0.049406  0.052177  0.000000  0.233262  0.006326
8   0.039492  0.000000  0.020634  0.036752  0.104151  0.091051
9   0.107837  0.076176  0.058769  0.006249  0.000000  0.045954
10  0.001336  0.021226  0.073315  0.037692  0.087603  0.000000
11  0.217067  0.083377  0.000000  0.039660  0.383309  0.040232
517            0         1         2         3         4         5
0   0.244408  0.029200  0.095242  0.000000  0.148241  0.033065
1   0.050424  0.208857  0.000000  0.077584  0.283618  0.028176
2   0.097199  0.283380  0.056591  0.000000  0.295745  0.005192
3   0.210385  0.241817  0.047020  0.000000  0.088997  0.010072
4   0.056102  0.071322  0.000000  0.050629  0.067864  0.003477
5   0.064819  0.062592  0.159953  0.031289  0.088547  0.000000
6   0.154099  0.067243  0.105816  0.016960  0.241421  0.000000
7   0.090094  0.050981  0.024770  0.083299  0.000000  0.059736
8   0.000000  0.033980  0.123473  0.049735  0.117371  0.081563
9   0.022148  0.011864  0.002750  0.054658  0.000000  0.040907
10  0.048965  0.000000  0.080488  0.071637  0.033897  0.041254
11  0.000000  0.007104  0.072059  0.246680  0.048202  0.041686
82            0         1         2         3         4         5
0   0.407560  0.000000  0.034081  0.012275  0.166667  0.045340
1   0.430838  0.183015  0.456183  0.037047  0.252151  0.000000
2   0.532620  0.000000  0.125379  0.066952  0.366462  0.013740
3   0.049516  0.015406  0.058046  0.000000  0.080688  0.058313
4   0.115144  0.000000  0.059042  0.010593  0.102390  0.062519
5   0.010932  0.030663  0.201251  0.000000  0.063046  0.005231
6   0.113557  0.000000  0.043190  0.017582  0.234611  0.000622
7   0.000000  0.040482  0.193358  0.054113  0.147642  0.062755
8   0.071622  0.000000  0.054635  0.015251  0.052333  0.032715
9   0.036710  0.040897  0.053163  0.046891  0.019907  0.000000
10  0.118450  0.000000  0.125368  0.050546  0.087566  0.067490
11  0.089369  0.000000  0.033156  0.047498  0.378723  0.044353
182            0         1         2         3         4         5
0   0.575739  0.054543  0.008966  0.066818  0.331870  0.000000
1   0.222807  0.825922  0.625785  0.000000  0.353764  0.014325
2   0.428877  0.008715  0.028004  0.000000  0.218480  0.030594
3   0.129223  0.062261  0.018947  0.000000  0.401845  0.015092
4   0.087819  0.087106  0.215670  0.019254  0.095091  0.000000
5   0.000000  0.070813  0.242645  0.037375 -0.002533  0.000634
6   0.019539  0.045112  0.000000  0.037028  0.302862  0.001887
7   0.408221  0.143601  0.133582  0.000000  0.165550  0.061039
8   0.003033  0.015113  0.014923  0.000000  0.078091  0.047131
9   0.043282  0.029422  0.051217  0.000000  0.046611  0.004890
10  0.024611  0.000000  0.117377  0.031002  0.159669  0.052641
11  0.153285  0.163017  0.012597  0.055010  0.302035  0.000000
278            0         1         2         3         4         5
0   0.777195  0.054543  0.008966  0.036242  0.284229  0.000000
1   0.172991  0.169459  0.080174  0.000000  0.150271  0.014325
2   0.388110  0.000000  0.053710  0.018938  0.311658  0.014289
3   0.055480 -0.027832  0.093875  0.076637  0.000000  0.012511
4   0.088375  0.022965  0.138890  0.019254  0.095091  0.000000
5   0.019358  0.000000  0.261482  0.135340  0.105019  0.007235
6   0.082370  0.078718  0.000000  0.026197  0.132786  0.044407
7   0.083422  0.000000  0.208646  0.223376  0.133593  0.043434
8   0.064854  0.096739  0.063275  0.027180  0.096869  0.000000
9   0.096475  0.000000  0.037402  0.120071  0.115613  0.148004
10  0.067049  0.125955  0.028035  0.037595  0.000000  0.026970
11  0.099807  0.186312  0.092879  0.162936  0.064346  0.000000
377            0         1         2         3         4         5
0   0.402189  0.054543  0.008966  0.076042  0.111735  0.000000
1   0.171936  0.000000  0.347328  0.057956  0.186870  0.099596
2   0.314055  0.118844  0.138513  0.000000  0.273177  0.030116
3   0.263482  0.106432  0.035997  0.016949  0.006867  0.000000
4   0.000000  0.033459  0.149384  0.029747  0.038104  0.010493
5   0.201337  0.106971  0.221531  0.000000  0.208872  0.056447
6   0.054284  0.001575  0.031580  0.032852  0.094466  0.000000
7   0.000000  0.102004  0.015684  0.013933  0.041614  0.067248
8   0.059312  0.037831  0.029966  0.043670  0.000000  0.047958
9   0.008083  0.052306  0.109243  0.138779  0.081649  0.000000
10  0.066592  0.053084  0.000000  0.136185  0.127099  0.044157
11  0.170001  0.058688  0.033510  0.093123  0.112383  0.000000
478            0         1         2         3         4         5
0   0.463635  0.054543  0.008966  0.076042  0.045077  0.000000
1   0.387298  0.037035  0.174582  0.000000  0.433843  0.006978
2   0.170418  0.023041  0.000000  0.006539  0.135545  0.009306
3   0.046576  0.214857  0.123117  0.000718  0.059865  0.000000
4   0.054041  0.087500  0.248752  0.000000  0.158351  0.064534
5   0.052925  0.000000  0.001843  0.045248  0.074051  0.097735
6   0.401308  0.090589  0.093160  0.015890  0.317769  0.000000
7   0.000000  0.108945  0.077032  0.120031  0.168400  0.029867
8   0.046307  0.072174  0.000000  0.010675  0.006318  0.053680
9   0.028855  0.004236  0.018900  0.037188  0.000000  0.099773
10  0.092888  0.075836  0.071982  0.049638  0.000000  0.019151
11  0.240474  0.004669  0.062822  0.015293  0.000000  0.010108
