90            0         1         2         3         4         5
0   1.227161  1.333132  1.211247  0.000000  0.237658  0.992532
1   1.117673  0.912308  0.000000  0.478690  0.654148  0.414743
2   0.858014  0.573126  0.760812  0.423458  0.477174  0.000000
3   0.588024  0.000000  0.542909  0.092024  0.599378  0.313826
4   1.478284  0.064056  1.147313  1.633860  0.549964  0.000000
5   0.345188  0.541203  0.743726  0.000000  1.024063  0.678522
6   0.970851  0.609665  0.000000  0.699798  0.915845  0.753763
7   0.893290  0.866749  0.000000  0.694760  1.002455  0.649048
8   0.831207  0.798200  0.000000  0.736089  0.512892  0.423525
9   0.828655  0.808534  0.856835  0.416489  0.000000  0.311229
10  1.108052  0.000000  0.931719  0.977971  0.967082  0.794867
11  0.925159  0.000000  0.931906  0.907217  0.986252  0.902307
190            0         1         2         3         4         5
0   1.195049  1.129703  1.016324  0.000000  0.316073  0.803916
1   0.922797  0.829827  0.000000  0.403954  0.965794  0.217827
2   0.667592  0.793647  0.576390  0.329719  0.723674  0.000000
3   0.331149  0.000000  0.451746  0.070102  0.404710  0.216501
4   1.478284  0.338637  1.175502  1.370045  0.624251  0.000000
5   0.728849  0.514436  0.786687  0.000000  0.906901  0.719728
6   0.921767  0.615096  0.000000  0.710658  0.922782  0.686319
7   0.679007  0.743866  0.000000  0.647975  0.847635  0.512951
8   0.793758  0.733409  0.000000  0.741407  0.662326  0.663739
9   0.838001  0.821945  0.704746  0.685596  0.000000  0.569790
10  0.848851  0.000000  0.877257  0.785941  0.826554  0.764660
11  0.871300  0.000000  0.793864  0.765860  0.858195  0.767410
295            0         1         2         3         4         5
0   1.188661  0.883617  1.016324  0.000000  0.258959  0.619696
1   0.817431  0.736573  0.000000  0.326255  0.745863  0.224036
2   0.706773  0.674136  0.517436  0.217291  0.242153  0.000000
3   0.410736  0.000000  0.392238  0.004108  0.283861 -0.031519
4   1.478284  0.338637  1.100750  1.203691  0.624251  0.000000
5   0.787127  0.538476  0.878472  0.000000  0.694647  0.508294
6   0.783819  0.601569  0.000000  0.870266  0.906267  0.693465
7   0.547174  0.439937  0.000000  0.279237  0.429042  0.329133
8   0.765768  0.703039  0.000000  0.732466  0.697558  0.696361
9   0.659430  0.790471  0.625597  0.642088  0.000000  0.689934
10  0.777085  0.000000  0.845085  0.776776  0.767136  0.757201
11  0.646484  0.000000  0.613920  0.623567  0.715389  0.650098
391            0         1         2         3         4         5
0   0.912417  0.859767  0.845779  0.000000  0.258959  0.426768
1   0.831195  0.689551  0.000000  0.124841  0.957895  0.081005
2   0.459961  0.431188  0.331729  0.094202  0.363629  0.000000
3   0.485403  0.024935  0.100394  0.037118  0.259563  0.000000
4   1.333131  0.513178  1.100750  1.102702  0.624251  0.000000
5   0.818043  0.570957  0.774508  0.000000  0.785938  0.525046
6   0.930520  0.726596  0.000000  0.492471  0.843051  0.587753
7   0.496268  0.352603  0.000000  0.357068  0.572870  0.299330
8   0.766199  0.688608  0.000000  0.702530  0.686206  0.600806
9   0.727475  0.731784  0.624208  0.640533  0.000000  0.670506
10  0.662213  0.000000  0.610573  0.477125  0.723977  0.582970
11  0.648204  0.000000  0.628241  0.560611  0.640725  0.602094
495            0         1         2         3         4         5
0   0.749159  0.828309  0.602528  0.000000  0.321680  0.243467
1   0.817418  0.655146  0.014643  0.070352  0.786826  0.000000
2   0.498608  0.189719  0.148753  0.036607  0.399975  0.000000
3   0.126740  0.263143  0.116753  0.000000  0.432382  0.015036
4   1.199870  0.513178  1.011489  1.046671  0.540820  0.000000
5   0.769929  0.623651  0.634581  0.000000  0.751560  0.472961
6   0.587214  0.568518  0.000000  0.411765  0.699614  0.520165
7   0.257760  0.300423  0.000000  0.373286  0.465118  0.437538
8   0.694112  0.649267  0.000000  0.648911  0.707382  0.613061
9   0.678882  0.589282  0.649109  0.542936  0.000000  0.558275
10  0.745802  0.000000  0.636649  0.588276  0.499056  0.581299
11  0.630328  0.000000  0.657518  0.597941  0.630077  0.637200
58            0         1         2         3         4         5
0   0.849057  0.816431  0.677763  0.000000  0.710006  0.161258
1   0.732756  0.691975  0.070219  0.012536  0.866624  0.000000
2   0.295056  0.527564  0.396870  0.000000  1.092542  0.012183
3   0.026693  0.000000  0.160713  0.002194  0.578736  0.016537
4   1.135780  0.601696  1.033385  0.863665  0.551478  0.000000
5   0.690543  0.617404  0.749308  0.087670  0.686321  0.374509
6   0.527626  0.455972  0.000000  0.431066  0.588143  0.382564
7   0.467287  0.275769  0.390158  0.097632  0.449891  0.304475
8   0.627349  0.631207  0.101381  0.594536  0.708717  0.616533
9   0.658310  0.594655  0.690496  0.557074  0.166710  0.531342
10  0.638959  0.111950  0.529636  0.574711  0.698436  0.566585
11  0.726431  0.514474  0.638629  0.578084  0.622147  0.538203
153            0         1         2         3         4         5
0   0.806808  0.808019  0.820292  0.000000  0.848943  0.161258
1   0.864153  0.575072  0.049267  0.012536  1.092703  0.000000
2   0.536218  0.436046  0.543699  0.009097  0.310771  0.000000
3   0.026693  0.000000  0.232297  0.002194  0.319048  0.016537
4   0.992321  0.593812  1.018938  0.826344  0.622883  0.000000
5   0.920481  0.666680  0.771788  0.087670  0.679223  0.338216
6   0.566740  0.431565  0.000000  0.463211  0.571352  0.534977
7   0.340575  0.343379  0.532771  0.051947  0.635429  0.259701
8   0.610159  0.614421  0.151885  0.552500  0.718130  0.615108
9   0.656703  0.534272  0.562675  0.570063  0.318050  0.519597
10  0.627641  0.198891  0.569900  0.533229  0.616985  0.624122
11  0.579001  0.530146  0.585956  0.571906  0.580185  0.513120
257            0         1         2         3         4         5
0   0.706696  0.923481  0.856599  0.000000  0.982992  0.112438
1   0.551926  0.694532  0.113307  0.000000  0.621735  0.020732
2   0.781184  0.382220  0.609170  0.009097  0.354697  0.000000
3   0.282722  0.033117  0.152414  0.000000  0.460979  0.009142
4   0.884609  0.606993  0.806279  0.807139  0.622883  0.000000
5   0.918193  0.704540  0.557965  0.218655  0.590394  0.144532
6   0.677645  0.648897  0.000000  0.659266  0.642522  0.479552
7   0.399385  0.366549  0.414531  0.201383  0.413177  0.370852
8   0.590253  0.534791  0.232758  0.557174  0.592984  0.597737
9   0.570824  0.544710  0.481799  0.527072  0.480070  0.462846
10  0.594262  0.355619  0.566711  0.564710  0.575909  0.586451
11  0.599021  0.552415  0.510972  0.519163  0.558180  0.589435
353            0         1         2         3         4         5
0   0.447851  0.678949  0.574694  0.000000  0.806248  0.031162
1   0.674729  0.229115  0.517538  0.000000  0.722722  0.017340
2   0.679075  0.343723  0.478570  0.009097  0.562423  0.000000
3   0.055069  0.120304  0.137811  0.058802  0.026751  0.000000
4   0.860540  0.606993  0.806279  0.687484  0.622883  0.000000
5   0.704335  0.566020  0.547678  0.240966  0.590394  0.105175
6   0.489219  0.671225  0.000000  0.527195  0.647508  0.540954
7   0.373420  0.016280  0.083185  0.142449  0.367038  0.203024
8   0.570942  0.539856  0.287415  0.507708  0.589768  0.588616
9   0.544441  0.535523  0.469661  0.526809  0.490962  0.452203
10  0.582059  0.437428  0.541053  0.545620  0.540639  0.554880
11  0.554911  0.515121  0.540742  0.502457  0.493644  0.519496
456            0         1         2         3         4         5
0   0.507679  0.521617  0.617900  0.000000  0.614383  0.031162
1   0.813746  0.316901  0.392000  0.000000  0.555110  0.118841
2   0.417098  0.258634  0.164815  0.009097  0.424919  0.000000
3   0.037660  0.000000  0.195202  0.049670  0.120499  0.061216
4   0.839350  0.495269  0.782695  0.682711  0.612763  0.000000
5   0.719358  0.508999  0.418756  0.306170  0.763424  0.202266
6   0.451555  0.432708  0.000000  0.370241  0.533740  0.561829
7   0.524706  0.027750  0.017955  0.073297  0.471741  0.325080
8   0.541473  0.531650  0.360041  0.504823  0.548069  0.552958
9   0.519431  0.570658  0.436001  0.531627  0.501042  0.435697
10  0.530204  0.485530  0.536955  0.476117  0.625746  0.490598
11  0.527263  0.501560  0.507673  0.493459  0.455804  0.463151
17            0         1         2         3         4         5
0   0.421931  0.591416  0.352368  0.000000  0.659190  0.031162
1   0.599724  0.364693  0.459310  0.000000  0.646592  0.046570
2   0.476893  0.240639  0.163287  0.011419  0.296096  0.000000
3   0.377376  0.167257  0.138418  0.000000  0.175154  0.019270
4   0.839350  0.495269  0.782695  0.672172  0.605003  0.000000
5   0.541128  0.608855  0.407829  0.398734  0.750567  0.202266
6   0.607885  0.579649  0.000000  0.465930  0.532790  0.583578
7   0.561623  0.169248  0.047886  0.092388  0.434196  0.356291
8   0.502134  0.510450  0.398136  0.456195  0.463836  0.511982
9   0.454411  0.522800  0.506293  0.429590  0.511992  0.451430
10  0.500666  0.481492  0.508077  0.471803  0.526282  0.480502
11  0.481208  0.425396  0.514197  0.474486  0.470544  0.458349
120            0         1         2         3         4         5
0   0.466608  0.701456  0.611376  0.030103  0.545192  0.000000
1   0.966759  0.523666  0.404757  0.173529  0.647160  0.000000
2   0.448205  0.405861  0.285654  0.000000  0.630212  0.011736
3   0.372128  0.075794  0.183445  0.030198  0.626525  0.000000
4   0.839350  0.394291  0.844722  0.606140  0.605003  0.000000
5   0.513187  0.656254  0.506547  0.274424  0.524477  0.225320
6   0.735172  0.486275  0.000000  0.509725  0.515115  0.447241
7   0.709268  0.447066  0.314130  0.189996  0.490351  0.180951
8   0.586551  0.518124  0.535565  0.497461  0.454841  0.512228
9   0.481478  0.481560  0.527333  0.474079  0.548803  0.518260
10  0.480692  0.513014  0.559362  0.387670  0.593832  0.513427
11  0.473299  0.480706  0.455660  0.511246  0.536255  0.504511
219            0         1         2         3         4         5
0   0.787532  0.781196  0.611376  0.030103  0.835232  0.000000
1   0.945659  0.299110  0.697909  0.082220  0.673052  0.000000
2   0.793837  0.695118  0.135808  0.000000  0.829767  0.011736
3   0.209116  0.071431  0.034302  0.021910  0.255724  0.000000
4   0.859099  0.496837  0.771302  0.545773  0.605003  0.000000
5   0.560532  0.946894  0.438119  0.458003  0.421439  0.426175
6   0.860846  0.435177  0.000000  0.485498  0.692442  0.589736
7   0.403018  0.067098  0.313840  0.252460  0.683727  0.351122
8   0.573701  0.540757  0.523946  0.452864  0.478043  0.505655
9   0.476202  0.474099  0.549314  0.491252  0.464405  0.520785
10  0.497608  0.514901  0.515772  0.413818  0.468757  0.523167
11  0.506668  0.533506  0.523957  0.511114  0.576130  0.507147
316            0         1         2         3         4         5
0   0.787532  0.583432  0.611376  0.030103  0.584109  0.000000
1   0.792748  0.369654  0.452334  0.032703  0.459131  0.000000
2   0.509802  0.665425  0.089891  0.000000  0.465178  0.011736
3   0.206121  0.020506  0.039641  0.000000  0.070396  0.074108
4   0.859099  0.496837  0.820727  0.535141  0.605003  0.000000
5   0.290328  0.877752  0.465917  0.392949  0.348992  0.448980
6   0.691136  0.458471  0.000000  0.452550  0.562391  0.593059
7   0.396812  0.000000  0.238479  0.081990  0.380309  0.250269
8   0.536630  0.487072  0.498202  0.445957  0.474116  0.486049
9   0.475459  0.470720  0.496268  0.489395  0.446484  0.457921
10  0.531065  0.532052  0.477351  0.410160  0.453791  0.481898
11  0.398362  0.454923  0.404691  0.424267  0.378892  0.396101
415            0         1         2         3         4         5
0   0.589971  0.616350  0.462686  0.030103  0.588020  0.000000
1   0.684529  0.392419  0.197861  0.000000  0.631657  0.012880
2   0.329639  0.288443  0.296923  0.000000  0.354748  0.011736
3   0.109083  0.021537  0.039877  0.010631  0.000000  0.013415
4   0.844768  0.496837  0.783326  0.599654  0.605003  0.000000
5   0.238860  0.798674  0.463306  0.451408  0.632306  0.191949
6   0.598993  0.620264  0.000000  0.494296  0.420680  0.487346
7   0.419912  0.000000  0.303672  0.022803  0.501379  0.265406
8   0.431905  0.442477  0.482360  0.461689  0.479568  0.440007
9   0.436976  0.490758  0.457431  0.481162  0.417131  0.490902
10  0.588551  0.545690  0.448325  0.432019  0.467231  0.484714
11  0.566117  0.461024  0.432288  0.487737  0.515378  0.503958
517            0         1         2         3         4         5
0   0.561687  0.712436  0.525383  0.030103  0.671903  0.000000
1   0.503566  0.388926  0.161747  0.000000  0.278174  0.012880
2   0.409859  0.047417  0.161184  0.000000  0.431551  0.011736
3   0.355082  0.306752  0.014025  0.023192  0.311386  0.000000
4   0.844768  0.567096  0.842288  0.599654  0.605003  0.000000
5   0.506757  0.589374  0.312995  0.452173  0.490604  0.257783
6   0.446466  0.373691  0.000000  0.259961  0.564489  0.475680
7   0.388333  0.000000  0.231301  0.289767  0.441273  0.084707
8   0.443508  0.412758  0.475717  0.433222  0.482952  0.441363
9   0.451614  0.445795  0.446894  0.452545  0.484781  0.441826
10  0.542653  0.473784  0.437876  0.404720  0.464057  0.445429
11  0.490688  0.458182  0.514602  0.478163  0.464802  0.444114
82            0         1         2         3         4         5
0   0.533790  0.500555  0.548147  0.097433  0.872597  0.000000
1   0.483788  0.284413  0.781557  0.106525  0.460354  0.000000
2   0.402692  0.036473  0.487712  0.000000  0.572380  0.081325
3   0.267160  0.059398  0.039131  0.000000  0.572089  0.019981
4   0.926640  0.567096  0.791284  0.599654  0.667927  0.000000
5   0.289321  0.474076  0.414336  0.300494  0.474401  0.275156
6   0.403064  0.279900  0.031943  0.320341  0.601745  0.233369
7   0.326572  0.089662  0.430688  0.135336  0.528424  0.098938
8   0.474690  0.428175  0.477826  0.443467  0.479087  0.449665
9   0.505208  0.410814  0.449697  0.461701  0.486875  0.468768
10  0.458494  0.442292  0.466514  0.388861  0.514646  0.461329
11  0.429724  0.465953  0.504242  0.481115  0.515913  0.496729
182            0         1         2         3         4         5
0   0.710306  0.496228  0.339958  0.047128  0.927741  0.000000
1   0.943141  0.619690  0.655140  0.015120  0.898488  0.000000
2   0.733023  0.013021  0.292040  0.000000  0.476946  0.033805
3   0.376304  0.023399  0.142446  0.000000  0.179246  0.014034
4   0.935869  0.755195  0.737876  0.599654  0.816321  0.000000
5   0.599139  0.471594  0.522113  0.413148  0.600293  0.256145
6   0.629784  0.433230  0.244475  0.485751  0.445995  0.437629
7   0.629513  0.216470  0.261353  0.356301  0.422577  0.145163
8   0.554023  0.403355  0.460293  0.446504  0.505484  0.452393
9   0.533143  0.445677  0.487029  0.449683  0.510195  0.441320
10  0.482247  0.451708  0.441945  0.366109  0.455798  0.452556
11  0.474339  0.504780  0.507179  0.442238  0.432461  0.446611
278            0         1         2         3         4         5
0   0.497485  0.655918  0.339958  0.047128  0.507268  0.000000
1   0.411573  0.322799  0.162271  0.015120  0.305381  0.000000
2   0.580887  0.093439  0.212916  0.000000  0.426986  0.052824
3   0.297015  0.449194  0.056093  0.000000  0.066260  0.133899
4   0.935869  0.751614  0.735740  0.485334  0.850661  0.000000
5   0.621662  0.371360  0.361427  0.213428  0.630769  0.248117
6   0.608408  0.429020  0.247318  0.314859  0.501866  0.292377
7   0.252751  0.207601  0.177341  0.171691  0.197969  0.257644
8   0.532083  0.436191  0.553475  0.449472  0.505844  0.463177
9   0.461150  0.499047  0.485521  0.475935  0.492917  0.408683
10  0.448487  0.509937  0.479691  0.436634  0.529316  0.454449
11  0.487672  0.455989  0.472082  0.423899  0.418603  0.452797
377            0         1         2         3         4         5
0   0.442326  0.560792  0.248163  0.019653  0.507268  0.000000
1   0.392945  0.276736  0.530558  0.015120  0.180691  0.000000
2   0.625400  0.003010  0.047248  0.022656  0.483724  0.000000
3   0.216185  0.018534  0.098811  0.082558  0.075314  0.000000
4   0.935869  0.803921  0.655960  0.468681  0.850661  0.000000
5   0.622500  0.420661  0.260731  0.260174  0.657121  0.248117
6   0.485274  0.277059  0.371494  0.311094  0.433168  0.290779
7   0.083470  0.210408  0.212498  0.139388  0.017519  0.004780
8   0.499610  0.448979  0.511895  0.448714  0.503824  0.458423
9   0.464053  0.491408  0.425923  0.433352  0.474090  0.429833
10  0.423727  0.478104  0.425528  0.453761  0.390355  0.472870
11  0.548704  0.483012  0.508770  0.461703  0.406378  0.424917
478            0         1         2         3         4         5
0   0.614039  0.415577  0.207967  0.000000  0.456246  0.021971
1   0.493709  0.123082  0.262920  0.000000  0.305761  0.003310
2   0.410927  0.056930  0.000000  0.092432  0.425953  0.027560
3   0.044772  0.000000  0.044413  0.056069  0.194805  0.065121
4   0.852300  0.803921  0.690053  0.468681  0.791989  0.000000
5   0.401419  0.325897  0.346453  0.128365  0.516118  0.224790
6   0.374409  0.393358  0.168053  0.273150  0.325743  0.305397
7   0.252235  0.000000  0.141678  0.139425  0.179130  0.065802
8   0.517685  0.453413  0.499276  0.476459  0.500962  0.440987
9   0.582879  0.498577  0.451119  0.414725  0.483295  0.475486
10  0.494688  0.496325  0.527196  0.472675  0.458192  0.472217
11  0.516120  0.484974  0.508978  0.512508  0.502714  0.555083
