90            0         1         2         3         4         5
0   0.710659  0.382144  0.023736  0.000000  0.115749  0.006257
1   0.529627  0.105177  0.354442  0.000000  0.090881  0.026936
2   0.648813  0.199279  0.250848  0.000000  0.144644  0.048848
3   0.090028  0.037325  0.057888  0.000000  0.138096  0.105682
4   0.069857  0.092452  0.065831  0.049752  0.283520  0.000000
5   0.030697  0.034637  0.158818  0.000000  0.157059  0.092029
6   0.025085  0.055592  0.268541  0.032560  0.149077  0.000000
7   0.162515  0.040790  0.000000  0.007643  0.229277  0.126536
8   0.124562  0.117628  0.199909  0.000000  0.189632  0.024053
9   0.046316  0.024328  0.104178  0.000000  0.066698  0.027322
10  0.093949  0.000000  0.029961  0.028505  0.020540  0.027700
11  0.001564  0.082747  0.028640  0.000000  0.547400  0.044630
190            0         1         2         3         4         5
0   0.669558  0.299285  0.000000  0.015222  0.289702  0.094113
1   0.516462  0.304751  0.319193  0.065591  0.660176  0.000000
2   0.000000  0.306808  0.064260  0.057901  0.126177  0.039477
3   0.503437  0.100043  0.129671  0.001247  0.102141  0.000000
4   0.092939  0.069703  0.000000  0.051394  0.330121  0.005589
5   0.244346  0.024317  0.038688  0.000000  0.175104  0.077671
6   0.016110  0.001606  0.046356  0.030372  0.063799  0.000000
7   0.018176  0.079682  0.000000  0.021025  0.255434  0.087248
8   0.070884  0.000000  0.074974  0.072915  0.093490  0.025842
9   0.094013  0.043833  0.039026  0.000000  0.125731  0.033199
10  0.056302  0.051262  0.000000  0.046113  0.004461  0.110052
11  0.558810  0.405693  0.229440  0.035395  0.265501  0.000000
295            0         1         2         3         4         5
0   0.672889  0.336132  0.054501  0.069723  0.189546  0.000000
1   0.320762  0.119635  0.076083  0.000000  0.411704  0.010812
2   0.041791  0.181752  0.034181  0.138497  0.071280  0.000000
3   0.111844  0.180249  0.000000  0.111690  0.307807  0.030508
4   0.092939  0.120180  0.000000  0.051394  0.132310  0.005589
5   0.119641  0.012874  0.082972  0.000000  0.116178  0.048413
6   0.129542  0.118398  0.125485  0.000000  0.079800  0.045306
7   0.051830  0.120361  0.130146  0.097009  0.098430  0.000000
8   0.024527  0.058479  0.092109  0.043251  0.000000  0.055832
9   0.064533  0.148294  0.000000  0.028135  0.026299  0.021683
10  0.000000  0.022548  0.020041  0.072386  0.126588  0.078588
11  0.190340  0.165802  0.000000  0.312239  0.087587  0.042706
391            0         1         2         3         4         5
0   0.680583  0.390419  0.015411  0.069723  0.249770  0.000000
1   0.552580  0.000000  0.290140  0.041868  0.615220  0.060593
2   0.547552  0.000000  0.089877  0.001789  0.050986  0.036814
3   0.223532  0.031367  0.204937  0.064078  0.180745  0.000000
4   0.075621  0.174546  0.000000  0.051394  0.064952  0.005589
5   0.001967  0.030616  0.016445  0.000000  0.163215  0.017044
6   0.078761  0.181771  0.000000  0.018416  0.102120  0.045990
7   0.107345  0.000000  0.082151  0.044908  0.034350  0.080830
8   0.000000  0.022708  0.019813  0.029942  0.066221  0.025599
9   0.068138  0.148778  0.032152  0.096087  0.000000  0.016985
10  0.000000  0.060592  0.044393  0.036342  0.050228  0.028321
11  0.529401  0.028769  0.103972  0.020540  0.415751  0.000000
495            0         1         2         3         4         5
0   0.585087  0.387852  0.015411  0.043928  0.428271  0.000000
1   0.425140  0.000000  0.275223  0.010325  0.335301  0.026957
2   0.137478  0.013306  0.000000  0.126059  0.126634  0.031502
3   0.080028  0.084183  0.000000  0.118400  0.061023  0.092774
4   0.142204  0.056841  0.252946  0.091754  0.162974  0.000000
5   0.063108  0.176351  0.081687  0.068660  0.074424  0.000000
6   0.038530  0.046373  0.001377  0.074058  0.043916  0.000000
7   0.059931  0.000000  0.039906  0.053203  0.074906  0.040520
8   0.047789  0.015488  0.029437  0.000000  0.068276  0.094373
9   0.204633  0.076988  0.049442  0.000000  0.135111  0.109628
10  0.000000  0.096799  0.024312  0.085981  0.062267  0.087720
11  0.359377  0.383987  0.000000  0.015426  0.190268  0.032882
58            0         1         2         3         4         5
0   0.581113  0.678253  0.015411  0.043928  0.322575  0.000000
1   0.315599  0.204764  0.320968  0.050460  0.392780  0.000000
2   0.077946  0.078433  0.226227  0.027896  0.351727  0.000000
3   0.018913  0.016082  0.067387  0.003633  0.000000  0.034483
4   0.050571  0.066687  0.270272  0.145762  0.000000  0.009847
5   0.084166  0.000000  0.005309  0.007171  0.081873  0.089455
6   0.079785  0.298249  0.000000  0.118273  0.127788  0.058634
7   0.101209  0.239790  0.123714  0.000000  0.338487  0.038500
8   0.037702  0.097659  0.000104  0.000000 -0.016349  0.026742
9   0.106212  0.065818  0.164804  0.000000  0.125858  0.104349
10  0.099723  0.010466  0.094269  0.081594  0.129909  0.000000
11  0.099568  0.210245  0.145081  0.002733  0.399105  0.000000
153            0         1         2         3         4         5
0   0.626683  0.305277  0.015411  0.043928  0.275715  0.000000
1   0.660967  0.157298  0.228701  0.000000  0.516718  0.033149
2   0.379057  0.063888  0.167344  0.000000  0.291233  0.071430
3   0.081639  0.220109  0.056797  0.000000  0.049522  0.029090
4   0.000000  0.101216  0.301722  0.047250  0.114059  0.138437
5   0.081170  0.064782  0.047712  0.052167  0.000000  0.051708
6   0.092902  0.043031  0.219212  0.000000  0.097140  0.012087
7   0.016790  0.073718  0.042230  0.095966  0.112456  0.000000
8   0.050428  0.041863  0.029036  0.015729  0.111335  0.000000
9   0.087301  0.023521  0.018663  0.000000  0.064752  0.010266
10  0.009858  0.000000  0.046821  0.029400  0.055892  0.074553
11  0.265734  0.050297  0.195440  0.002070  0.032209  0.000000
257            0         1         2         3         4         5
0   0.336827  0.250197  0.198773  0.040826  0.545222  0.000000
1   0.550837  0.326046  0.382677  0.023534  0.308525  0.000000
2   0.127142  0.093119  0.008628  0.004703  0.497301  0.000000
3   0.100739  0.000000  0.145267  0.030357  0.061657  0.101836
4   0.038890  0.069334  0.379965  0.000000  0.174049  0.073829
5   0.038642  0.007821  0.117547  0.000000  0.079839  0.107092
6   0.040718  0.030293  0.026102  0.000000  0.132379  0.037326
7   0.117606  0.057579  0.000000  0.019237  0.037357  0.002250
8   0.092355  0.083374  0.051787  0.047181  0.053142  0.000000
9   0.102759  0.000000  0.095428  0.055671  0.031715  0.072467
10  0.024279  0.110741  0.000000  0.031507  0.042708  0.009902
11  0.435199  0.031472  0.228077  0.053529  0.088651  0.000000
353            0         1         2         3         4         5
0   0.281411  0.238510  0.095235  0.040826  0.561351  0.000000
1   0.022921  0.462075  0.082632  0.023534  0.386408  0.000000
2   0.058662  0.015745  0.180925  0.047825  0.404838  0.000000
3   0.044580  0.024306  0.137493  0.008335  0.000000  0.020642
4   0.050130  0.000000  0.162188  0.011240  0.233949  0.085069
5   0.000000  0.102950  0.055075  0.011010  0.042886  0.030825
6   0.042311  0.000000  0.188514  0.078120  0.130318  0.100681
7   0.184362  0.045286  0.025649  0.121703  0.147979  0.000000
8   0.000000  0.010936  0.017590  0.003236  0.020441  0.028590
9   0.005799  0.073310  0.000000  0.059544  0.057477  0.009583
10  0.071808  0.024229  0.009420  0.018208  0.000000  0.011592
11  0.210031  0.026900  0.099262  0.000000  0.118724  0.023308
456            0         1         2         3         4         5
0   0.330345  0.415526  0.210854  0.000000  0.501756  0.050346
1   0.058912  0.022334  0.596614  0.016569  0.255297  0.000000
2   0.312114  0.078810  0.000000  0.072363  0.499149  0.033590
3   0.028287  0.025792  0.053516  0.000000  0.200569  0.015555
4   0.197528  0.005317  0.090616  0.000000  0.157456  0.168039
5   0.026989  0.000000  0.036258  0.100700  0.111056  0.059494
6   0.086923  0.012347  0.040811  0.000000  0.066771  0.046059
7   0.032580  0.160365  0.094410  0.000000  0.000217  0.125397
8   0.046732  0.005869  0.036413  0.064778  0.000000  0.042918
9   0.044792  0.021794  0.000000  0.049038  0.150610  0.019377
10  0.075112  0.022740  0.000000  0.010966  0.069697  0.000997
11  0.305944  0.075679  0.254015  0.060174  0.233488  0.000000
17            0         1         2         3         4         5
0   0.116065  0.415526  0.201260  0.000000  0.263988  0.050346
1   0.033679  0.000000  0.130226  0.090736  0.202545  0.080256
2   0.247137  0.024203  0.000000  0.201968  0.313351  0.101595
3   0.042148  0.078268  0.000000  0.097085  0.017198  0.000667
4   0.100922  0.059112  0.000000  0.053795  0.197668  0.028575
5   0.066627  0.033029  0.000000  0.089690  0.226942  0.015526
6   0.015057  0.000000  0.011896  0.089764  0.103268  0.009368
7   0.198346  0.149986  0.031649  0.064487  0.065504  0.000000
8   0.000000  0.041067  0.067362  0.019998  0.058392  0.044665
9   0.023547  0.029375  0.032410  0.005390  0.000000  0.023055
10  0.089807  0.038078  0.000000  0.124683  0.077138  0.033735
11  0.096192  0.000000  0.087590  0.163352  0.039449  0.040404
120            0         1         2         3         4         5
0   0.159841  0.508278  0.241220  0.043777  0.603428  0.000000
1   0.269829  0.183288  0.309359  0.000000  0.621158  0.028797
2   0.358459  0.113680  0.423727  0.000000  0.446382  0.017735
3   0.017179  0.055441  0.133993  0.000000  0.050208  0.006216
4   0.045519  0.000000  0.204242  0.034056  0.162051  0.052589
5   0.243089  0.039864  0.088668  0.001035  0.117925  0.000000
6   0.369704  0.029430  0.101437  0.022011  0.134124  0.000000
7   0.031292  0.097153  0.111651  0.107791  0.059401  0.000000
8   0.027451  0.025081  0.032939  0.018649  0.055965  0.000000
9   0.000000  0.006678  0.024590  0.037519  0.027007  0.052624
10  0.140311  0.122300  0.083100  0.045373  0.121002  0.000000
11  0.143157  0.137435  0.124196  0.020551  0.306598  0.000000
219            0         1         2         3         4         5
0   0.282399  0.618963  0.280252  0.000000  0.623582  0.033177
1   0.441368  0.045519  0.311443  0.000000  0.088795  0.007152
2   0.044896  0.107033  0.060249  0.000000  0.366342  0.009674
3   0.256617  0.000767  0.043280  0.000000  0.220386  0.063905
4   0.234880  0.032042  0.067541  0.000000  0.035849  0.005113
5   0.296577  0.000000  0.090077  0.033692  0.155963  0.039485
6   0.000000  0.025933  0.070610  0.002835  0.283073  0.015962
7   0.242569  0.135297  0.199714  0.064082  0.000000  0.077739
8   0.070605  0.000000  0.086341  0.018138  0.064443  0.068299
9   0.047689  0.004101  0.039445  0.000000  0.000156  0.022670
10  0.161227  0.017108  0.016279  0.000000  0.046397  0.015580
11  0.430931  0.636965  0.000000  0.036136  0.065713  0.039842
316            0         1         2         3         4         5
0   0.295773  0.608063  0.172861  0.000000  0.548677  0.033177
1   0.465418  0.351078  0.060083  0.135839  0.263509  0.000000
2   0.027547  0.169164  0.207252  0.000000  0.042022  0.074194
3   0.005001  0.000000  0.014401  0.020098  0.028562  0.009875
4   0.372705  0.122912  0.080716  0.000077  0.038800  0.000000
5   0.310334  0.000000  0.123602  0.102232  0.145587  0.047042
6   0.037756  0.081911  0.079191  0.084704  0.162096  0.000000
7   0.252148  0.162898  0.000000  0.039593  0.121079  0.041468
8   0.101049  0.037056  0.037096  0.047273  0.163146  0.000000
9   0.032005  0.098339  0.109425  0.000000  0.101092  0.051752
10  0.001437  0.054934  0.072940  0.000000  0.051522  0.023007
11  0.239870  0.100360  0.027141  0.000000  0.134138  0.035911
415            0         1         2         3         4         5
0   0.283056  0.332596  0.271225  0.000000  0.726538  0.038973
1   0.460594  0.170178  0.010607  0.000000  0.165634  0.024619
2   0.341397  0.047024  0.000000  0.015344  0.080390  0.051529
3   0.294225  0.095731  0.000000  0.074465  0.065988  0.111223
4   0.061230  0.133838  0.021906  0.000077  0.038800  0.000000
5   0.029153  0.089552  0.031514  0.049855  0.002006  0.000000
6   0.014965  0.058554  0.084462  0.000000  0.154462  0.078003
7   0.030064  0.099945  0.110860  0.009332  0.096429  0.000000
8   0.094759  0.024452  0.133081  0.000000  0.023725  0.004333
9   0.071637  0.029523  0.031502  0.000000  0.020829  0.020557
10  0.017499  0.046928  0.058928  0.000000  0.067948  0.000205
11  0.247132  0.227128  0.074820  0.000000  0.070375  0.062489
517            0         1         2         3         4         5
0   0.186844  0.246298  0.415167  0.055003  0.593739  0.000000
1   0.584172  0.054171  0.011862  0.000000  0.418722  0.104739
2   0.410508  0.191557  0.042206  0.005086  0.404013  0.000000
3   0.300093  0.065726  0.013961  0.015496  0.475791  0.000000
4   0.000000  0.150129  0.025405  0.003577  0.195870  0.003500
5   0.062100  0.179104  0.064351  0.052782  0.135812  0.000000
6   0.120070  0.005760  0.074301  0.000000  0.098757  0.090687
7   0.108108  0.000000  0.076743  0.074476  0.088741  0.057793
8   0.163733  0.093061  0.134405  0.102659  0.000000  0.092271
9   0.028727  0.000000  0.071658  0.024528  0.079948  0.024974
10  0.079386  0.000000  0.023501  0.104791  0.051006  0.000213
11  0.180270  0.078642  0.051783  0.052798  0.011572  0.000000
82            0         1         2         3         4         5
0   0.298999  0.516105  0.503857  0.050925  0.571763  0.000000
1   0.453975  0.000000  0.308348  0.053925  0.061942  0.000927
2   0.361465  0.000000  0.252775  0.073907  0.258392  0.011714
3   0.036906  0.110395  0.062651  0.000000  0.140135  0.020971
4   0.001544  0.060308  0.000000  0.005121  0.144801  0.005044
5   0.061888  0.005433  0.019297  0.051723  0.048108  0.000000
6   0.051535  0.069270  0.000000  0.048809  0.048790  0.057158
7   0.000000  0.055781  0.068632  0.066700  0.104574  0.080236
8   0.055484  0.053000  0.007647  0.084071  0.020200  0.000000
9   0.049356  0.101654  0.075285  0.029302  0.073487  0.000000
10  0.133142  0.042638  0.058503  0.000000  0.162132  0.064226
11  0.286553  0.110528  0.170782  0.065285  0.167983  0.000000
182            0         1         2         3         4         5
0   0.589628  0.329548  0.224056  0.050925  0.477003  0.000000
1   0.486462  0.059974  0.231956  0.000000  0.575957  0.047769
2   0.115851  0.057500  0.092514  0.000000  0.278149  0.065813
3   0.000000  0.013906  0.217612  0.073526  0.067503  0.051619
4   0.056106  0.035004  0.157797  0.000000  0.156947  0.061852
5   0.108292  0.074035  0.000000  0.044940  0.137537  0.002162
6   0.095850  0.038598  0.025790  0.023925  0.210379  0.000000
7   0.068867  0.000000  0.051508  0.045735  0.080971  0.063097
8   0.044849  0.021216  0.000000  0.001677  0.064761  0.069957
9   0.184836  0.063333  0.009996  0.000000  0.116539  0.042871
10  0.144993  0.036738  0.000000  0.057640  0.074942  0.050575
11  0.366362  0.119787  0.000000  0.020310  0.492059  0.224488
278            0         1         2         3         4         5
0   0.640387  0.290008  0.108211  0.040074  0.609800  0.000000
1   0.068390  0.041524  0.097293  0.117750  0.100463  0.000000
2   0.191674  0.000000  0.184355  0.107146  0.072396  0.084724
3   0.149603  0.000000  0.031016  0.090713  0.052664  0.018379
4   0.077441  0.040568  0.096505  0.000000  0.324710  0.150263
5   0.029123  0.077550  0.147551  0.014210  0.195404  0.000000
6   0.000000  0.032955  0.023282  0.001964  0.034372  0.034806
7   0.025429  0.000000  0.093027  0.141995  0.097135  0.123362
8   0.076152  0.061863  0.030922  0.053742  0.000000  0.098295
9   0.084887  0.000000  0.033847  0.066707  0.100793  0.046995
10  0.092087  0.020690  0.059245  0.045117  0.000000  0.028920
11  0.252529  0.001054  0.001968  0.093976  0.024598  0.000000
377            0         1         2         3         4         5
0   0.582823  0.433921  0.054797  0.000000  0.449049  0.022732
1   0.137968  0.215134  0.286081  0.000000  0.376365  0.012661
2   0.218835  0.000000  0.038414  0.091777  0.192031  0.112776
3   0.063912  0.013163  0.037748  0.000000  0.064791  0.022765
4   0.008045  0.040568  0.096505  0.000000  0.159734  0.057949
5   0.240582  0.051985  0.085537  0.000000  0.133834  0.006005
6   0.000000  0.158835  0.082757  0.098365  0.005557  0.006285
7   0.065820  0.162982  0.000000  0.018963  0.091522  0.167531
8   0.015282  0.033081  0.019673 -0.053816  0.000000  0.053968
9   0.143780  0.015568  0.008295  0.049327  0.000000  0.004875
10  0.054779  0.026020  0.022353  0.019892  0.009840  0.000000
11  0.203109  0.035653  0.000000  0.000586  0.001288  0.050622
478            0         1         2         3         4         5
0   0.563545  0.414718  0.054797  0.000000  0.663877  0.022732
1   0.239926  0.304772  0.223672  0.045681  0.126757  0.000000
2   0.330966  0.000000  0.021453  0.123828  0.590015  0.047958
3   0.054053  0.015870  0.000000  0.017386  0.170788  0.044736
4   0.011413  0.074814  0.003946  0.003367  0.192491  0.000000
5   0.027685  0.000000  0.034199  0.034846  0.028394  0.015903
6   0.057908  0.000000  0.129668  0.057325  0.096518  0.036101
7   0.098648  0.043783  0.073517  0.000000  0.168359  0.055656
8   0.030036  0.032619  0.020879  0.055639  0.019598  0.000000
9   0.000000  0.011858  0.045127  0.097032  0.027534  0.026330
10  0.036228  0.000000  0.131669  0.117453  0.118209  0.079671
11  0.263739  0.129150  0.195695  0.030697  0.038772  0.000000
