90            0         1         2         3         4         5
0   0.066780 -0.217943  0.026059 -0.132047 -0.050705 -0.216684
1   0.305878  0.404512  0.176208 -0.326658  0.459285 -0.357007
2   0.149464 -0.070921  0.152317 -0.443419  0.412696 -0.298583
3  -0.136690 -0.345891 -0.138453 -0.413110  0.078037 -0.381759
4   0.217621  0.035004  0.101982  0.151956  0.067859 -0.071102
5   0.295173  0.013871  0.334641  0.178943  0.210806  0.188371
6   0.133209  0.233826  0.271078  0.259059  0.330583  0.245109
7   0.513277  0.354990  0.288964  0.293907  0.386126  0.364112
8   0.125489  0.000000  0.007072  0.006855  0.015806  0.006814
9   0.216216  0.037115  0.083251  0.019222  0.075470  0.012188
10  0.050954  0.041318  0.122737  0.034700  0.107895  0.045015
11  0.044962  0.047028  0.082102  0.068363  0.078215  0.072494
190            0         1         2         3         4         5
0   0.818676  0.000000  0.389042  0.032263  0.417648  0.001259
1   0.691661  0.352376  0.622073  0.000000  1.000061  0.003507
2   0.586344  0.198102  0.253670  0.000000  0.492356  0.020131
3   0.017131  0.007010  0.091620  0.006471  0.306164  0.000000
4   0.565080  0.231239  0.360532  0.280724  0.194244  0.000000
5   0.555186  0.013871  0.563747  0.404338  0.196916  0.318727
6   0.614848  0.662199  0.651269  0.431875  0.682580  0.354601
7   0.632616  0.563501  0.613896  0.621018  0.728714  0.603004
8   0.159983  0.000000  0.037187  0.025709  0.015806  0.026183
9   0.179567  0.059608  0.119407  0.036903  0.083563  0.012188
10  0.135426  0.081661  0.136174  0.057763  0.131568  0.100186
11  0.087648  0.120040  0.143284  0.135055  0.188277  0.119210
295            0         1         2         3         4         5
0   0.792958  0.000000  0.267851  0.032263  0.472176  0.001259
1   0.411904  0.340884  0.274532  0.000000  0.359982  0.003507
2   0.365001  0.187710  0.234209  0.000000  0.345503  0.020131
3   0.012400  0.007010  0.416695  0.006471  0.244378  0.000000
4   0.583887  0.517392  0.514646  0.380665  0.363148  0.000000
5   0.621189  0.013871  0.685316  0.520601  0.381057  0.449895
6   0.637867  0.782814  0.646882  0.546970  0.589532  0.384591
7   0.649093  0.540666  0.613955  0.600847  0.629435  0.506741
8   0.136661  0.000000  0.054590  0.059433  0.042214  0.037079
9   0.138997  0.157519  0.143206  0.083040  0.108105  0.012188
10  0.126892  0.106028  0.118977  0.090401  0.138553  0.133426
11  0.183171  0.135616  0.116025  0.144667  0.142119  0.122779
391            0         1         2         3         4         5
0   0.551316  0.000000  0.519529  0.032263  0.675685  0.001259
1   0.974029  0.317838  0.450599  0.000000  0.418394  0.003507
2   0.123986  0.157600  0.130543  0.000000  0.487843  0.020131
3   0.137730  0.000000  0.126670  0.041044  0.583094  0.024269
4   0.494942  0.600742  0.549088  0.480920  0.341020  0.000000
5   0.671230  0.000000  0.554498  0.402278  0.527773  0.305739
6   0.825637  0.613198  0.625887  0.594529  0.621245  0.525482
7   0.753070  0.599500  0.614027  0.536169  0.652292  0.594595
8   0.155807  0.000000  0.082625  0.113169  0.042214  0.059389
9   0.271077  0.198271  0.131495  0.130712  0.158271  0.010969
10  0.125884  0.124853  0.209760  0.161004  0.169708  0.149702
11  0.265970  0.160410  0.120156  0.154934  0.172258  0.137291
495            0         1         2         3         4         5
0   0.434351  0.000000  0.679179  0.032263  0.639838  0.001259
1   0.676534  0.466907  0.313021  0.000000  0.526627  0.003507
2   0.129119  0.381739  0.174810  0.017208  0.499228  0.000000
3   0.354510  0.000000  0.010425  0.004716  0.352762  0.124315
4   0.591379  0.554147  0.256495  0.535958  0.376005  0.000000
5   0.766546  0.000000  0.459252  0.601600  0.638175  0.406943
6   0.750079  0.659687  0.624150  0.640378  0.550796  0.628889
7   0.713768  0.691240  0.542290  0.671922  0.719034  0.654193
8   0.187663  0.000000  0.091294  0.145898  0.153904  0.059389
9   0.283723  0.239411  0.156176  0.144676  0.227742  0.033115
10  0.173788  0.165961  0.220706  0.240576  0.192129  0.185544
11  0.213467  0.228906  0.204656  0.238325  0.265061  0.220488
58            0         1         2         3         4         5
0   0.633172  0.048135  0.718726  0.032263  0.730829 -0.036570
1   0.632987  0.745760  0.531558  0.158976  0.634429 -0.002485
2   0.298566  0.339019  0.151408 -0.123873  0.396839 -0.179146
3   0.273889  0.098288  0.219664 -0.180874  0.653738 -0.153471
4   0.654089  0.554147  0.200802  0.581878  0.475671  0.211513
5   0.759198  0.170773  0.454325  0.530729  0.660874  0.540321
6   0.771383  0.315625  0.667450  0.691314  0.728878  0.582140
7   0.913145  0.692811  0.678905  0.609332  0.818382  0.639918
8   0.205865  0.000000  0.091294  0.244459  0.161240  0.115425
9   0.276357  0.222834  0.176840  0.169324  0.231397  0.051971
10  0.186959  0.190440  0.291415  0.185805  0.221419  0.228294
11  0.303046  0.239997  0.246994  0.250746  0.296870  0.251109
153            0         1         2         3         4         5
0   0.869325  0.311891  0.809459  0.117318  0.868156  0.000000
1   0.622591  0.766784  0.885987  0.411979  1.110920  0.013664
2   0.745127  0.478783  0.511158  0.033110  0.893388  0.000000
3   0.839695  0.160349  0.217407  0.041166  0.527431  0.000000
4   0.825098  0.746832  0.303268  0.538719  0.678774  0.445159
5   0.743102  0.373134  0.584293  0.610858  0.670200  0.512471
6   0.811164  0.641208  0.792810  0.779604  0.838149  0.578383
7   0.625026  0.755629  0.894499  0.855357  0.972180  0.695668
8   0.221264  0.188033  0.128204  0.227141  0.180746  0.166055
9   0.243187  0.236404  0.186800  0.188858  0.232020  0.115081
10  0.236764  0.204442  0.310232  0.196191  0.229868  0.248876
11  0.240451  0.237883  0.276928  0.231647  0.187591  0.237763
257            0         1         2         3         4         5
0   0.920151  0.319417  0.714056  0.117318  0.817042  0.000000
1   0.937050  0.755108  0.540049  0.346061  0.678747  0.013664
2   0.698215  0.644506  0.335068  0.009178  0.709917  0.000000
3   0.554948  0.162108  0.160637  0.004091  0.508452  0.000000
4   0.807869  0.757495  0.344854  0.617247  0.738689  0.551173
5   0.806709  0.743238  0.742278  0.660273  0.600451  0.649812
6   0.868107  0.690274  0.635509  0.774445  0.927945  0.582125
7   0.784999  0.799031  0.706646  0.569920  0.779548  0.683115
8   0.244319  0.196979  0.128204  0.242724  0.220174  0.305890
9   0.202677  0.219541  0.291173  0.194942  0.225516  0.154255
10  0.373074  0.338651  0.364299  0.233349  0.246539  0.256517
11  0.262268  0.237512  0.234429  0.265319  0.259955  0.252965
353            0         1         2         3         4         5
0   0.616996  0.436902  0.628372  0.210167  0.845112  0.000000
1   1.079507  0.528903  0.391986  0.144608  0.740629  0.013664
2   0.467087  0.594653  0.259134  0.009178  0.954138  0.000000
3   0.432331  0.125204  0.276167  0.004091  0.530567  0.000000
4   0.866081  0.750341  0.344854  0.638323  0.726414  0.551173
5   0.802796  0.742573  0.837445  0.475639  0.549661  0.631967
6   0.863855  0.644912  0.659729  0.731254  0.922309  0.529971
7   0.706972  0.667009  0.696529  0.733113  0.956074  0.727067
8   0.256445  0.208767  0.173298  0.261014  0.251924  0.306521
9   0.168138  0.214640  0.290668  0.245019  0.262728  0.175905
10  0.405863  0.322186  0.356290  0.281702  0.268354  0.284289
11  0.239236  0.272438  0.308407  0.264398  0.318110  0.293448
456            0         1         2         3         4         5
0   0.690256  0.318922  0.541840  0.169915  0.698608  0.000000
1   1.087362  0.398865  0.629682  0.306365  1.004674  0.013664
2   0.513349  0.576357  0.349626  0.009178  0.803217  0.000000
3   0.645833  0.188937  0.087774  0.000000  0.431724  0.016422
4   0.899510  0.603097  0.344854  0.601492  0.739057  0.675802
5   0.790042  0.822487  0.748304  0.699796  0.475498  0.665080
6   0.790578  0.705089  0.817729  0.844175  0.942718  0.251286
7   0.810729  0.823978  0.710630  0.804524  0.921432  0.769408
8   0.377854  0.218312  0.221019  0.269320  0.420926  0.311422
9   0.252040  0.248946  0.316902  0.257389  0.255271  0.257069
10  0.352702  0.316806  0.341336  0.280674  0.287758  0.246210
11  0.281534  0.275072  0.307650  0.278340  0.386491  0.321384
17            0         1         2         3         4         5
0   0.650295  0.256665  0.599137  0.169915  0.749624  0.000000
1   0.573153  0.651916  0.644786  0.457530  0.651084  0.013664
2   0.702473  0.385882  0.480165  0.009178  0.884708 -0.035096
3   0.436026  0.021713  0.128095  0.047112  0.270846 -0.056107
4   0.802649  0.616811  0.499652  0.641551  0.679716  0.660010
5   0.726632  0.788900  0.740974  0.670071  0.612618  0.640723
6   0.851021  0.633772  0.740116  0.648452  0.639695  0.251286
7   0.672258  0.671815  0.786360  0.541284  0.717186  0.429413
8   0.366606  0.218312  0.355951  0.280012  0.392199  0.316805
9   0.260927  0.269442  0.225255  0.262475  0.243310  0.272559
10  0.290073  0.307732  0.271261  0.306240  0.294434  0.262603
11  0.415491  0.321134  0.294335  0.304149  0.252435  0.333480
120            0         1         2         3         4         5
0   1.123717  0.647229  0.819620  0.165237  0.946848  0.000000
1   0.820336  0.756276  0.968720  0.178497  0.916242  0.133165
2   0.566182  0.457829  0.729266  0.116185  0.856119  0.000000
3   0.855841  0.250574  0.298122  0.054533  0.412987  0.000000
4   0.801913  0.719400  0.578378  0.626027  0.755427  0.607331
5   0.792818  0.844712  0.840142  0.669742  0.899127  0.687866
6   0.711263  0.759335  0.630213  0.663135  0.865294  0.527542
7   0.921093  0.825059  0.887307  0.840831  0.929543  0.840593
8   0.351778  0.231301  0.343765  0.297841  0.371280  0.314096
9   0.289534  0.347388  0.350495  0.250465  0.247093  0.261678
10  0.266670  0.323647  0.261589  0.397389  0.309836  0.244436
11  0.352144  0.290235  0.304491  0.276854  0.275854  0.290292
219            0         1         2         3         4         5
0   0.921351  0.737781  0.706682  0.135978  1.154716  0.000000
1   0.999348  0.686304  0.616686  0.150901  1.145766  0.088957
2   0.875146  0.538328  0.458977  0.219759  0.782360  0.000000
3   0.629962  0.664410  0.323824  0.071717  0.548280  0.000000
4   0.751958  0.679980  0.715685  0.654754  0.820988  0.660597
5   0.915270  0.939628  0.759433  0.577534  1.008564  0.808483
6   1.086880  0.943824  0.911352  0.714843  1.045928  0.842874
7   1.088780  0.816731  0.980165  0.769155  1.008186  0.830862
8   0.341213  0.217084  0.344071  0.321394  0.363363  0.331863
9   0.284076  0.341617  0.318474  0.309910  0.296405  0.285250
10  0.363569  0.330143  0.288278  0.470198  0.270645  0.258488
11  0.389844  0.334399  0.308538  0.362118  0.390632  0.227901
316            0         1         2         3         4         5
0   0.921351  0.475438  0.627820  0.135978  0.935290  0.000000
1   0.818349  0.481069  0.527009  0.263048  0.637767  0.089445
2   0.697218  0.646504  0.453527  0.219759  0.660671  0.000000
3   0.596515  0.531751  0.285948  0.050032  0.601037  0.000000
4   0.805469  0.513624  0.801360  0.654754  0.830362  0.788877
5   0.689237  0.691071  0.890209  0.241075  0.889136  0.816187
6   0.956828  0.790140  0.904404  0.819757  0.926866  0.752456
7   0.846546  0.794519  0.792100  0.693000  0.854529  0.811944
8   0.358262  0.231377  0.364390  0.358498  0.395128  0.359064
9   0.437617  0.264097  0.374342  0.347956  0.272591  0.338443
10  0.353916  0.308484  0.318347  0.396922  0.282178  0.318145
11  0.462025  0.358043  0.446607  0.435760  0.508592  0.386184
415            0         1         2         3         4         5
0   0.827572  0.355764  0.644037  0.103434  0.975194  0.000000
1   0.470986  0.614205  0.646967  0.198570  0.883469  0.037310
2   0.662677  0.626960  0.509329  0.210699  0.738521  0.000000
3   0.305525  0.203684  0.405679  0.023219  0.638406  0.000000
4   0.816784  0.513624  0.803073  0.588170  0.828730  0.706588
5   0.797560  0.765054  0.781330  0.377849  0.867381  0.597827
6   0.725630  0.804788  0.745892  0.811206  0.922872  0.545423
7   0.991099  0.739715  0.812957  0.804089  0.900598  0.790409
8   0.354876  0.231377  0.450388  0.331862  0.395343  0.367188
9   0.415408  0.284981  0.339861  0.395823  0.342368  0.328184
10  0.366461  0.356783  0.332348  0.358345  0.272166  0.346806
11  0.470620  0.397302  0.364357  0.396830  0.396862  0.354889
517            0         1         2         3         4         5
0   1.030666  0.284353  0.652308  0.082488  0.935257  0.000000
1   0.559468  0.420921  0.658216  0.227857  0.712368  0.037310
2   0.914759  0.616347  0.464631  0.161673  0.839020  0.000000
3   0.764207  0.423150  0.347632  0.000000  0.571434  0.020206
4   0.718177  0.582955  0.817307  0.537208  0.826814  0.763824
5   0.980755  0.933722  0.716563  0.563802  0.858164  0.753422
6   0.929981  0.836643  0.888054  0.749728  0.943767  0.540106
7   0.856897  0.786198  0.818033  0.647831  0.889843  0.840720
8   0.359267  0.231377  0.440865  0.304905  0.357965  0.369395
9   0.368725  0.322267  0.347523  0.418175  0.314278  0.353899
10  0.414304  0.467522  0.368435  0.353205  0.298576  0.332403
11  0.375630  0.337617  0.467530  0.401103  0.508930  0.366449
82            0         1         2         3         4         5
0   0.992458  0.545264  0.828115  0.061950  0.935257 -0.019770
1   0.751846  0.653040  0.800479  0.374281  0.974339 -0.028498
2   0.525276  0.314577  0.568023  0.026968  0.723205  0.111050
3   0.450270  0.155200  0.169170 -0.063469  0.273386 -0.072347
4   0.731499  0.672420  0.805453  0.615345  0.782889  0.774710
5   0.756098  0.806664  0.790728  0.491534  0.943700  0.765321
6   0.876255  0.668023  0.793897  0.759608  0.853015  0.720732
7   0.856509  0.757862  0.755120  0.765448  0.739203  0.807675
8   0.506340  0.280717  0.395093  0.350708  0.385602  0.368940
9   0.478212  0.341049  0.380580  0.356305  0.351483  0.282338
10  0.409962  0.363327  0.357043  0.373626  0.366372  0.354002
11  0.380221  0.419285  0.434360  0.419328  0.516852  0.421143
182            0         1         2         3         4         5
0   1.007230  0.638421  1.022963  0.034571  0.878999  0.000000
1   0.983887  0.952937  0.764623  0.239425  0.922233  0.345894
2   1.215963  0.390126  0.389904  0.016685  0.809315  0.107313
3   0.952433  0.211272  0.370574  0.000000  0.815556  0.015953
4   0.831858  0.720791  0.834917  0.663688  0.827547  0.836607
5   0.844606  0.755204  0.797465  0.521815  0.980050  0.845248
6   0.950321  0.923516  0.924415  0.852749  0.960715  0.689057
7   0.868680  0.836414  0.891591  0.658908  0.986817  0.808991
8   0.603678  0.255416  0.376644  0.382886  0.352892  0.399762
9   0.467643  0.381707  0.349039  0.405617  0.363059  0.332950
10  0.525853  0.365703  0.390381  0.403667  0.323981  0.334784
11  0.334965  0.481833  0.392525  0.425578  0.377400  0.393214
278            0         1         2         3         4         5
0   1.123146  0.572510  1.067143  0.034571  0.734216  0.000000
1   0.750739  1.026168  0.952952  0.294959  0.780314  0.284261
2   1.386740  0.372732  0.299800  0.016685  0.734612  0.091153
3   0.374175  0.223666  0.341375  0.000000  0.668581  0.015953
4   0.918353  0.749311  0.879692  0.788668  0.877848  0.910988
5   0.916972  0.747611  0.956467  0.604250  0.844385  0.928639
6   1.143120  0.889904  0.955455  0.664762  0.991006  0.843351
7   0.876183  0.814577  0.964328  0.896632  0.935989  0.864502
8   0.490808  0.301984  0.378816  0.385380  0.365163  0.405070
9   0.412709  0.366563  0.349633  0.376651  0.397199  0.343734
10  0.486149  0.374695  0.369257  0.403160  0.441006  0.351390
11  0.329331  0.398677  0.383481  0.379353  0.368660  0.393448
377            0         1         2         3         4         5
0   0.946762  0.696311  0.923956  0.034571  0.754891  0.000000
1   0.770587  0.437212  0.787730  0.170367  0.686467  0.290537
2   0.986457  0.238689  0.537926  0.016685  0.946402  0.091153
3   0.427142  0.269028  0.408101  0.000000  0.489961  0.015953
4   0.826376  0.789224  0.909268  0.841362  0.872346  0.757963
5   0.834150  0.876616  0.852545  0.624629  1.079344  0.909199
6   1.060814  0.719724  0.867510  0.634922  0.910815  0.873204
7   0.807064  0.803529  0.870475  0.872560  0.989176  0.878910
8   0.448846  0.326930  0.452123  0.383362  0.368794  0.354549
9   0.343174  0.371352  0.367366  0.373097  0.401718  0.360638
10  0.444643  0.373147  0.342446  0.353797  0.395128  0.355292
11  0.436089  0.317966  0.381179  0.349123  0.343082  0.358192
478            0         1         2         3         4         5
0   0.902709  0.640040  0.923956  0.034571  0.967773  0.000000
1   0.859052  0.607337  0.788006  0.188948  0.679387  0.249900
2   0.908411  0.248384  0.423617  0.001781  0.747347  0.091153
3   0.555965  0.212452  0.320508  0.000000  0.506779  0.015953
4   0.945165  0.672522  0.828613  0.769673  0.771817  0.700799
5   0.969582  0.872361  0.745461  0.694244  0.952851  0.790878
6   0.955398  0.796281  0.722053  0.721376  0.771028  0.841173
7   0.864988  0.856177  0.911124  0.756114  0.997541  0.923287
8   0.353681  0.309720  0.418332  0.321530  0.375096  0.324811
9   0.348440  0.342299  0.376604  0.397554  0.401490  0.365423
10  0.391795  0.367279  0.353331  0.354912  0.405856  0.330747
11  0.432232  0.363519  0.365026  0.334092  0.387924  0.348329
