90            0         1         2         3         4         5
0   0.867154  0.729496  0.681901  0.000000  0.907880  0.012715
1   1.279719  0.732212  0.845215  0.372266  1.065693  0.139596
2   0.921747  0.353699  0.597434  0.001781  0.897296  0.076333
3   0.711324  0.575089  0.533607  0.018328  0.288020  0.000000
4   0.952855  0.887588  0.711823  0.740796  0.843123  0.697261
5   0.780504  0.739083  0.850594  0.642283  0.849032  0.552987
6   1.024406  0.865185  0.776561  0.484458  0.806561  0.829271
7   0.500953  0.615188  0.872830  0.648171  0.434886  0.523977
8   0.359645  0.327737  0.414254  0.390197  0.394937  0.371850
9   0.352481  0.354457  0.305635  0.406833  0.402963  0.414953
10  0.481057  0.360446  0.431394  0.404468  0.422245  0.419832
11  0.381565  0.433585  0.444876  0.452419  0.551907  0.487755
190            0         1         2         3         4         5
0   0.847701  0.869529  0.736559  0.000000  0.757593  0.012715
1   1.094515  0.773352  0.832897  0.439808  1.077175  0.088044
2   0.837565  0.457451  0.412999  0.001781  0.789042  0.028035
3   0.530863  0.154339  0.334433  0.018328  0.515160  0.000000
4   0.883118  0.860623  0.678012  0.744042  0.891033  0.706754
5   0.856788  0.480372  0.829157  0.701578  0.922234  0.485406
6   0.645563  0.711135  0.757472  0.328350  0.799472  0.683958
7   0.924770  0.567595  0.703840  0.466641  0.646832  0.470810
8   0.415966  0.424361  0.500470  0.444303  0.427317  0.336157
9   0.527145  0.463043  0.391823  0.485727  0.468978  0.488258
10  0.454602  0.360921  0.462705  0.445893  0.587212  0.422038
11  0.533068  0.557320  0.498736  0.512014  0.559413  0.476734
295            0         1         2         3         4         5
0   0.858820  0.859608  0.882862  0.000000  0.817056  0.012715
1   0.738709  0.720579  0.602536  0.263038  0.704531  0.200059
2   0.901840  0.378470  0.548907  0.001781  0.565575  0.028035
3   0.272210  0.104788  0.252087  0.000000  0.302642  0.001129
4   0.935749  0.860623  0.693570  0.744042  0.891033  0.723161
5   0.793437  0.680075  0.719208  0.648634  0.698693  0.439051
6   0.819664  0.651039  0.766227  0.446589  0.885216  0.692083
7   0.461372  0.431313  0.610939  0.286248  0.451946  0.285727
8   0.532338  0.436717  0.517813  0.486299  0.460862  0.376860
9   0.524900  0.538778  0.538198  0.514023  0.599235  0.529751
10  0.492122  0.453695  0.494829  0.484738  0.476228  0.550822
11  0.567771  0.561239  0.477961  0.531081  0.509607  0.473464
391            0         1         2         3         4         5
0   0.858820  0.645316  0.834588  0.000000  0.841225  0.012715
1   0.879327  0.809176  0.457003  0.263038  0.813217  0.133600
2   0.623996  0.316341  0.461155  0.000000  0.852158  0.065698
3   0.557711  0.254404  0.118657  0.000000  0.492888  0.001129
4   0.960555  0.860623  0.693570  0.724622  0.758557  0.703856
5   0.576278  0.723057  0.789350  0.649997  0.796133  0.357642
6   0.693048  0.450375  0.847713  0.438137  0.810839  0.711487
7   0.439231  0.249334  0.692782  0.033903  0.404651  0.229872
8   0.522438  0.448026  0.512698  0.497989  0.473576  0.447327
9   0.523797  0.507966  0.492223  0.407411  0.582174  0.500004
10  0.475449  0.524335  0.473304  0.495794  0.583707  0.523254
11  0.580625  0.518824  0.564465  0.517685  0.614260  0.514108
495            0         1         2         3         4         5
0   0.604009  0.686073  0.792971  0.000000  0.967155  0.012715
1   0.646749  0.514927  0.146238  0.046257  0.724610  0.122771
2   0.716460  0.223095  0.266591  0.000000  0.760877  0.000391
3   0.421474  0.195945  0.024054  0.000000  0.186432  0.001129
4   0.958472  0.860623  0.602922  0.659088  0.758557  0.703856
5   0.688088  0.829689  0.718195  0.561131  0.615139  0.343270
6   0.725674  0.631298  0.614726  0.431956  0.954034  0.590525
7   0.624085  0.283268  0.257540  0.033903  0.569189  0.221941
8   0.574933  0.461446  0.522676  0.518129  0.556788  0.523841
9   0.536279  0.495088  0.542416  0.484777  0.585943  0.517766
10  0.540533  0.497579  0.512687  0.523015  0.581178  0.560264
11  0.577187  0.518547  0.507663  0.525938  0.487372  0.529978
58            0         1         2         3         4         5
0   0.606897  0.498452  0.571518  0.000000  0.993196  0.012715
1   0.978176  0.603174  0.438781  0.052312  0.440418  0.089611
2   0.312572  0.046059  0.391439  0.000000  0.733878  0.000391
3   0.408610  0.305200  0.024054  0.000000  0.489093  0.001129
4   0.953161  0.831349  0.602922  0.659088  0.830487  0.724006
5   0.660274  0.635002  0.563082  0.483585  0.778959  0.344570
6   0.641481  0.588353  0.570969  0.487312  0.801345  0.637810
7   0.542463  0.368296  0.471572  0.000000  0.809644  0.136434
8   0.553466  0.554689  0.472625  0.518748  0.529280  0.523260
9   0.516189  0.510809  0.461548  0.512632  0.573660  0.442714
10  0.480484  0.496845  0.512104  0.503237  0.521184  0.542258
11  0.540350  0.493636  0.518063  0.505792  0.486621  0.457914
153            0         1         2         3         4         5
0   0.641176  0.431153  0.720315  0.000000  0.851324  0.012715
1   0.695889  0.863544  0.580168  0.124123  0.674212  0.064418
2   0.480738  0.021983  0.276143  0.000000  0.806098  0.000391
3   0.452070  0.050503  0.056489  0.000000  0.190070  0.001129
4   0.925665  0.813754  0.602922  0.681206  0.818093  0.718859
5   0.577324  0.565726  0.405937  0.466219  0.800219  0.554372
6   0.781576  0.629144  0.718725  0.461608  0.856387  0.579507
7   0.677273  0.327604  0.464989  0.000000  0.488547  0.152753
8   0.541758  0.452425  0.496283  0.511634  0.520228  0.535378
9   0.451614  0.578902  0.483363  0.500485  0.557248  0.454688
10  0.497301  0.443896  0.551822  0.470983  0.671087  0.560495
11  0.525709  0.567930  0.556974  0.470911  0.570062  0.537317
257            0         1         2         3         4         5
0   0.887573  0.397139  0.670251  0.000000  0.870828  0.012715
1   0.582620  0.537122  0.545353  0.006886  0.643342  0.106888
2   0.572885  0.021983  0.161752  0.000000  0.520058  0.000391
3   0.432110  0.005303  0.014223  0.000000  0.213544  0.001129
4   0.904909  0.804118  0.509053  0.565262  0.818093  0.718859
5   0.603966  0.633181  0.232756  0.406567  0.832965  0.527871
6   0.762318  0.629510  0.917488  0.379923  0.789856  0.509511
7   0.599373  0.446755  0.382258  0.000000  0.443445  0.300745
8   0.507531  0.478627  0.451087  0.556209  0.499975  0.537867
9   0.452779  0.557211  0.478853  0.471773  0.526824  0.502148
10  0.581949  0.393411  0.552802  0.509598  0.561478  0.472963
11  0.594719  0.458905  0.509641  0.540976  0.554019  0.524497
353            0         1         2         3         4         5
0   0.728905  0.445415  0.511454  0.000000  0.756415  0.012715
1   0.928714  0.443253  0.410528  0.029971  0.766358  0.000000
2   0.615926  0.021983  0.336831  0.000000  0.591136  0.000391
3   0.073590  0.000000  0.042431  0.008508  0.246912  0.012117
4   0.904909  0.766086  0.509053  0.565262  0.772209  0.521168
5   0.425644  0.494879  0.237481  0.402342  0.819229  0.529729
6   0.591410  0.704671  0.724204  0.369636  0.834834  0.397681
7   0.243132  0.269429  0.154649  0.000000  0.456906  0.003588
8   0.496230  0.492911  0.465315  0.526949  0.552489  0.488607
9   0.468164  0.492386  0.450885  0.431117  0.521212  0.487333
10  0.545519  0.415966  0.619721  0.494136  0.542078  0.466446
11  0.531674  0.473481  0.512422  0.493939  0.566588  0.493846
456            0         1         2         3         4         5
0   0.841996  0.526492  0.503210  0.000000  0.895844  0.012715
1   0.476000  0.662144  0.207386  0.029971  1.031734  0.000000
2   0.463035  0.021983  0.351631  0.000000  0.865141  0.000391
3   0.332143  0.060363  0.014268  0.084434  0.660688  0.000000
4   0.810678  0.618030  0.493482  0.459729  0.739199  0.521168
5   0.584852  0.510107  0.290496  0.190782  0.752111  0.484817
6   0.787682  0.648054  0.729486  0.363955  0.723608  0.475404
7   0.275211  0.240835  0.203981  0.000000  0.370091  0.012912
8   0.552983  0.471633  0.504471  0.529479  0.567101  0.470802
9   0.462218  0.515428  0.475443  0.515680  0.562682  0.529783
10  0.498514  0.499007  0.589003  0.511976  0.562023  0.428799
11  0.596208  0.557069  0.569215  0.571646  0.608221  0.485276
17            0         1         2         3         4         5
0   0.646437  0.408100  0.334974  0.000000  0.757445  0.012715
1   0.433793  0.538401  0.153505  0.000000  0.458120  0.014661
2   0.384671  0.021983  0.212964  0.000000  0.346025  0.000391
3   0.584205  0.323138  0.054599  0.000000  0.390982  0.052995
4   0.719470  0.670708  0.493482  0.458888  0.810358  0.521168
5   0.634556  0.394655  0.332198  0.179897  0.708096  0.419201
6   0.617571  0.557501  0.789473  0.370341  0.576191  0.564684
7   0.456761  0.264955  0.366098  0.000000  0.290904  0.262378
8   0.559812  0.503331  0.524055  0.529000  0.672653  0.478135
9   0.488506  0.525311  0.546900  0.501019  0.547917  0.506938
10  0.529246  0.540987  0.513533  0.534779  0.516004  0.421923
11  0.496826  0.508879  0.588316  0.541861  0.545325  0.545909
120            0         1         2         3         4         5
0   0.677567  0.644857  0.604358  0.000000  0.819530  0.012715
1   0.892770  0.365438  0.282288  0.000000  0.798919  0.014661
2   0.377802  0.017716  0.608949  0.000000  0.562159  0.000391
3   0.772389  0.000000  0.029580  0.002380  0.579961  0.007322
4   0.763455  0.670708  0.698660  0.465085  0.802906  0.419999
5   0.750754  0.483875  0.332198  0.281136  0.415615  0.432225
6   0.519255  0.645397  0.840956  0.285561  0.720133  0.446416
7   0.533471  0.498739  0.575224  0.000000  0.750972  0.228887
8   0.704824  0.553331  0.545376  0.532749  0.636780  0.461706
9   0.555079  0.493570  0.593887  0.487081  0.557998  0.516072
10  0.515311  0.531247  0.504410  0.462501  0.529334  0.479727
11  0.503780  0.523308  0.526643  0.519009  0.519199  0.449426
219            0         1         2         3         4         5
0   0.861563  0.620444  0.534617  0.000000  0.610030  0.012715
1   0.979764  0.709834  0.274926  0.000000  0.865408  0.014661
2   0.760660  0.000000  0.386592  0.009558  0.656851  0.009949
3   0.409903  0.000000  0.048013  0.002380  0.350976  0.007322
4   0.900220  0.754224  0.698660  0.465085  0.802906  0.430138
5   0.923522  0.569298  0.675391  0.337201  0.563795  0.246480
6   0.631502  0.669461  0.605624  0.319003  0.780538  0.318960
7   0.790124  0.602099  0.570971  0.000000  0.841967  0.399691
8   0.594595  0.496128  0.533842  0.522421  0.585330  0.479582
9   0.547628  0.464387  0.610253  0.522411  0.529197  0.460445
10  0.491071  0.662571  0.579239  0.536578  0.570688  0.510506
11  0.662973  0.566899  0.505048  0.587256  0.575865  0.482045
316            0         1         2         3         4         5
0   0.932791  0.547844  0.554601  0.019984  0.634109  0.000000
1   0.498132  0.399972  0.363382  0.000000  0.574307  0.014661
2   0.727257  0.000000  0.228391  0.009558  0.584281  0.009949
3   0.686785  0.015030  0.000000  0.017410  0.361005  0.066333
4   0.900220  0.718850  0.689649  0.465085  0.775626  0.470241
5   0.783681  0.466440  0.594048  0.381070  0.510476  0.257209
6   0.647195  0.605951  0.663406  0.357351  0.763678  0.318960
7   0.406987  0.351676  0.477078  0.000000  0.481718  0.360645
8   0.552007  0.505225  0.528901  0.526043  0.570782  0.501233
9   0.495723  0.603664  0.541487  0.483702  0.501323  0.503667
10  0.494002  0.551134  0.498629  0.530371  0.462647  0.513103
11  0.525054  0.509926  0.539532  0.484722  0.503997  0.485679
415            0         1         2         3         4         5
0   1.067201  0.588204  0.716225  0.019984  0.606427  0.000000
1   0.570729  0.393746  0.416950  0.000000  0.560322  0.014661
2   0.584304  0.039340  0.171922  0.048897  0.341797  0.000000
3   0.134794  0.131726  0.001636  0.000000  0.352869  0.013042
4   0.846006  0.783083  0.689649  0.465452  0.753661  0.470241
5   0.558650  0.596446  0.656718  0.479480  0.540571  0.142131
6   0.516660  0.367727  0.560127  0.370177  0.768737  0.234475
7   0.472422  0.262272  0.343300  0.000000  0.638103  0.089419
8   0.545767  0.524476  0.575221  0.527165  0.659959  0.520999
9   0.513809  0.563368  0.496661  0.447033  0.483531  0.526114
10  0.557408  0.506906  0.540198  0.505494  0.557174  0.433146
11  0.627741  0.519001  0.525819  0.479457  0.545047  0.531794
517            0         1         2         3         4         5
0   0.859788  0.606071  0.528239  0.019984  0.549442  0.000000
1   0.536811  0.590191  0.325811  0.000000  0.674981  0.058464
2   0.955791  0.293919  0.157862  0.000000  0.455393  0.002503
3   0.081741  0.054386  0.016492  0.017620  0.394724  0.000000
4   0.782705  0.751553  0.689649  0.465452  0.723891  0.470241
5   0.616921  0.620604  0.630100  0.323053  0.557287  0.258944
6   0.606310  0.536111  0.570070  0.352239  0.625198  0.361784
7   0.423269  0.343989  0.300100  0.000000  0.396860  0.140791
8   0.507212  0.519901  0.541911  0.553834  0.586885  0.468899
9   0.454909  0.528188  0.523317  0.500818  0.543959  0.538795
10  0.541083  0.442434  0.492947  0.504346  0.582761  0.530057
11  0.497868  0.533030  0.495870  0.530957  0.513435  0.443509
82            0         1         2         3         4         5
0   0.827122  0.534555  0.552363  0.019984  0.550518  0.000000
1   0.877050  0.410277  0.323024  0.000000  0.767772  0.058464
2   0.668875  0.090174  0.574520  0.000000  0.692237  0.002503
3   0.043402  0.005105  0.000508  0.002994  0.377553  0.000000
4   0.659601  0.668532  0.713062  0.562440  0.805054  0.519115
5   0.771774  0.612519  0.749385  0.271926  0.557091  0.233708
6   0.748987  0.466097  0.626513  0.251344  0.731732  0.471332
7   0.684055  0.474482  0.279836  0.000000  0.497872  0.085589
8   0.501212  0.510422  0.536963  0.488022  0.573610  0.479243
9   0.477271  0.464718  0.516707  0.436738  0.457948  0.494244
10  0.468033  0.448357  0.505423  0.501036  0.572561  0.429995
11  0.548563  0.426417  0.534638  0.496920  0.523281  0.480611
182            0         1         2         3         4         5
0   0.874082  0.593486  0.521402  0.019984  0.774195  0.000000
1   1.182015  0.528279  0.572457  0.000000  0.872232  0.015514
2   0.724100  0.121064  0.544906  0.000000  1.060948  0.002503
3   0.588168  0.001994  0.000508  0.002994  0.542137  0.000000
4   0.737658  0.668532  0.710974  0.549876  0.772440  0.519115
5   0.744666  0.733390  0.695237  0.246510  0.577170  0.396253
6   0.694527  0.558146  0.721349  0.339286  0.843802  0.559234
7   0.433882  0.362096  0.561530  0.000000  0.800975  0.467092
8   0.582276  0.468000  0.542876  0.513956  0.568643  0.507914
9   0.516844  0.622552  0.595452  0.539385  0.481937  0.586204
10  0.544917  0.520862  0.713732  0.445902  0.601291  0.506410
11  0.659557  0.597388  0.658442  0.585831  0.688152  0.577730
278            0         1         2         3         4         5
0   0.831252  0.581165  0.810477  0.019984  0.769199  0.000000
1   0.370605  0.315407  0.414915  0.000000  0.804256  0.015514
2   0.717854  0.327709  0.639775  0.000000  0.710570  0.002503
3   0.324051  0.001994  0.000508  0.002994  0.120264  0.000000
4   0.737658  0.668532  0.710974  0.621512  0.772440  0.519115
5   0.645196  0.572969  0.738464  0.333284  0.610403  0.390707
6   0.873135  0.602585  0.768380  0.442910  0.824088  0.511224
7   0.535778  0.042950  0.470577  0.000000  0.411122  0.527164
8   0.681777  0.543914  0.629994  0.586156  0.603975  0.541785
9   0.568873  0.508884  0.603712  0.578692  0.580096  0.550219
10  0.718705  0.541983  0.672569  0.509857  0.567481  0.576368
11  0.693434  0.687248  0.629195  0.545258  0.590145  0.595787
377            0         1         2         3         4         5
0   0.797338  0.607008  0.755456  0.019984  0.697266  0.000000
1   0.454216  0.174703  0.490315  0.000000  0.902878  0.015514
2   0.571588  0.090667  0.327347  0.000000  0.589376  0.002503
3   0.000000  0.056661  0.055174  0.057660  0.222986  0.054667
4   0.740100  0.668532  0.710974  0.514623  0.837439  0.532291
5   0.722062  0.528568  0.551940  0.343102  0.487564  0.401907
6   0.777155  0.620507  0.688628  0.357858  0.809830  0.554342
7   0.364312  0.402805  0.415218  0.000000  0.408751  0.145268
8   0.641531  0.547533  0.620217  0.525698  0.598230  0.491038
9   0.590612  0.484539  0.577429  0.529763  0.592758  0.542381
10  0.699163  0.514794  0.636395  0.538734  0.591615  0.539482
11  0.516267  0.558523  0.568727  0.537535  0.554954  0.489971
478            0         1         2         3         4         5
0   0.508295  0.410305  0.639314  0.019984  0.785620  0.000000
1   0.638360  0.025590  0.271123  0.009200  0.488204  0.000000
2   0.626516  0.119769  0.049191  0.000000  0.571792  0.002503
3   0.087721  0.218763  0.057419  0.000000  0.040072  0.008263
4   0.796448  0.497549  0.745617  0.514623  0.808756  0.532291
5   0.611681  0.431331  0.351901  0.323246  0.495177  0.371238
6   0.555468  0.585033  0.523758  0.204980  0.695526  0.612710
7   0.541549  0.305753  0.398516  0.000000  0.376331  0.048802
8   0.479515  0.479216  0.570166  0.485405  0.574761  0.454501
9   0.578666  0.445128  0.597048  0.541832  0.562712  0.545122
10  0.554393  0.537571  0.524338  0.539326  0.500473  0.537394
11  0.582287  0.541146  0.554137  0.536840  0.557650  0.521349
