90            0         1         2         3         4         5
0   0.867154  0.729496  0.681901  0.000000  0.907880  0.012715
1   1.279719  0.732212  0.845215  0.372266  1.065693  0.139596
2   0.921747  0.353699  0.597434  0.001781  0.897296  0.076333
3   0.711324  0.575089  0.533607  0.018328  0.288020  0.000000
4   0.952855  0.887588  0.711823  0.740796  0.843123  0.697261
5   0.780504  0.739083  0.850594  0.642283  0.849032  0.552987
6   1.024406  0.865185  0.776561  0.484458  0.806561  0.829271
7   0.500953  0.615188  0.872830  0.648171  0.434886  0.523977
8   0.359645  0.327737  0.414254  0.390197  0.394937  0.371850
9   0.352481  0.354457  0.305635  0.406833  0.402963  0.414953
10  0.481057  0.360446  0.431394  0.404468  0.422245  0.419832
11  0.381565  0.433585  0.444876  0.452419  0.551907  0.487755
190            0         1         2         3         4         5
0   0.847701  0.869529  0.736559  0.000000  0.757593  0.012715
1   1.094515  0.773352  0.832897  0.439808  1.077175  0.088044
2   0.837565  0.457451  0.412999  0.001781  0.789042  0.028035
3   0.530863  0.154339  0.334433  0.018328  0.515160  0.000000
4   0.883118  0.860623  0.678012  0.744042  0.891033  0.706754
5   0.856788  0.480372  0.829157  0.701578  0.922234  0.485406
6   0.645563  0.711135  0.757472  0.328350  0.799472  0.683958
7   0.924770  0.567595  0.703840  0.466641  0.646832  0.470810
8   0.415966  0.424361  0.500470  0.444303  0.427317  0.336157
9   0.527145  0.463043  0.391823  0.485727  0.468978  0.488258
10  0.454602  0.360921  0.462705  0.445893  0.587212  0.422038
11  0.533068  0.557320  0.498736  0.512014  0.559413  0.476734
295            0         1         2         3         4         5
0   0.858820  0.859608  0.882862  0.000000  0.817056  0.012715
1   0.738709  0.720579  0.602536  0.263038  0.704531  0.200059
2   0.901840  0.378470  0.548907  0.001781  0.565575  0.028035
3   0.272210  0.104788  0.252087  0.000000  0.302642  0.001129
4   0.935749  0.860623  0.693570  0.744042  0.891033  0.723161
5   0.793437  0.680075  0.719208  0.648634  0.698693  0.439051
6   0.819664  0.651039  0.766227  0.446589  0.885216  0.692083
7   0.461372  0.431313  0.610939  0.286248  0.451946  0.285727
8   0.532338  0.436717  0.517813  0.486299  0.460862  0.376860
9   0.524900  0.538778  0.538198  0.514023  0.599235  0.529751
10  0.492122  0.453695  0.494829  0.484738  0.476228  0.550822
11  0.567771  0.561239  0.477961  0.531081  0.509607  0.473464
391            0         1         2         3         4         5
0   0.858820  0.645316  0.834588  0.000000  0.841225  0.012715
1   0.879327  0.809176  0.457003  0.263038  0.813217  0.133600
2   0.623996  0.316341  0.461155  0.000000  0.852158  0.065698
3   0.557711  0.254404  0.118657  0.000000  0.492888  0.001129
4   0.960555  0.860623  0.693570  0.724622  0.758557  0.703856
5   0.576278  0.723057  0.789350  0.649997  0.796133  0.357642
6   0.693048  0.450375  0.847713  0.438137  0.810839  0.711487
7   0.439231  0.249334  0.692782  0.033903  0.404651  0.229872
8   0.522438  0.448026  0.512698  0.497989  0.473576  0.447327
9   0.523797  0.507966  0.492223  0.407411  0.582174  0.500004
10  0.475449  0.524335  0.473304  0.495794  0.583707  0.523254
11  0.580625  0.518824  0.564465  0.517685  0.614260  0.514108
495            0         1         2         3         4         5
0   0.604009  0.686073  0.792971  0.000000  0.967155  0.012715
1   0.646749  0.514927  0.146238  0.046257  0.724610  0.122771
2   0.716460  0.223095  0.266591  0.000000  0.760877  0.000391
3   0.421474  0.195945  0.024054  0.000000  0.186432  0.001129
4   0.958472  0.860623  0.602922  0.659088  0.758557  0.703856
5   0.688088  0.829689  0.718195  0.561131  0.615139  0.343270
6   0.725674  0.631298  0.614726  0.431956  0.954034  0.590525
7   0.624085  0.283268  0.257540  0.033903  0.569189  0.221941
8   0.574933  0.461446  0.522676  0.518129  0.556788  0.523841
9   0.536279  0.495088  0.542416  0.484777  0.585943  0.517766
10  0.540533  0.497579  0.512687  0.523015  0.581178  0.560264
11  0.577187  0.518547  0.507663  0.525938  0.487372  0.529978
58            0         1         2         3         4         5
0   0.606897  0.498452  0.571518  0.000000  0.993196  0.012715
1   0.978176  0.603174  0.438781  0.052312  0.440418  0.089611
2   0.312572  0.046059  0.391439  0.000000  0.733878  0.000391
3   0.408610  0.305200  0.024054  0.000000  0.489093  0.001129
4   0.953161  0.831349  0.602922  0.659088  0.830487  0.724006
5   0.660274  0.635002  0.563082  0.483585  0.778959  0.344570
6   0.641481  0.588353  0.570969  0.487312  0.801345  0.637810
7   0.542463  0.368296  0.471572  0.000000  0.809644  0.136434
8   0.553466  0.554689  0.472625  0.518748  0.529280  0.523260
9   0.516189  0.510809  0.461548  0.512632  0.573660  0.442714
10  0.480484  0.496845  0.512104  0.503237  0.521184  0.542258
11  0.540350  0.493636  0.518063  0.505792  0.486621  0.457914
153            0         1         2         3         4         5
0   0.641176  0.431153  0.720315  0.000000  0.851324  0.012715
1   0.695889  0.863544  0.580168  0.124123  0.674212  0.064418
2   0.480738  0.021983  0.276143  0.000000  0.806098  0.000391
3   0.452070  0.050503  0.056489  0.000000  0.190070  0.001129
4   0.925665  0.813754  0.602922  0.681206  0.818093  0.718859
5   0.577324  0.565726  0.405937  0.466219  0.800219  0.554372
6   0.781576  0.629144  0.718725  0.461608  0.856387  0.579507
7   0.677273  0.327604  0.464989  0.000000  0.488547  0.152753
8   0.541758  0.452425  0.496283  0.511634  0.520228  0.535378
9   0.451614  0.578902  0.483363  0.500485  0.557248  0.454688
10  0.497301  0.443896  0.551822  0.470983  0.671087  0.560495
11  0.525709  0.567930  0.556974  0.470911  0.570062  0.537317
257            0         1         2         3         4         5
0   0.887573  0.397139  0.670251  0.000000  0.870828  0.012715
1   0.582620  0.537122  0.545353  0.006886  0.643342  0.106888
2   0.572885  0.021983  0.161752  0.000000  0.520058  0.000391
3   0.432110  0.005303  0.014223  0.000000  0.213544  0.001129
4   0.904909  0.804118  0.509053  0.565262  0.818093  0.718859
5   0.603966  0.633181  0.232756  0.406567  0.832965  0.527871
6   0.762318  0.629510  0.917488  0.379923  0.789856  0.509511
7   0.599373  0.446755  0.382258  0.000000  0.443445  0.300745
8   0.507531  0.478627  0.451087  0.556209  0.499975  0.537867
9   0.452779  0.557211  0.478853  0.471773  0.526824  0.502148
10  0.581949  0.393411  0.552802  0.509598  0.561478  0.472963
11  0.594719  0.458905  0.509641  0.540976  0.554019  0.524497
353            0         1         2         3         4         5
0   0.728905  0.445415  0.511454  0.000000  0.756415  0.012715
1   0.928714  0.443253  0.410528  0.029971  0.766358  0.000000
2   0.615926  0.021983  0.336831  0.000000  0.591136  0.000391
3   0.073590  0.000000  0.042431  0.008508  0.246912  0.012117
4   0.904909  0.766086  0.509053  0.565262  0.772209  0.521168
5   0.425644  0.494879  0.237481  0.402342  0.819229  0.529729
6   0.591410  0.704671  0.724204  0.369636  0.834834  0.397681
7   0.243132  0.269429  0.154649  0.000000  0.456906  0.003588
8   0.496230  0.492911  0.465315  0.526949  0.552489  0.488607
9   0.468164  0.492386  0.450885  0.431117  0.521212  0.487333
10  0.545519  0.415966  0.619721  0.494136  0.542078  0.466446
11  0.531674  0.473481  0.512422  0.493939  0.566588  0.493846
456            0         1         2         3         4         5
0   0.841996  0.526492  0.503210  0.000000  0.895844  0.012715
1   0.476000  0.662144  0.207386  0.029971  1.031734  0.000000
2   0.463035  0.021983  0.351631  0.000000  0.865141  0.000391
3   0.332143  0.060363  0.014268  0.084434  0.660688  0.000000
4   0.810678  0.618030  0.493482  0.459729  0.739199  0.521168
5   0.584852  0.510107  0.290496  0.190782  0.752111  0.484817
6   0.787682  0.648054  0.729486  0.363955  0.723608  0.475404
7   0.275211  0.240835  0.203981  0.000000  0.370091  0.012912
8   0.552983  0.471633  0.504471  0.529479  0.567101  0.470802
9   0.462218  0.515428  0.475443  0.515680  0.562682  0.529783
10  0.498514  0.499007  0.589003  0.511976  0.562023  0.428799
11  0.596208  0.557069  0.569215  0.571646  0.608221  0.485276
17            0         1         2         3         4         5
0   0.646437  0.408100  0.334974  0.000000  0.757445  0.012715
1   0.433793  0.538401  0.153505  0.000000  0.458120  0.014661
2   0.384671  0.021983  0.212964  0.000000  0.346025  0.000391
3   0.584205  0.323138  0.054599  0.000000  0.390982  0.052995
4   0.719470  0.670708  0.493482  0.458888  0.810358  0.521168
5   0.634556  0.394655  0.332198  0.179897  0.708096  0.419201
6   0.617571  0.557501  0.789473  0.370341  0.576191  0.564684
7   0.456761  0.264955  0.366098  0.000000  0.290904  0.262378
8   0.559812  0.503331  0.524055  0.529000  0.672653  0.478135
9   0.488506  0.525311  0.546900  0.501019  0.547917  0.506938
10  0.529246  0.540987  0.513533  0.534779  0.516004  0.421923
11  0.496826  0.508879  0.588316  0.541861  0.545325  0.545909
120            0         1         2         3         4         5
0   0.677567  0.644857  0.604358  0.000000  0.819530  0.012715
1   0.892770  0.365438  0.282288  0.000000  0.798919  0.014661
2   0.377802  0.017716  0.608949  0.000000  0.562159  0.000391
3   0.772389  0.000000  0.029580  0.002380  0.579961  0.007322
4   0.763455  0.670708  0.698660  0.465085  0.802906  0.419999
5   0.750754  0.483875  0.332198  0.281136  0.415615  0.432225
6   0.519255  0.645397  0.840956  0.285561  0.720133  0.446416
7   0.533471  0.498739  0.575224  0.000000  0.750972  0.228887
8   0.704824  0.553331  0.545376  0.532749  0.636780  0.461706
9   0.555079  0.493570  0.593887  0.487081  0.557998  0.516072
10  0.515311  0.531247  0.504410  0.462501  0.529334  0.479727
11  0.503780  0.523308  0.526643  0.519009  0.519199  0.449426
219            0         1         2         3         4         5
0   0.861563  0.620444  0.534617  0.000000  0.610030  0.012715
1   0.979764  0.709834  0.274926  0.000000  0.865408  0.014661
2   0.760660  0.000000  0.386592  0.009558  0.656851  0.009949
3   0.409903  0.000000  0.048013  0.002380  0.350976  0.007322
4   0.900220  0.754224  0.698660  0.465085  0.802906  0.430138
5   0.923522  0.569298  0.675391  0.337201  0.563795  0.246480
6   0.631502  0.669461  0.605624  0.319003  0.780538  0.318960
7   0.790124  0.602099  0.570971  0.000000  0.841967  0.399691
8   0.594595  0.496128  0.533842  0.522421  0.585330  0.479582
9   0.547628  0.464387  0.610253  0.522411  0.529197  0.460445
10  0.491071  0.662571  0.579239  0.536578  0.570688  0.510506
11  0.662973  0.566899  0.505048  0.587256  0.575865  0.482045
316            0         1         2         3         4         5
0   0.932791  0.547844  0.554601  0.019984  0.634109  0.000000
1   0.498132  0.399972  0.363382  0.000000  0.574307  0.014661
2   0.727257  0.000000  0.228391  0.009558  0.584281  0.009949
3   0.686785  0.015030  0.000000  0.017410  0.361005  0.066333
4   0.900220  0.718850  0.689649  0.465085  0.775626  0.470241
5   0.783681  0.466440  0.594048  0.381070  0.510476  0.257209
6   0.647195  0.605951  0.663406  0.357351  0.763678  0.318960
7   0.406987  0.351676  0.477078  0.000000  0.481718  0.360645
8   0.552007  0.505225  0.528901  0.526043  0.570782  0.501233
9   0.495723  0.603664  0.541487  0.483702  0.501323  0.503667
10  0.494002  0.551134  0.498629  0.530371  0.462647  0.513103
11  0.525054  0.509926  0.539532  0.484722  0.503997  0.485679
415            0         1         2         3         4         5
0   1.067201  0.588204  0.716225  0.019984  0.606427  0.000000
1   0.570729  0.393746  0.416950  0.000000  0.560322  0.014661
2   0.584304  0.039340  0.171922  0.048897  0.341797  0.000000
3   0.134794  0.131726  0.001636  0.000000  0.352869  0.013042
4   0.846006  0.783083  0.689649  0.465452  0.753661  0.470241
5   0.558650  0.596446  0.656718  0.479480  0.540571  0.142131
6   0.516660  0.367727  0.560127  0.370177  0.768737  0.234475
7   0.472422  0.262272  0.343300  0.000000  0.638103  0.089419
8   0.545767  0.524476  0.575221  0.527165  0.659959  0.520999
9   0.513809  0.563368  0.496661  0.447033  0.483531  0.526114
10  0.557408  0.506906  0.540198  0.505494  0.557174  0.433146
11  0.627741  0.519001  0.525819  0.479457  0.545047  0.531794
517            0         1         2         3         4         5
0   0.859788  0.606071  0.528239  0.019984  0.549442  0.000000
1   0.536811  0.590191  0.325811  0.000000  0.674981  0.058464
2   0.955791  0.293919  0.157862  0.000000  0.455393  0.002503
3   0.081741  0.054386  0.016492  0.017620  0.394724  0.000000
4   0.782705  0.751553  0.689649  0.465452  0.723891  0.470241
5   0.616921  0.620604  0.630100  0.323053  0.557287  0.258944
6   0.606310  0.536111  0.570070  0.352239  0.625198  0.361784
7   0.423269  0.343989  0.300100  0.000000  0.396860  0.140791
8   0.507212  0.519901  0.541911  0.553834  0.586885  0.468899
9   0.454909  0.528188  0.523317  0.500818  0.543959  0.538795
10  0.541083  0.442434  0.492947  0.504346  0.582761  0.530057
11  0.497868  0.533030  0.495870  0.530957  0.513435  0.443509
82            0         1         2         3         4         5
0   0.827122  0.534555  0.552363  0.019984  0.550518  0.000000
1   0.877050  0.410277  0.323024  0.000000  0.767772  0.058464
2   0.668875  0.090174  0.574520  0.000000  0.692237  0.002503
3   0.043402  0.005105  0.000508  0.002994  0.377553  0.000000
4   0.659601  0.668532  0.713062  0.562440  0.805054  0.519115
5   0.771774  0.612519  0.749385  0.271926  0.557091  0.233708
6   0.748987  0.466097  0.626513  0.251344  0.731732  0.471332
7   0.684055  0.474482  0.279836  0.000000  0.497872  0.085589
8   0.501212  0.510422  0.536963  0.488022  0.573610  0.479243
9   0.477271  0.464718  0.516707  0.436738  0.457948  0.494244
10  0.468033  0.448357  0.505423  0.501036  0.572561  0.429995
11  0.548563  0.426417  0.534638  0.496920  0.523281  0.480611
182            0         1         2         3         4         5
0   0.874082  0.593486  0.521402  0.019984  0.774195  0.000000
1   1.182015  0.528279  0.572457  0.000000  0.872232  0.015514
2   0.724100  0.121064  0.544906  0.000000  1.060948  0.002503
3   0.588168  0.001994  0.000508  0.002994  0.542137  0.000000
4   0.737658  0.668532  0.710974  0.549876  0.772440  0.519115
5   0.744666  0.733390  0.695237  0.246510  0.577170  0.396253
6   0.694527  0.558146  0.721349  0.339286  0.843802  0.559234
7   0.433882  0.362096  0.561530  0.000000  0.800975  0.467092
8   0.582276  0.468000  0.542876  0.513956  0.568643  0.507914
9   0.516844  0.622552  0.595452  0.539385  0.481937  0.586204
10  0.544917  0.520862  0.713732  0.445902  0.601291  0.506410
11  0.659557  0.597388  0.658442  0.585831  0.688152  0.577730
278            0         1         2         3         4         5
0   0.831252  0.581165  0.810477  0.019984  0.769199  0.000000
1   0.370605  0.315407  0.414915  0.000000  0.804256  0.015514
2   0.717854  0.327709  0.639775  0.000000  0.710570  0.002503
3   0.324051  0.001994  0.000508  0.002994  0.120264  0.000000
4   0.737658  0.668532  0.710974  0.621512  0.772440  0.519115
5   0.645196  0.572969  0.738464  0.333284  0.610403  0.390707
6   0.873135  0.602585  0.768380  0.442910  0.824088  0.511224
7   0.535778  0.042950  0.470577  0.000000  0.411122  0.527164
8   0.681777  0.543914  0.629994  0.586156  0.603975  0.541785
9   0.568873  0.508884  0.603712  0.578692  0.580096  0.550219
10  0.718705  0.541983  0.672569  0.509857  0.567481  0.576368
11  0.693434  0.687248  0.629195  0.545258  0.590145  0.595787
377            0         1         2         3         4         5
0   0.797338  0.607008  0.755456  0.019984  0.697266  0.000000
1   0.454216  0.174703  0.490315  0.000000  0.902878  0.015514
2   0.571588  0.090667  0.327347  0.000000  0.589376  0.002503
3   0.000000  0.056661  0.055174  0.057660  0.222986  0.054667
4   0.740100  0.668532  0.710974  0.514623  0.837439  0.532291
5   0.722062  0.528568  0.551940  0.343102  0.487564  0.401907
6   0.777155  0.620507  0.688628  0.357858  0.809830  0.554342
7   0.364312  0.402805  0.415218  0.000000  0.408751  0.145268
8   0.641531  0.547533  0.620217  0.525698  0.598230  0.491038
9   0.590612  0.484539  0.577429  0.529763  0.592758  0.542381
10  0.699163  0.514794  0.636395  0.538734  0.591615  0.539482
11  0.516267  0.558523  0.568727  0.537535  0.554954  0.489971
478            0         1         2         3         4         5
0   0.508295  0.410305  0.639314  0.019984  0.785620  0.000000
1   0.638360  0.025590  0.271123  0.009200  0.488204  0.000000
2   0.626516  0.119769  0.049191  0.000000  0.571792  0.002503
3   0.087721  0.218763  0.057419  0.000000  0.040072  0.008263
4   0.796448  0.497549  0.745617  0.514623  0.808756  0.532291
5   0.611681  0.431331  0.351901  0.323246  0.495177  0.371238
6   0.555468  0.585033  0.523758  0.204980  0.695526  0.612710
7   0.541549  0.305753  0.398516  0.000000  0.376331  0.048802
8   0.479515  0.479216  0.570166  0.485405  0.574761  0.454501
9   0.578666  0.445128  0.597048  0.541832  0.562712  0.545122
10  0.554393  0.537571  0.524338  0.539326  0.500473  0.537394
11  0.582287  0.541146  0.554137  0.536840  0.557650  0.521349
90            0         1         2         3         4         5
0   1.283921  0.801121  0.968687  0.132731  0.955973  0.000000
1   1.044451  0.792057  0.808294  0.186011  1.229588  0.000000
2   0.825806  0.907137  0.625493  0.217150  1.152638  0.108549
3   0.847425  0.259777  0.099135  0.021739  0.518760  0.000000
4   1.033782  0.926352  0.918272  0.829793  0.980070  0.749453
5   1.110599  0.829361  0.799865  0.732844  0.990951  0.506451
6   1.022356  0.950412  0.920520  0.827205  0.839468  0.623622
7   0.576953  0.766379  0.660105  0.487550  0.988112  0.508808
8   0.532043  0.494384  0.502458  0.454466  0.523412  0.482768
9   0.571876  0.563688  0.566540  0.519470  0.576921  0.511540
10  0.539592  0.607121  0.609595  0.518236  0.560807  0.545161
11  0.491936  0.567149  0.502733  0.505867  0.514953  0.532123
190            0         1         2         3         4         5
0   1.447097  1.036004  0.949800  0.123016  0.932205  0.000000
1   1.167013  0.898156  0.821369  0.118314  1.044838  0.000000
2   0.922061  0.807318  0.668314  0.198225  0.950351  0.112797
3   0.792416  0.271368  0.138694  0.020831  0.808826  0.000000
4   1.016395  0.929290  1.021234  0.841266  1.038774  0.829869
5   0.901091  0.720932  0.917864  0.839989  1.221931  0.627423
6   1.015878  0.950401  0.739802  0.622026  0.657328  0.757158
7   0.763538  0.700980  0.658637  0.757435  1.142108  0.448723
8   0.609742  0.548005  0.560182  0.559245  0.596529  0.553742
9   0.573139  0.591445  0.541046  0.561633  0.546807  0.572506
10  0.658297  0.528371  0.570645  0.567207  0.645497  0.547937
11  0.578174  0.643608  0.625396  0.594845  0.612598  0.613293
295            0         1         2         3         4         5
0   1.436949  1.039661  0.857034  0.123016  0.912267  0.000000
1   0.810750  0.812178  0.823475  0.086066  1.067659  0.000000
2   0.659330  0.750320  0.560121  0.307781  0.602830  0.112797
3   0.644397  0.177702  0.110682  0.020831  0.443283  0.000000
4   1.024730  0.961675  1.052042  0.841266  1.038774  0.716058
5   0.980900  0.800370  0.822582  0.557416  0.959701  0.740106
6   1.169353  0.824355  0.791091  0.669797  0.761408  0.802296
7   0.607135  0.556972  0.692076  0.892958  0.594152  0.400010
8   0.594125  0.568978  0.560014  0.565917  0.599072  0.570038
9   0.573832  0.536479  0.578924  0.565581  0.529370  0.579293
10  0.640606  0.468680  0.579499  0.510020  0.610748  0.535824
11  0.595093  0.536482  0.657401  0.592936  0.622289  0.552832
391            0         1         2         3         4         5
0   1.144084  1.008234  0.692480  0.123016  0.865280  0.000000
1   1.059038  0.708322  0.868027  0.065211  1.085155  0.000000
2   0.650649  0.560799  0.263717  0.243253  0.832844  0.039193
3   0.236592  0.098378  0.119673  0.014771  0.255677  0.000000
4   1.024730  0.961675  1.052042  0.835902  0.999985  0.716058
5   0.852611  0.659609  0.792993  0.612220  0.767289  0.477184
6   0.901681  0.754311  0.685155  0.671021  0.777226  0.609288
7   0.815579  0.607638  0.493608  0.487444  0.561730  0.463950
8   0.592798  0.582250  0.561348  0.563654  0.693692  0.577107
9   0.596666  0.573924  0.621885  0.574310  0.549903  0.646832
10  0.621221  0.538189  0.610594  0.573746  0.672314  0.575583
11  0.643581  0.604230  0.581296  0.565267  0.655611  0.493333
495            0         1         2         3         4         5
0   1.221810  0.746306  0.545818  0.123016  0.671761  0.000000
1   0.829724  0.539304  0.732108  0.065211  0.590727  0.000000
2   0.655373  0.581335  0.245086  0.113910  0.763534  0.007222
3   0.416832  0.018411  0.226763  0.000000  0.435196  0.010123
4   1.034787  0.924753  0.866822  0.825714  0.999985  0.604336
5   0.659027  0.684452  0.391766  0.704185  0.623822  0.483161
6   0.851913  1.016073  0.791244  0.686344  0.853101  0.499573
7   0.746850  0.506852  0.629982  0.431128  0.661773  0.452778
8   0.597198  0.586570  0.564457  0.564324  0.675926  0.568699
9   0.501382  0.487907  0.554883  0.581193  0.581318  0.571641
10  0.672194  0.561436  0.590194  0.556982  0.633795  0.585748
11  0.571541  0.581103  0.485832  0.533547  0.580632  0.562353
58            0         1         2         3         4         5
0   1.118255  0.904280  0.473596  0.084177  0.706737  0.000000
1   0.776153  0.826076  0.939850  0.086855  0.852759  0.000000
2   0.675630  0.447147  0.473753  0.068607  0.762019  0.007222
3   0.249609  0.013321  0.214549  0.000000  0.467602  0.009691
4   1.077408  0.897686  0.866822  0.797074  0.999985  0.604336
5   0.519113  0.639082  0.326234  0.698551  0.816365  0.463847
6   0.735361  0.919465  0.745267  0.518949  0.740052  0.564439
7   0.707469  0.233225  0.555071  0.317607  0.714574  0.244081
8   0.559332  0.572685  0.556907  0.558893  0.599096  0.566437
9   0.549894  0.475319  0.538781  0.537378  0.605271  0.592544
10  0.604462  0.557887  0.542525  0.535903  0.573521  0.554856
11  0.492228  0.511116  0.523730  0.463736  0.735783  0.507482
153            0         1         2         3         4         5
0   0.974262  1.221225  0.538299  0.062104  0.880779  0.000000
1   0.818487  0.634641  0.629079  0.050448  1.187872  0.000000
2   0.577243  0.402796  0.419141  0.028419  1.040180  0.007222
3   0.366245  0.013321  0.117177  0.000000  0.601078  0.009691
4   1.083142  0.986091  0.986656  0.797074  0.975649  0.535775
5   0.832793  0.687359  0.366563  0.452863  0.814899  0.484409
6   0.993838  0.664814  0.828505  0.384539  0.835031  0.542752
7   0.806568  0.619605  0.646501  0.399900  0.543105  0.318253
8   0.568879  0.582188  0.565578  0.586487  0.584089  0.587145
9   0.562369  0.523566  0.584544  0.526026  0.691910  0.539879
10  0.548052  0.599102  0.536436  0.557608  0.591160  0.608006
11  0.613679  0.641063  0.615205  0.614752  0.728040  0.669543
257            0         1         2         3         4         5
0   1.008901  0.943796  0.447905  0.062104  1.199387  0.000000
1   0.998419  1.166325  0.257232  0.000205  1.035351  0.000000
2   0.584467  0.233810  0.377066  0.028419  0.723615  0.007222
3   0.607283  0.013321  0.350008  0.000000  0.581664  0.009691
4   1.127803  0.963588  0.844994  0.797074  0.949122  0.554788
5   0.919356  0.749404  0.352653  0.547355  0.820824  0.559015
6   0.909289  0.781663  0.887911  0.595796  0.748836  0.507428
7   0.419479  0.534318  0.736706  0.265573  0.491071  0.332901
8   0.563966  0.592339  0.579429  0.514338  0.594911  0.596095
9   0.793378  0.553298  0.571230  0.591664  0.640946  0.567320
10  0.537260  0.591405  0.540327  0.595639  0.645634  0.629684
11  0.625864  0.575806  0.620796  0.611300  0.600379  0.640977
353            0         1         2         3         4         5
0   0.973770  0.945551  0.373329  0.062104  1.190424  0.000000
1   0.819878  0.612289  0.409353  0.000205  0.743561  0.000000
2   0.530258  0.432020  0.263982  0.028419  0.756868  0.007222
3   0.372542  0.006885  0.111201  0.000000  0.432503  0.009691
4   1.092084  0.963588  0.726894  0.797074  0.949122  0.548307
5   0.869219  0.610345  0.285538  0.535056  0.829394  0.455415
6   0.852325  0.646253  0.750505  0.583957  0.808113  0.516133
7   0.511927  0.232572  0.189993  0.120873  0.446966  0.393177
8   0.588234  0.598429  0.601275  0.542163  0.600471  0.607193
9   0.703831  0.594145  0.550859  0.596780  0.618300  0.593162
10  0.491902  0.557586  0.614979  0.605145  0.542360  0.607050
11  0.568703  0.577739  0.596302  0.558284  0.651824  0.544766
456            0         1         2         3         4         5
0   1.085170  1.133152  0.335844  0.062104  0.907450  0.000000
1   1.136135  0.544448  0.771591  0.000205  0.787464  0.000000
2   0.680675  0.213552  0.326661  0.000000  0.636679  0.002622
3   0.000000  0.015960  0.008915  0.009075  0.302845  0.018766
4   0.941604  0.828929  0.684804  0.797074  0.774732  0.453697
5   0.911231  0.638181  0.224047  0.563513  0.695835  0.487705
6   0.712111  0.645421  0.622631  0.609226  0.686944  0.446570
7   0.607594  0.295710  0.291622  0.066147  0.640956  0.145463
8   0.512615  0.536586  0.584002  0.553709  0.588484  0.596534
9   0.548910  0.505003  0.559154  0.491228  0.578917  0.602181
10  0.575079  0.525843  0.529398  0.584364  0.582590  0.591879
11  0.610469  0.548716  0.575723  0.485823  0.565938  0.541380
17            0         1         2         3         4         5
0   1.054387  0.996041  0.306108  0.062104  0.725191  0.000000
1   0.905413  0.506121  0.335753  0.000205  0.849927  0.000000
2   0.411422  0.153925  0.190973  0.000000  0.688679  0.002622
3   0.237977  0.014821  0.029502  0.086639  0.315390  0.000000
4   0.906615  0.812535  0.684804  0.765842  0.763497  0.453697
5   0.811780  0.621462  0.224047  0.558966  0.708852  0.491030
6   0.735748  0.755987  0.652004  0.609226  0.714224  0.273781
7   0.336380  0.187446  0.375115  0.093991  0.323261  0.328907
8   0.510960  0.534485  0.546195  0.546073  0.574960  0.545184
9   0.570952  0.475836  0.507993  0.504701  0.487348  0.479138
10  0.553463  0.473259  0.486372  0.547878  0.459913  0.542136
11  0.546116  0.493130  0.495585  0.517918  0.520546  0.441849
120            0         1         2         3         4         5
0   1.184373  1.033434  0.330350  0.030939  0.825376  0.000000
1   1.130561  0.655568  0.590057  0.000205  0.846508  0.000000
2   0.736510  0.249132  0.402578  0.000000  0.758959  0.002622
3   0.610639  0.014821  0.021500  0.044927  0.465533  0.000000
4   0.846925  0.812535  0.679546  0.765842  0.852758  0.453697
5   0.696427  0.626102  0.493176  0.618568  0.794689  0.411688
6   0.733425  0.604118  0.801405  0.615862  0.766552  0.355622
7   0.511723  0.506979  0.654388  0.684598  0.787838  0.381519
8   0.545286  0.540729  0.560819  0.542250  0.507090  0.554075
9   0.595358  0.494613  0.585731  0.512965  0.549512  0.492957
10  0.592188  0.483115  0.554272  0.554671  0.531154  0.514316
11  0.606988  0.668998  0.679538  0.566353  0.504442  0.585827
219            0         1         2         3         4         5
0   1.120811  0.838512  0.330350  0.030939  0.726405  0.000000
1   0.912857  0.796926  0.489750  0.000205  0.844658  0.000000
2   0.902869  0.559139  0.524113  0.000000  0.629007  0.002622
3   0.579206  0.019005  0.025684  0.000000  0.820014  0.004184
4   0.842113  0.812535  0.756159  0.765360  0.957200  0.453697
5   0.772777  0.588423  0.534652  0.587100  0.896727  0.585568
6   0.802007  0.567783  0.699742  0.596392  0.923637  0.306703
7   0.706134  0.552102  0.624317  0.520700  0.935560  0.431821
8   0.535763  0.539415  0.556698  0.552570  0.529834  0.509716
9   0.671868  0.613460  0.578139  0.478632  0.634288  0.505168
10  0.620184  0.692152  0.554648  0.592883  0.639832  0.539311
11  0.558083  0.476273  0.505311  0.575994  0.576603  0.541030
316            0         1         2         3         4         5
0   1.120811  0.918706  0.305442  0.030939  0.805764  0.000000
1   0.693284  0.603514  0.628153  0.000205  0.693932  0.000000
2   0.567786  0.644745  0.600513  0.000000  0.838488  0.002622
3   0.206100  0.000946  0.000000  0.031643  0.339881  0.035828
4   0.842113  0.812535  0.749696  0.765360  0.957200  0.522472
5   0.683917  0.526392  0.543729  0.520369  0.819327  0.511585
6   0.809618  0.653682  0.711522  0.494319  0.923637  0.360233
7   0.341065  0.222766  0.245741  0.241318  0.459099  0.301796
8   0.552112  0.622313  0.582706  0.508652  0.540391  0.532321
9   0.500224  0.592780  0.574941  0.530893  0.533119  0.495760
10  0.584965  0.653993  0.560530  0.576952  0.605832  0.557931
11  0.607304  0.467713  0.567529  0.537417  0.608562  0.568953
415            0         1         2         3         4         5
0   1.110729  1.023578  0.320073  0.030939  0.654356  0.000000
1   0.605469  0.593304  0.863066  0.000205  0.659559  0.000000
2   0.603874  0.352441  0.358543  0.000000  0.589255  0.002622
3   0.158771  0.015128  0.016294  0.008043  0.106257  0.000000
4   0.824164  0.812535  0.746121  0.765360  0.955124  0.545171
5   0.526571  0.567798  0.525835  0.384395  0.652388  0.493277
6   0.737858  0.541476  0.804037  0.472569  0.732551  0.279506
7   0.425258  0.434520  0.390622  0.140398  0.311518  0.416682
8   0.555009  0.603348  0.549929  0.535621  0.493623  0.536576
9   0.565772  0.547746  0.501932  0.451223  0.454858  0.450807
10  0.666748  0.583963  0.571822  0.525166  0.615695  0.560301
11  0.495375  0.517969  0.541686  0.536401  0.599994  0.537644
517            0         1         2         3         4         5
0   0.752415  0.647524  0.358346  0.030939  0.697388  0.000000
1   0.509451  0.307693  0.545437  0.000205  0.702505  0.000000
2   0.632626  0.224971  0.229104  0.000000  1.039615  0.002622
3   0.381555  0.109680  0.000000  0.083975  0.171094  0.073745
4   0.824164  0.812535  0.644892  0.708783  0.939860  0.539089
5   0.574883  0.563624  0.430431  0.303768  0.545719  0.390400
6   0.921168  0.671846  0.834899  0.412420  0.718177  0.327954
7   0.219870  0.252138  0.462420  0.081506  0.442667  0.294859
8   0.544428  0.523833  0.553152  0.555788  0.481792  0.545331
9   0.549834  0.612401  0.537808  0.579467  0.524580  0.479187
10  0.533653  0.547832  0.501440  0.540517  0.583389  0.515864
11  0.663602  0.632535  0.624531  0.562876  0.596502  0.553536
82            0         1         2         3         4         5
0   0.930284  0.766152  0.477326  0.000000  0.736932  0.041292
1   0.861587  0.103588  0.214215  0.000205  1.015505  0.000000
2   0.576870  0.011209  0.283039  0.000000  0.695613  0.002622
3   0.420433  0.064220  0.064127  0.000000  0.386455  0.026100
4   0.823824  0.777945  0.644892  0.657709  0.880214  0.528728
5   0.635192  0.496492  0.602545  0.276157  0.561802  0.390492
6   0.790192  0.539964  0.887472  0.564591  0.691653  0.259045
7   0.386973  0.218939  0.390899  0.175477  0.479285  0.343393
8   0.540894  0.489367  0.551553  0.547736  0.488340  0.515323
9   0.531226  0.451582  0.493960  0.569430  0.481977  0.587425
10  0.536123  0.544760  0.533438  0.482718  0.569220  0.531939
11  0.611008  0.548765  0.491141  0.525305  0.567698  0.563875
182            0         1         2         3         4         5
0   0.780105  0.960905  0.323538  0.000000  0.994506  0.041292
1   0.808288  0.260699  0.288372  0.000205  0.843354  0.000000
2   0.605174  0.042107  0.248420  0.042635  0.503646  0.000000
3   0.121653  0.301521  0.119863  0.000000  0.166892  0.018979
4   0.777938  0.760076  0.651216  0.644676  0.737345  0.528728
5   0.525037  0.589437  0.716943  0.338788  0.740120  0.507536
6   0.767026  0.798392  0.804344  0.389183  0.801807  0.226811
7   0.457333  0.287953  0.505259  0.425564  0.603180  0.238855
8   0.543106  0.477484  0.558958  0.555812  0.575423  0.515137
9   0.559940  0.459270  0.538466  0.542164  0.571112  0.573875
10  0.591125  0.569453  0.508167  0.509657  0.544577  0.558968
11  0.701638  0.605001  0.585522  0.530802  0.532839  0.582607
278            0         1         2         3         4         5
0   0.881380  0.926834  0.295133  0.000000  0.853254  0.041292
1   0.253229  0.448361  0.269484  0.000205  0.443137  0.000000
2   0.635781  0.034449  0.305383  0.000000  0.505952  0.004501
3   0.070185  0.115619  0.072854  0.000000  0.113178  0.049067
4   0.777938  0.744675  0.696731  0.644676  0.765372  0.528728
5   0.523094  0.477794  0.581004  0.360607  0.653155  0.511069
6   0.589084  1.016096  0.688213  0.258230  0.797178  0.167278
7   0.496823  0.256225  0.321030  0.266979  0.438916  0.306388
8   0.530452  0.515097  0.536943  0.538231  0.524590  0.532370
9   0.565081  0.510090  0.554440  0.535598  0.512536  0.544494
10  0.471690  0.501724  0.467605  0.516083  0.603986  0.497222
11  0.531894  0.469034  0.451773  0.509771  0.508837  0.514212
377            0         1         2         3         4         5
0   0.933578  0.658071  0.318786  0.000000  0.752508  0.041292
1   0.524504  0.313892  0.308955  0.000205  0.456986  0.000000
2   0.297879  0.000000  0.297417  0.048755  0.278285  0.053255
3   0.161142  0.142783  0.043221  0.000000  0.132762  0.087191
4   0.777938  0.685030  0.696731  0.644676  0.765372  0.528728
5   0.671933  0.464396  0.576399  0.360607  0.595534  0.482136
6   0.578079  0.598680  0.605783  0.287004  0.681616  0.191957
7   0.250091  0.167284  0.199732  0.000000  0.156053  0.140324
8   0.425849  0.491220  0.506340  0.521627  0.503883  0.502295
9   0.489871  0.401775  0.537175  0.515795  0.472142  0.507829
10  0.444494  0.447840  0.454761  0.456323  0.467299  0.473444
11  0.472039  0.470120  0.492327  0.414399  0.465577  0.467277
478            0         1         2         3         4         5
0   0.810675  0.534613  0.303121  0.000000  0.710354  0.041292
1   0.199798  0.092584  0.367543  0.000205  0.371133  0.000000
2   0.335881  0.011052  0.005641  0.140656  0.108323  0.000000
3   0.069470  0.000000  0.063802  0.037285  0.181313  0.003285
4   0.777938  0.685030  0.661411  0.636277  0.765372  0.528728
5   0.317882  0.333603  0.454559  0.266152  0.461752  0.488969
6   0.360101  0.368173  0.556442  0.278216  0.578199  0.288372
7   0.293062  0.124498  0.378670  0.008309  0.332350  0.000000
8   0.438074  0.472544  0.481993  0.454090  0.450589  0.482458
9   0.444741  0.406445  0.427367  0.464557  0.460861  0.405013
10  0.478678  0.513844  0.465641  0.459533  0.437373  0.460001
11  0.431278  0.507226  0.447743  0.426303  0.431594  0.490267
