90            0         1         2         3         4         5
0   0.066780 -0.217943  0.026059 -0.132047 -0.050705 -0.216684
1   0.305878  0.404512  0.176208 -0.326658  0.459285 -0.357007
2   0.149464 -0.070921  0.152317 -0.443419  0.412696 -0.298583
3  -0.136690 -0.345891 -0.138453 -0.413110  0.078037 -0.381759
4   0.217621  0.035004  0.101982  0.151956  0.067859 -0.071102
5   0.295173  0.013871  0.334641  0.178943  0.210806  0.188371
6   0.133209  0.233826  0.271078  0.259059  0.330583  0.245109
7   0.513277  0.354990  0.288964  0.293907  0.386126  0.364112
8   0.125489  0.000000  0.007072  0.006855  0.015806  0.006814
9   0.216216  0.037115  0.083251  0.019222  0.075470  0.012188
10  0.050954  0.041318  0.122737  0.034700  0.107895  0.045015
11  0.044962  0.047028  0.082102  0.068363  0.078215  0.072494
190            0         1         2         3         4         5
0   0.818676  0.000000  0.389042  0.032263  0.417648  0.001259
1   0.691661  0.352376  0.622073  0.000000  1.000061  0.003507
2   0.586344  0.198102  0.253670  0.000000  0.492356  0.020131
3   0.017131  0.007010  0.091620  0.006471  0.306164  0.000000
4   0.565080  0.231239  0.360532  0.280724  0.194244  0.000000
5   0.555186  0.013871  0.563747  0.404338  0.196916  0.318727
6   0.614848  0.662199  0.651269  0.431875  0.682580  0.354601
7   0.632616  0.563501  0.613896  0.621018  0.728714  0.603004
8   0.159983  0.000000  0.037187  0.025709  0.015806  0.026183
9   0.179567  0.059608  0.119407  0.036903  0.083563  0.012188
10  0.135426  0.081661  0.136174  0.057763  0.131568  0.100186
11  0.087648  0.120040  0.143284  0.135055  0.188277  0.119210
295            0         1         2         3         4         5
0   0.792958  0.000000  0.267851  0.032263  0.472176  0.001259
1   0.411904  0.340884  0.274532  0.000000  0.359982  0.003507
2   0.365001  0.187710  0.234209  0.000000  0.345503  0.020131
3   0.012400  0.007010  0.416695  0.006471  0.244378  0.000000
4   0.583887  0.517392  0.514646  0.380665  0.363148  0.000000
5   0.621189  0.013871  0.685316  0.520601  0.381057  0.449895
6   0.637867  0.782814  0.646882  0.546970  0.589532  0.384591
7   0.649093  0.540666  0.613955  0.600847  0.629435  0.506741
8   0.136661  0.000000  0.054590  0.059433  0.042214  0.037079
9   0.138997  0.157519  0.143206  0.083040  0.108105  0.012188
10  0.126892  0.106028  0.118977  0.090401  0.138553  0.133426
11  0.183171  0.135616  0.116025  0.144667  0.142119  0.122779
391            0         1         2         3         4         5
0   0.551316  0.000000  0.519529  0.032263  0.675685  0.001259
1   0.974029  0.317838  0.450599  0.000000  0.418394  0.003507
2   0.123986  0.157600  0.130543  0.000000  0.487843  0.020131
3   0.137730  0.000000  0.126670  0.041044  0.583094  0.024269
4   0.494942  0.600742  0.549088  0.480920  0.341020  0.000000
5   0.671230  0.000000  0.554498  0.402278  0.527773  0.305739
6   0.825637  0.613198  0.625887  0.594529  0.621245  0.525482
7   0.753070  0.599500  0.614027  0.536169  0.652292  0.594595
8   0.155807  0.000000  0.082625  0.113169  0.042214  0.059389
9   0.271077  0.198271  0.131495  0.130712  0.158271  0.010969
10  0.125884  0.124853  0.209760  0.161004  0.169708  0.149702
11  0.265970  0.160410  0.120156  0.154934  0.172258  0.137291
495            0         1         2         3         4         5
0   0.434351  0.000000  0.679179  0.032263  0.639838  0.001259
1   0.676534  0.466907  0.313021  0.000000  0.526627  0.003507
2   0.129119  0.381739  0.174810  0.017208  0.499228  0.000000
3   0.354510  0.000000  0.010425  0.004716  0.352762  0.124315
4   0.591379  0.554147  0.256495  0.535958  0.376005  0.000000
5   0.766546  0.000000  0.459252  0.601600  0.638175  0.406943
6   0.750079  0.659687  0.624150  0.640378  0.550796  0.628889
7   0.713768  0.691240  0.542290  0.671922  0.719034  0.654193
8   0.187663  0.000000  0.091294  0.145898  0.153904  0.059389
9   0.283723  0.239411  0.156176  0.144676  0.227742  0.033115
10  0.173788  0.165961  0.220706  0.240576  0.192129  0.185544
11  0.213467  0.228906  0.204656  0.238325  0.265061  0.220488
58            0         1         2         3         4         5
0   0.633172  0.048135  0.718726  0.032263  0.730829 -0.036570
1   0.632987  0.745760  0.531558  0.158976  0.634429 -0.002485
2   0.298566  0.339019  0.151408 -0.123873  0.396839 -0.179146
3   0.273889  0.098288  0.219664 -0.180874  0.653738 -0.153471
4   0.654089  0.554147  0.200802  0.581878  0.475671  0.211513
5   0.759198  0.170773  0.454325  0.530729  0.660874  0.540321
6   0.771383  0.315625  0.667450  0.691314  0.728878  0.582140
7   0.913145  0.692811  0.678905  0.609332  0.818382  0.639918
8   0.205865  0.000000  0.091294  0.244459  0.161240  0.115425
9   0.276357  0.222834  0.176840  0.169324  0.231397  0.051971
10  0.186959  0.190440  0.291415  0.185805  0.221419  0.228294
11  0.303046  0.239997  0.246994  0.250746  0.296870  0.251109
153            0         1         2         3         4         5
0   0.869325  0.311891  0.809459  0.117318  0.868156  0.000000
1   0.622591  0.766784  0.885987  0.411979  1.110920  0.013664
2   0.745127  0.478783  0.511158  0.033110  0.893388  0.000000
3   0.839695  0.160349  0.217407  0.041166  0.527431  0.000000
4   0.825098  0.746832  0.303268  0.538719  0.678774  0.445159
5   0.743102  0.373134  0.584293  0.610858  0.670200  0.512471
6   0.811164  0.641208  0.792810  0.779604  0.838149  0.578383
7   0.625026  0.755629  0.894499  0.855357  0.972180  0.695668
8   0.221264  0.188033  0.128204  0.227141  0.180746  0.166055
9   0.243187  0.236404  0.186800  0.188858  0.232020  0.115081
10  0.236764  0.204442  0.310232  0.196191  0.229868  0.248876
11  0.240451  0.237883  0.276928  0.231647  0.187591  0.237763
257            0         1         2         3         4         5
0   0.920151  0.319417  0.714056  0.117318  0.817042  0.000000
1   0.937050  0.755108  0.540049  0.346061  0.678747  0.013664
2   0.698215  0.644506  0.335068  0.009178  0.709917  0.000000
3   0.554948  0.162108  0.160637  0.004091  0.508452  0.000000
4   0.807869  0.757495  0.344854  0.617247  0.738689  0.551173
5   0.806709  0.743238  0.742278  0.660273  0.600451  0.649812
6   0.868107  0.690274  0.635509  0.774445  0.927945  0.582125
7   0.784999  0.799031  0.706646  0.569920  0.779548  0.683115
8   0.244319  0.196979  0.128204  0.242724  0.220174  0.305890
9   0.202677  0.219541  0.291173  0.194942  0.225516  0.154255
10  0.373074  0.338651  0.364299  0.233349  0.246539  0.256517
11  0.262268  0.237512  0.234429  0.265319  0.259955  0.252965
353            0         1         2         3         4         5
0   0.616996  0.436902  0.628372  0.210167  0.845112  0.000000
1   1.079507  0.528903  0.391986  0.144608  0.740629  0.013664
2   0.467087  0.594653  0.259134  0.009178  0.954138  0.000000
3   0.432331  0.125204  0.276167  0.004091  0.530567  0.000000
4   0.866081  0.750341  0.344854  0.638323  0.726414  0.551173
5   0.802796  0.742573  0.837445  0.475639  0.549661  0.631967
6   0.863855  0.644912  0.659729  0.731254  0.922309  0.529971
7   0.706972  0.667009  0.696529  0.733113  0.956074  0.727067
8   0.256445  0.208767  0.173298  0.261014  0.251924  0.306521
9   0.168138  0.214640  0.290668  0.245019  0.262728  0.175905
10  0.405863  0.322186  0.356290  0.281702  0.268354  0.284289
11  0.239236  0.272438  0.308407  0.264398  0.318110  0.293448
456            0         1         2         3         4         5
0   0.690256  0.318922  0.541840  0.169915  0.698608  0.000000
1   1.087362  0.398865  0.629682  0.306365  1.004674  0.013664
2   0.513349  0.576357  0.349626  0.009178  0.803217  0.000000
3   0.645833  0.188937  0.087774  0.000000  0.431724  0.016422
4   0.899510  0.603097  0.344854  0.601492  0.739057  0.675802
5   0.790042  0.822487  0.748304  0.699796  0.475498  0.665080
6   0.790578  0.705089  0.817729  0.844175  0.942718  0.251286
7   0.810729  0.823978  0.710630  0.804524  0.921432  0.769408
8   0.377854  0.218312  0.221019  0.269320  0.420926  0.311422
9   0.252040  0.248946  0.316902  0.257389  0.255271  0.257069
10  0.352702  0.316806  0.341336  0.280674  0.287758  0.246210
11  0.281534  0.275072  0.307650  0.278340  0.386491  0.321384
17            0         1         2         3         4         5
0   0.650295  0.256665  0.599137  0.169915  0.749624  0.000000
1   0.573153  0.651916  0.644786  0.457530  0.651084  0.013664
2   0.702473  0.385882  0.480165  0.009178  0.884708 -0.035096
3   0.436026  0.021713  0.128095  0.047112  0.270846 -0.056107
4   0.802649  0.616811  0.499652  0.641551  0.679716  0.660010
5   0.726632  0.788900  0.740974  0.670071  0.612618  0.640723
6   0.851021  0.633772  0.740116  0.648452  0.639695  0.251286
7   0.672258  0.671815  0.786360  0.541284  0.717186  0.429413
8   0.366606  0.218312  0.355951  0.280012  0.392199  0.316805
9   0.260927  0.269442  0.225255  0.262475  0.243310  0.272559
10  0.290073  0.307732  0.271261  0.306240  0.294434  0.262603
11  0.415491  0.321134  0.294335  0.304149  0.252435  0.333480
120            0         1         2         3         4         5
0   1.123717  0.647229  0.819620  0.165237  0.946848  0.000000
1   0.820336  0.756276  0.968720  0.178497  0.916242  0.133165
2   0.566182  0.457829  0.729266  0.116185  0.856119  0.000000
3   0.855841  0.250574  0.298122  0.054533  0.412987  0.000000
4   0.801913  0.719400  0.578378  0.626027  0.755427  0.607331
5   0.792818  0.844712  0.840142  0.669742  0.899127  0.687866
6   0.711263  0.759335  0.630213  0.663135  0.865294  0.527542
7   0.921093  0.825059  0.887307  0.840831  0.929543  0.840593
8   0.351778  0.231301  0.343765  0.297841  0.371280  0.314096
9   0.289534  0.347388  0.350495  0.250465  0.247093  0.261678
10  0.266670  0.323647  0.261589  0.397389  0.309836  0.244436
11  0.352144  0.290235  0.304491  0.276854  0.275854  0.290292
219            0         1         2         3         4         5
0   0.921351  0.737781  0.706682  0.135978  1.154716  0.000000
1   0.999348  0.686304  0.616686  0.150901  1.145766  0.088957
2   0.875146  0.538328  0.458977  0.219759  0.782360  0.000000
3   0.629962  0.664410  0.323824  0.071717  0.548280  0.000000
4   0.751958  0.679980  0.715685  0.654754  0.820988  0.660597
5   0.915270  0.939628  0.759433  0.577534  1.008564  0.808483
6   1.086880  0.943824  0.911352  0.714843  1.045928  0.842874
7   1.088780  0.816731  0.980165  0.769155  1.008186  0.830862
8   0.341213  0.217084  0.344071  0.321394  0.363363  0.331863
9   0.284076  0.341617  0.318474  0.309910  0.296405  0.285250
10  0.363569  0.330143  0.288278  0.470198  0.270645  0.258488
11  0.389844  0.334399  0.308538  0.362118  0.390632  0.227901
316            0         1         2         3         4         5
0   0.921351  0.475438  0.627820  0.135978  0.935290  0.000000
1   0.818349  0.481069  0.527009  0.263048  0.637767  0.089445
2   0.697218  0.646504  0.453527  0.219759  0.660671  0.000000
3   0.596515  0.531751  0.285948  0.050032  0.601037  0.000000
4   0.805469  0.513624  0.801360  0.654754  0.830362  0.788877
5   0.689237  0.691071  0.890209  0.241075  0.889136  0.816187
6   0.956828  0.790140  0.904404  0.819757  0.926866  0.752456
7   0.846546  0.794519  0.792100  0.693000  0.854529  0.811944
8   0.358262  0.231377  0.364390  0.358498  0.395128  0.359064
9   0.437617  0.264097  0.374342  0.347956  0.272591  0.338443
10  0.353916  0.308484  0.318347  0.396922  0.282178  0.318145
11  0.462025  0.358043  0.446607  0.435760  0.508592  0.386184
415            0         1         2         3         4         5
0   0.827572  0.355764  0.644037  0.103434  0.975194  0.000000
1   0.470986  0.614205  0.646967  0.198570  0.883469  0.037310
2   0.662677  0.626960  0.509329  0.210699  0.738521  0.000000
3   0.305525  0.203684  0.405679  0.023219  0.638406  0.000000
4   0.816784  0.513624  0.803073  0.588170  0.828730  0.706588
5   0.797560  0.765054  0.781330  0.377849  0.867381  0.597827
6   0.725630  0.804788  0.745892  0.811206  0.922872  0.545423
7   0.991099  0.739715  0.812957  0.804089  0.900598  0.790409
8   0.354876  0.231377  0.450388  0.331862  0.395343  0.367188
9   0.415408  0.284981  0.339861  0.395823  0.342368  0.328184
10  0.366461  0.356783  0.332348  0.358345  0.272166  0.346806
11  0.470620  0.397302  0.364357  0.396830  0.396862  0.354889
517            0         1         2         3         4         5
0   1.030666  0.284353  0.652308  0.082488  0.935257  0.000000
1   0.559468  0.420921  0.658216  0.227857  0.712368  0.037310
2   0.914759  0.616347  0.464631  0.161673  0.839020  0.000000
3   0.764207  0.423150  0.347632  0.000000  0.571434  0.020206
4   0.718177  0.582955  0.817307  0.537208  0.826814  0.763824
5   0.980755  0.933722  0.716563  0.563802  0.858164  0.753422
6   0.929981  0.836643  0.888054  0.749728  0.943767  0.540106
7   0.856897  0.786198  0.818033  0.647831  0.889843  0.840720
8   0.359267  0.231377  0.440865  0.304905  0.357965  0.369395
9   0.368725  0.322267  0.347523  0.418175  0.314278  0.353899
10  0.414304  0.467522  0.368435  0.353205  0.298576  0.332403
11  0.375630  0.337617  0.467530  0.401103  0.508930  0.366449
82            0         1         2         3         4         5
0   0.992458  0.545264  0.828115  0.061950  0.935257 -0.019770
1   0.751846  0.653040  0.800479  0.374281  0.974339 -0.028498
2   0.525276  0.314577  0.568023  0.026968  0.723205  0.111050
3   0.450270  0.155200  0.169170 -0.063469  0.273386 -0.072347
4   0.731499  0.672420  0.805453  0.615345  0.782889  0.774710
5   0.756098  0.806664  0.790728  0.491534  0.943700  0.765321
6   0.876255  0.668023  0.793897  0.759608  0.853015  0.720732
7   0.856509  0.757862  0.755120  0.765448  0.739203  0.807675
8   0.506340  0.280717  0.395093  0.350708  0.385602  0.368940
9   0.478212  0.341049  0.380580  0.356305  0.351483  0.282338
10  0.409962  0.363327  0.357043  0.373626  0.366372  0.354002
11  0.380221  0.419285  0.434360  0.419328  0.516852  0.421143
182            0         1         2         3         4         5
0   1.007230  0.638421  1.022963  0.034571  0.878999  0.000000
1   0.983887  0.952937  0.764623  0.239425  0.922233  0.345894
2   1.215963  0.390126  0.389904  0.016685  0.809315  0.107313
3   0.952433  0.211272  0.370574  0.000000  0.815556  0.015953
4   0.831858  0.720791  0.834917  0.663688  0.827547  0.836607
5   0.844606  0.755204  0.797465  0.521815  0.980050  0.845248
6   0.950321  0.923516  0.924415  0.852749  0.960715  0.689057
7   0.868680  0.836414  0.891591  0.658908  0.986817  0.808991
8   0.603678  0.255416  0.376644  0.382886  0.352892  0.399762
9   0.467643  0.381707  0.349039  0.405617  0.363059  0.332950
10  0.525853  0.365703  0.390381  0.403667  0.323981  0.334784
11  0.334965  0.481833  0.392525  0.425578  0.377400  0.393214
278            0         1         2         3         4         5
0   1.123146  0.572510  1.067143  0.034571  0.734216  0.000000
1   0.750739  1.026168  0.952952  0.294959  0.780314  0.284261
2   1.386740  0.372732  0.299800  0.016685  0.734612  0.091153
3   0.374175  0.223666  0.341375  0.000000  0.668581  0.015953
4   0.918353  0.749311  0.879692  0.788668  0.877848  0.910988
5   0.916972  0.747611  0.956467  0.604250  0.844385  0.928639
6   1.143120  0.889904  0.955455  0.664762  0.991006  0.843351
7   0.876183  0.814577  0.964328  0.896632  0.935989  0.864502
8   0.490808  0.301984  0.378816  0.385380  0.365163  0.405070
9   0.412709  0.366563  0.349633  0.376651  0.397199  0.343734
10  0.486149  0.374695  0.369257  0.403160  0.441006  0.351390
11  0.329331  0.398677  0.383481  0.379353  0.368660  0.393448
377            0         1         2         3         4         5
0   0.946762  0.696311  0.923956  0.034571  0.754891  0.000000
1   0.770587  0.437212  0.787730  0.170367  0.686467  0.290537
2   0.986457  0.238689  0.537926  0.016685  0.946402  0.091153
3   0.427142  0.269028  0.408101  0.000000  0.489961  0.015953
4   0.826376  0.789224  0.909268  0.841362  0.872346  0.757963
5   0.834150  0.876616  0.852545  0.624629  1.079344  0.909199
6   1.060814  0.719724  0.867510  0.634922  0.910815  0.873204
7   0.807064  0.803529  0.870475  0.872560  0.989176  0.878910
8   0.448846  0.326930  0.452123  0.383362  0.368794  0.354549
9   0.343174  0.371352  0.367366  0.373097  0.401718  0.360638
10  0.444643  0.373147  0.342446  0.353797  0.395128  0.355292
11  0.436089  0.317966  0.381179  0.349123  0.343082  0.358192
478            0         1         2         3         4         5
0   0.902709  0.640040  0.923956  0.034571  0.967773  0.000000
1   0.859052  0.607337  0.788006  0.188948  0.679387  0.249900
2   0.908411  0.248384  0.423617  0.001781  0.747347  0.091153
3   0.555965  0.212452  0.320508  0.000000  0.506779  0.015953
4   0.945165  0.672522  0.828613  0.769673  0.771817  0.700799
5   0.969582  0.872361  0.745461  0.694244  0.952851  0.790878
6   0.955398  0.796281  0.722053  0.721376  0.771028  0.841173
7   0.864988  0.856177  0.911124  0.756114  0.997541  0.923287
8   0.353681  0.309720  0.418332  0.321530  0.375096  0.324811
9   0.348440  0.342299  0.376604  0.397554  0.401490  0.365423
10  0.391795  0.367279  0.353331  0.354912  0.405856  0.330747
11  0.432232  0.363519  0.365026  0.334092  0.387924  0.348329
90            0         1         2         3         4         5
0   0.113426  0.015555 -0.005314 -0.179586  0.136465 -0.093133
1   0.670534  0.339030  0.084766 -0.241599  0.103151 -0.402856
2  -0.036649  0.023627  0.082254 -0.529019  0.123347 -0.377491
3  -0.181308 -0.150529 -0.201369 -0.368328 -0.007671 -0.305607
4  -0.035931  0.000000  0.062716  0.074257  0.000000 -0.012473
5   0.174707  0.202946  0.369901  0.114381  0.287002  0.075825
6   0.370481  0.261672  0.060087  0.228546  0.535814  0.282883
7   0.486821  0.265214  0.445112  0.362832  0.346066  0.301178
8   0.013472  0.012846  0.012414  0.007674  0.099889  0.006754
9   0.012116  0.004086  0.001673  0.008006  0.012269  0.007731
10  0.070216  0.017095  0.016114  0.021305  0.014260  0.012133
11  0.030256  0.020215  0.070179  0.023617  0.035732  0.015419
190            0         1         2         3         4         5
0   0.551537  0.353278  0.233956  0.000000  0.430940  0.030944
1   0.634452  0.454778  0.418221  0.016924  0.537349  0.000000
2   0.498184  0.323901  0.322105  0.000000  0.781503  0.024289
3   0.227995  0.000000  0.084656  0.030798  0.119127  0.013035
4   0.024038  0.000000  0.167462  0.455289  0.367502  0.279428
5   0.344163  0.486704  0.635048  0.382749  0.677985  0.277177
6   0.734359  0.386536  0.199848  0.455174  0.732830  0.539616
7   0.586940  0.620547  0.434887  0.511285  0.618364  0.453149
8   0.031467  0.029154  0.099424  0.007674  0.151414  0.006754
9   0.036438  0.006471  0.001673  0.058045  0.187416  0.046150
10  0.151652  0.042156  0.057373  0.077883  0.102858  0.070077
11  0.134853  0.069755  0.226923  0.128789  0.114496  0.082498
295            0         1         2         3         4         5
0   0.579177  0.364255  0.174966  0.000000  0.663974  0.030944
1   0.638605  0.476315  0.509247  0.016924  0.207393  0.000000
2   0.434381  0.349985  0.133338  0.000000  0.615593  0.024289
3   0.122620  0.062168  0.121186  0.000000  0.207826  0.024155
4   0.082896  0.000000  0.249832  0.391707  0.331337  0.399028
5   0.566075  0.508371  0.488405  0.568968  0.545857  0.365750
6   0.687889  0.562184  0.283053  0.345989  0.468175  0.555800
7   0.506290  0.517664  0.539687  0.524500  0.563445  0.492142
8   0.047892  0.043120  0.124078  0.007674  0.141657  0.006754
9   0.130229  0.017334  0.001506  0.111556  0.246299  0.099311
10  0.150059  0.042156  0.113845  0.126420  0.109369  0.096507
11  0.174108  0.178675  0.167511  0.144105  0.170857  0.143997
90            0         1         2         3         4         5
0   0.293194  0.420684 -0.091664  0.305681  0.202501 -0.673985
1   0.340804  0.125347  0.661146  0.026574  0.527058  0.242620
2   0.748932  0.025740  0.023166 -0.014219  0.355204 -0.035612
3   0.475533  0.038464  0.580630  0.039357  0.016348 -0.020979
4  -0.283856  0.357913 -0.157189  0.420188  0.166118  0.831978
5   0.665582  0.438974  0.133222  0.672574  0.676412  0.164569
6   0.839107  0.577941  0.297133  0.569240  0.668102  0.554456
7   0.740038  0.732251  0.755122  0.718126  0.813861  0.580314
8  -0.482211  0.476400  0.618510 -0.699290  0.453481  0.098240
9   0.281330  0.612331 -0.174536  0.618024 -0.175345  0.702307
10  0.447714  0.333760  0.772355  0.161491 -0.001895  0.248772
11  0.500230  0.685872  0.333563  0.399531  0.632411  0.356723
190            0         1         2         3         4         5
0   0.992319  0.865355  0.713508  0.683773  0.882671  0.000000
1   0.304154  0.458726  1.022355  0.020571  1.246914  0.141697
2   0.978524  0.140683  0.069481  0.009086  0.705643  0.000000
3   0.873543  0.321173  0.622061  0.017522  0.787551  0.000000
4   0.000000  0.691046  0.025079  0.680375  0.485200  0.975141
5   0.951692  0.630140  0.385383  0.862020  1.173404  0.288056
6   0.941048  0.948523  0.294948  0.925391  0.829643  0.815121
7   1.009618  0.898810  0.864078  0.921542  1.041884  0.952126
8   0.420623  0.955289  0.879125  0.000000  1.067799  0.798084
9   0.477622  0.684858  0.000000  0.590707  0.016726  0.617595
10  0.586916  0.495020  0.587366  0.350742  0.000000  0.468755
11  0.663483  0.679732  0.618582  0.725181  0.790516  0.590723
295            0         1         2         3         4         5
0   0.807178  0.796926  0.920986  0.683773  0.975063  0.000000
1   0.362402  0.420618  0.636120  0.020571  0.584083  0.295775
2   0.800029  0.134440  0.069481  0.009086  0.599884  0.000000
3   0.512875  0.363431  0.364469  0.017522  0.396750  0.000000
4   0.000000  0.691046  0.025079  0.747709  0.748923  0.962831
5   0.801856  0.657334  0.783861  0.942500  0.828065  0.345578
6   1.092256  0.841172  0.204601  0.839636  0.840245  0.784093
7   0.935958  0.844485  0.861505  0.776180  0.872587  0.836640
8   0.450383  0.819100  0.779137  0.000000  1.016225  0.705048
9   0.523166  0.611816  0.000000  0.653086  0.071929  0.564937
10  0.599055  0.517955  0.578086  0.482904  0.000000  0.448573
11  0.606194  0.631946  0.560280  0.518742  0.627180  0.568397
391            0         1         2         3         4         5
0   0.961454  0.638400  0.772183  0.454011  0.786480  0.000000
1   0.789597  0.512797  0.703208  0.002750  0.779805  0.267054
2   0.897319  0.616578  0.272120  0.000000  0.741930  0.009737
3   0.857087  0.408453  0.391843  0.007965  0.320655  0.000000
4   0.000000  0.770718  0.025079  0.779761  0.763932  0.927921
5   0.678413  0.587255  0.805815  0.705656  0.847166  0.265151
6   0.923560  0.771297  0.609142  0.802634  0.818160  0.820700
7   0.962606  0.885254  0.808011  0.757959  0.911567  0.729004
8   0.460808  0.782730  0.679865  0.000000  0.835827  0.679989
9   0.563438  0.531040  0.000000  0.591152  0.071929  0.477879
10  0.511220  0.488269  0.568265  0.572857  0.000000  0.495124
11  0.538959  0.491731  0.539431  0.457133  0.626204  0.577234
495            0         1         2         3         4         5
0   0.619915  0.694602  0.835455  0.272894  0.552765  0.000000
1   1.153426  0.616375  0.633137  0.002750  0.776458  0.212586
2   0.672458  0.662289  0.292488  0.000000  0.551990  0.009737
3   0.405707  0.357619  0.307319  0.007965  0.542061  0.000000
4   0.000000  0.793339  0.025079  0.737908  0.861916  0.873979
5   0.933410  0.672185  0.686842  0.575425  0.924616  0.203903
6   0.956055  0.660447  0.791457  0.818002  0.914156  0.746468
7   1.003848  0.784041  0.875283  0.852151  0.938489  0.790411
8   0.463117  0.750045  0.656386  0.000000  0.777507  0.630819
9   0.595791  0.511842  0.000000  0.443929  0.115445  0.516239
10  0.498320  0.498952  0.615278  0.437896  0.000000  0.461236
11  0.576991  0.517636  0.592452  0.502094  0.451698  0.508294
58            0         1         2         3         4         5
0   1.005860  0.714462  0.720501  0.120289  0.489292 -0.053360
1   1.136435  0.702533  0.761558  0.319755  0.885991  0.163869
2   0.790130  0.641212  0.749154  0.057181  0.865635 -0.059594
3   0.409321  0.525194  0.349024 -0.059472  0.580993 -0.049068
4   0.000000  0.824353  0.143501  0.769118  0.727005  0.797873
5   0.995526  0.710257  0.667900  0.714492  1.002883  0.330925
6   0.944747  0.840003  0.772505  0.819030  0.984078  0.854388
7   1.003854  0.961976  0.915145  0.690360  0.927635  0.864691
8   0.469537  0.708512  0.620010  0.000000  0.777507  0.592590
9   0.521238  0.485474  0.153237  0.451996  0.115445  0.512858
10  0.515414  0.518804  0.580050  0.452247  0.194310  0.452215
11  0.632768  0.499876  0.511767  0.544186  0.550136  0.521244
153            0         1         2         3         4         5
0   0.971072  0.753490  0.648839  0.131267  0.702633  0.000000
1   1.255738  0.983003  0.992264  0.238482  0.856336  0.088927
2   1.035834  0.855811  0.491279  0.105922  0.826733  0.000000
3   0.733422  0.452121  0.504269  0.000000  0.642206  0.082278
4   0.000000  0.762090  0.223914  0.801083  0.901641  0.761616
5   0.998597  0.725167  0.847514  0.916221  1.050915  0.597048
6   0.874325  0.916655  0.898676  0.800114  0.987506  0.916888
7   1.060145  1.028320  0.884169  0.945001  0.970457  0.988838
8   0.483403  0.570715  0.638054  0.153809  0.687212  0.555279
9   0.512956  0.412524  0.246658  0.470196  0.268839  0.530536
10  0.486618  0.457635  0.450948  0.360986  0.341659  0.467330
11  0.497034  0.501055  0.482519  0.483315  0.601358  0.494941
257            0         1         2         3         4         5
0   1.139280  0.895012  0.665764  0.158115  0.885128  0.000000
1   0.993964  0.728023  0.545675  0.278253  0.690816  0.059390
2   0.906426  0.859482  0.304307  0.086274  0.820737  0.000000
3   0.897663  0.727488  0.515342  0.000000  0.613297  0.069406
4   0.000000  0.835298  0.223914  0.852016  0.902607  0.857424
5   1.028459  0.904223  0.623174  0.883828  1.002421  0.923002
6   0.847274  0.928658  0.951239  0.906549  1.023810  0.694820
7   0.912308  0.796538  0.888357  0.862007  0.938611  0.687412
8   0.478236  0.505842  0.562636  0.209614  0.644123  0.537769
9   0.473091  0.463800  0.349376  0.421606  0.304080  0.399298
10  0.456919  0.416976  0.444378  0.412701  0.384061  0.462560
11  0.490031  0.477991  0.423899  0.475035  0.441191  0.472339
353            0         1         2         3         4         5
0   0.993393  0.924366  0.733514  0.158115  0.937262  0.000000
1   1.189983  0.452684  0.701495  0.377747  0.903037  0.037558
2   0.730011  0.578967  0.282670  0.086274  0.567439  0.000000
3   0.623857  0.428593  0.335378  0.000000  0.611638  0.043076
4   0.000000  0.763053  0.223914  0.848268  0.917666  0.759627
5   0.931771  0.895055  0.751300  0.863529  0.850993  0.877078
6   0.874738  0.873137  0.666331  0.779187  0.969956  0.655558
7   0.798758  0.765194  0.802500  0.771227  0.916561  0.748820
8   0.423010  0.499932  0.551590  0.240868  0.606615  0.526088
9   0.454459  0.493660  0.410689  0.385645  0.374024  0.442541
10  0.458466  0.497392  0.474779  0.433792  0.432912  0.437939
11  0.614443  0.485837  0.491636  0.466366  0.424195  0.446072
456            0         1         2         3         4         5
0   0.937018  0.773690  0.734719  0.215915  1.022573  0.000000
1   1.247006  0.500242  1.033400  0.222742  0.923847  0.166843
2   0.984267  0.600813  0.321364  0.055365  0.668005  0.000000
3   0.660275  0.348077  0.580893  0.000000  0.632728  0.043076
4   0.000000  0.788585  0.223914  0.825511  0.870692  0.764895
5   0.814022  0.677222  0.818022  0.657354  0.673068  0.627122
6   0.945102  0.753317  0.638065  0.836339  0.923470  0.656366
7   0.827676  0.807318  0.839424  0.781366  0.965182  0.787102
8   0.452108  0.532465  0.540440  0.276802  0.579508  0.539442
9   0.472913  0.513762  0.460410  0.522334  0.412735  0.447741
10  0.468684  0.501500  0.450445  0.490459  0.443647  0.365198
11  0.576324  0.472130  0.452977  0.482223  0.486597  0.496472
17            0         1         2         3         4         5
0   0.944306  0.537304  0.626248  0.215915  1.066850  0.000000
1   0.914117  0.844254  0.834711  0.189179  0.865986  0.102684
2   0.723733  0.819151  0.309744  0.055365  0.764675 -0.012003
3   0.579718  0.360579  0.452499 -0.019764  0.484214  0.020907
4   0.000000  0.804038  0.424824  0.847576  0.881285  0.826469
5   0.955841  0.482873  0.580631  0.810735  0.702029  0.814351
6   0.914852  0.804239  0.664782  0.751227  0.712534  0.798090
7   0.827307  0.606221  0.892490  0.826280  0.875347  0.761914
8   0.453859  0.519634  0.482659  0.307346  0.557026  0.522637
9   0.433284  0.513663  0.458721  0.457012  0.418906  0.460034
10  0.470590  0.496431  0.451705  0.488157  0.431000  0.415046
11  0.461402  0.418314  0.486936  0.407171  0.428244  0.455481
120            0         1         2         3         4         5
0   1.299211  0.758440  0.704182  0.384864  1.276346  0.000000
1   1.025702  1.026719  0.917368  0.171870  1.419639  0.077181
2   0.991652  0.624362  0.788467  0.004134  0.995817  0.176457
3   0.728648  0.643766  0.527896  0.010573  1.163952  0.000000
4   0.265817  0.823386  0.477770  0.863296  0.858479  0.830401
5   0.799201  0.900614  0.880449  0.585094  0.956411  0.865581
6   1.020160  0.892827  0.966067  0.763726  0.994417  0.665193
7   0.942135  0.997900  0.957960  0.914501  0.972472  0.909685
8   0.588077  0.500269  0.417052  0.335257  0.575040  0.502773
9   0.426173  0.410333  0.408357  0.411334  0.571909  0.436830
10  0.433725  0.443210  0.453226  0.412019  0.444499  0.397493
11  0.417741  0.410067  0.452703  0.429683  0.426233  0.305970
219            0         1         2         3         4         5
0   1.333122  0.703136  0.669371  0.279842  1.334760  0.000000
1   1.081136  1.095412  0.951565  0.254708  0.969481  0.063888
2   0.849213  0.540837  0.552824  0.004134  0.878598  0.153237
3   0.805068  0.572292  0.308526  0.010573  0.816198  0.000000
4   0.265817  0.751725  0.845724  0.790708  1.003288  0.705573
5   0.966011  0.993281  0.991749  0.774207  0.964011  0.882792
6   1.131857  0.945747  0.846665  0.830196  1.196296  0.947101
7   0.950493  1.002962  0.976364  0.758760  1.021271  0.962944
8   0.528620  0.454433  0.428397  0.379314  0.679755  0.498591
9   0.435631  0.468812  0.337851  0.433920  0.492072  0.444605
10  0.432573  0.418406  0.363773  0.372213  0.400008  0.442658
11  0.454421  0.419314  0.487424  0.444330  0.609461  0.370058
316            0         1         2         3         4         5
0   1.267958  0.641655  0.706065  0.242410  1.073145  0.000000
1   0.844518  0.491736  0.727289  0.211703  0.941202  0.073118
2   0.823107  0.831521  0.724047  0.004134  0.666007  0.176621
3   0.873504  0.286852  0.290226  0.010573  0.326701  0.000000
4   0.377510  0.662868  0.856466  0.814462  0.968164  0.779095
5   0.747302  0.835810  0.931476  0.677536  0.881536  0.727008
6   0.753052  0.966823  0.844826  0.839282  1.006238  0.943018
7   0.949026  0.834974  0.782429  0.853290  0.761114  0.601272
8   0.510431  0.457856  0.448995  0.401362  0.621362  0.498591
9   0.468204  0.575000  0.378631  0.453591  0.404512  0.464170
10  0.483035  0.383209  0.486125  0.450197  0.408034  0.398392
11  0.426120  0.450755  0.416738  0.411314  0.397539  0.481010
415            0         1         2         3         4         5
0   1.400931  0.652265  0.629047  0.174304  1.193103  0.000000
1   0.628646  0.510104  0.752100  0.177666  0.836128  0.055834
2   0.716054  0.608310  0.678312  0.004134  0.928088  0.146142
3   0.571374  0.376396  0.368973  0.000000  0.648643  0.007189
4   0.479890  0.770477  0.879664  0.847282  0.944820  0.779095
5   0.740377  0.865876  0.864464  0.661049  0.871967  0.595261
6   0.854812  1.003526  0.901954  0.694666  0.742017  0.892001
7   0.990305  0.700332  0.877858  0.893148  0.823271  0.845570
8   0.510431  0.454361  0.453423  0.403517  0.600950  0.496877
9   0.436074  0.560543  0.385598  0.413262  0.331475  0.474155
10  0.485831  0.359277  0.469965  0.445192  0.433463  0.419478
11  0.458158  0.444944  0.427906  0.447839  0.529600  0.435731
517            0         1         2         3         4         5
0   1.185248  0.691448  0.646704  0.174304  0.967159  0.000000
1   0.803760  0.743148  0.643210  0.361801  0.683278  0.041263
2   0.836079  0.440945  0.526675  0.004134  0.692190  0.207631
3   0.382161  0.364965  0.253437  0.000000  0.372432  0.007189
4   0.625353  0.687032  0.870899  0.836392  0.897495  0.791331
5   0.758079  0.687508  0.784505  0.583971  0.851522  0.732844
6   0.921624  0.847437  0.795296  0.668314  0.852280  0.551722
7   0.875827  0.795427  0.768170  0.721750  0.911070  0.851083
8   0.510084  0.454361  0.459884  0.406493  0.529568  0.452959
9   0.472664  0.554341  0.415427  0.450771  0.390117  0.477669
10  0.421917  0.392314  0.429034  0.458915  0.358701  0.415393
11  0.617825  0.413507  0.442233  0.485147  0.486200  0.374521
82            0         1         2         3         4         5
0   1.105874  0.548803  0.648520  0.132868  1.050532 -0.010759
1   1.085401  0.458952  0.802031  0.474203  1.024008 -0.027404
2   0.805523  0.460438  0.623049  0.215781  0.608147  0.216514
3   0.677424  0.051523  0.249627  0.035180  0.569192 -0.037753
4   0.753711  0.717307  0.923103  0.855004  0.903513  0.813604
5   0.891809  0.659879  0.782869  0.714558  0.992221  0.729636
6   0.800337  0.849190  0.668439  0.775943  0.914810  0.817547
7   1.007681  0.903597  0.822009  0.773321  0.871688  0.894549
8   0.503984  0.456901  0.455664  0.410562  0.551735  0.457847
9   0.490816  0.533066  0.430342  0.419949  0.444614  0.457579
10  0.419829  0.434246  0.407497  0.446034  0.485203  0.422174
11  0.557587  0.468655  0.480348  0.386051  0.581063  0.488943
182            0         1         2         3         4         5
0   1.153636  0.605841  0.804411  0.143763  1.121382  0.000000
1   1.254786  0.723134  1.077917  0.265203  1.029150  0.000000
2   1.115283  0.867709  0.647908  0.202461  0.844034  0.196745
3   0.688338  0.477337  0.608403  0.043928  0.753343  0.000000
4   0.938357  0.879196  0.895436  0.861062  0.942374  0.865868
5   0.994093  0.708181  0.853318  0.925623  1.033389  0.933989
6   1.146837  0.855158  0.881221  0.880888  0.940852  0.826132
7   1.020340  0.931713  0.942054  0.957544  1.068249  0.839781
8   0.616657  0.458603  0.454106  0.429281  0.569849  0.465190
9   0.493716  0.522682  0.394097  0.396572  0.523776  0.485194
10  0.466017  0.406416  0.433179  0.401468  0.451969  0.413615
11  0.548354  0.416690  0.447095  0.481771  0.406612  0.502776
278            0         1         2         3         4         5
0   1.263625  0.605841  0.866771  0.132894  1.045945  0.000000
1   0.906141  0.527628  0.734570  0.232468  0.958541  0.000000
2   1.430057  0.596981  0.687128  0.202461  0.915285  0.234982
3   0.504279  0.369951  0.463193  0.043928  0.688246  0.000000
4   0.985008  0.889670  0.963852  0.887221  1.020793  0.910877
5   0.858384  0.841704  0.867201  1.021340  0.886341  0.913919
6   1.043790  0.994990  0.935702  0.967429  1.087311  0.834780
7   0.925612  0.850831  1.005640  0.707841  0.932649  0.915759
8   0.725874  0.531635  0.452150  0.439201  0.494341  0.418671
9   0.470262  0.504058  0.410208  0.427019  0.446492  0.428386
10  0.470665  0.403958  0.403527  0.426287  0.462893  0.521017
11  0.403357  0.399555  0.440740  0.461536  0.400264  0.506835
377            0         1         2         3         4         5
0   1.236884  0.718049  0.964372  0.132731  0.988233  0.000000
1   0.721674  0.663869  1.011424  0.312420  0.958861  0.000000
2   1.086079  0.638342  0.542340  0.186294  0.772100  0.179169
3   0.583452  0.235772  0.279566  0.021739  0.897321  0.000000
4   0.975198  0.889249  0.985135  0.900808  0.984660  0.757782
5   1.098401  0.890706  0.776915  0.896630  0.899039  0.903099
6   0.913116  1.037082  0.866556  0.795367  0.938341  0.900064
7   0.984931  0.831441  1.080002  0.989871  1.032595  0.923799
8   0.729640  0.520407  0.448239  0.440885  0.462901  0.414343
9   0.475496  0.504062  0.393301  0.427883  0.367497  0.428386
10  0.588496  0.412273  0.440244  0.436308  0.410553  0.499215
11  0.416084  0.384703  0.429376  0.404535  0.379075  0.438863
478            0         1         2         3         4         5
0   1.157627  0.770751  1.087279  0.132731  0.842223  0.000000
1   1.045565  0.774344  0.931292  0.432245  0.739742  0.000000
2   0.840074  0.444979  0.625981  0.173127  0.814466  0.153898
3   0.803254  0.271609  0.184867  0.021739  1.066311  0.000000
4   1.057683  0.924995  1.005767  0.805145  0.932033  0.710494
5   1.127708  1.022572  0.850852  1.031411  0.994665  0.966422
6   1.148586  0.974534  0.863001  0.905566  0.987610  0.972153
7   0.959459  0.895253  1.019938  1.015619  0.933344  0.934878
8   0.596285  0.532035  0.444034  0.411582  0.572713  0.427083
9   0.501030  0.467119  0.420970  0.360986  0.413653  0.443620
10  0.447057  0.388031  0.446271  0.454963  0.433630  0.460514
11  0.512702  0.466082  0.394198  0.442195  0.378326  0.448644
