20            0         1         2         3         4         5
0   0.115359 -0.003092  0.000000 -0.098581  0.057619 -0.077667
1   0.065681  0.094413 -0.001359 -0.100009  0.172488 -0.089398
2   0.049990 -0.067900 -0.015375 -0.132265  0.171527 -0.139866
3  -0.083975 -0.195567 -0.178897 -0.197988 -0.062521 -0.196218
4   0.002572 -0.023842  0.000448  0.005115  0.016548 -0.017725
5   0.062725  0.031226 -0.023820  0.055728 -0.019486 -0.026455
6   0.069740  0.074228  0.063501  0.014114 -0.008539  0.022004
7   0.192628  0.072099  0.234929  0.029061  0.304204 -0.004887
8   0.000829  0.000003  0.002091  0.000000  0.000000  0.000000
9   0.000645  0.001008  0.017699  0.001417  0.000147  0.000000
10  0.000716  0.000711  0.000435  0.000157  0.049852  0.001338
11  0.027236  0.000966  0.000706  0.001215  0.016656  0.002177
40            0         1         2         3         4         5
0   0.147479 -0.003092  0.011542 -0.098581  0.159013 -0.077667
1   0.109652  0.232776 -0.004649 -0.100009  0.309320 -0.103383
2   0.039758 -0.121574 -0.117999 -0.148056 -0.048220 -0.139866
3  -0.243528 -0.243701 -0.243230 -0.241332 -0.030663 -0.239643
4  -0.015214 -0.023842  0.082109  0.007849  0.034842 -0.016751
5   0.101997  0.064849 -0.023820  0.054983 -0.018215 -0.026455
6   0.145893  0.177637  0.144667  0.035627 -0.008539  0.028918
7   0.377231  0.105303  0.300691  0.040061  0.481285 -0.004887
8   0.003212  0.000003  0.006697  0.000000  0.000000  0.000000
9   0.000645  0.001957  0.034191  0.001826  0.000147  0.000000
10  0.000716  0.001122  0.000435  0.000451  0.086992  0.001338
11  0.056028  0.001954  0.000706  0.002302  0.037489  0.004381
60            0         1         2         3         4         5
0   0.207627 -0.003092 -0.011443 -0.098581  0.164695 -0.077667
1  -0.010304  0.223050 -0.080464 -0.113542  0.430764 -0.103383
2   0.053822 -0.121574 -0.091571 -0.148056 -0.028566 -0.160920
3  -0.299723 -0.293503 -0.223820 -0.275055 -0.176910 -0.277154
4  -0.015214 -0.023842  0.098831  0.024646  0.060994 -0.011908
5   0.185514  0.060190 -0.023820  0.061763 -0.029194 -0.026455
6   0.174976  0.237296  0.204728  0.039573 -0.008539  0.054865
7   0.333095  0.174319  0.361802  0.127544  0.399750 -0.004887
8   0.005918  0.000003  0.012384  0.000000  0.000000  0.000000
9   0.000645  0.002395  0.078511  0.003001  0.000147  0.000000
10  0.000716  0.001181  0.000435  0.000451  0.075382  0.001338
11  0.086338  0.003615  0.000706  0.007565  0.052447  0.007100
80            0         1         2         3         4         5
0   0.174716 -0.001712  0.016250 -0.098581  0.243299 -0.077667
1   0.022284  0.220874 -0.051645 -0.113542  0.555146 -0.103383
2  -0.134144 -0.126619 -0.104001 -0.148056 -0.017629 -0.160920
3  -0.366565 -0.374784 -0.367663 -0.367801 -0.230030 -0.359485
4  -0.013956 -0.023842  0.113403  0.042954  0.072859 -0.005705
5   0.334051  0.077063 -0.020131  0.077528 -0.029194 -0.026455
6   0.261455  0.241016  0.213165  0.060314 -0.008539  0.057918
7   0.359890  0.257429  0.291007  0.119097  0.368349 -0.004887
8   0.032387  0.000003  0.021356  0.000000  0.000000  0.000000
9   0.000645  0.003084  0.087595  0.005663  0.000147  0.000000
10  0.000716  0.001181  0.001459  0.000451  0.112941  0.002746
11  0.104683  0.011584  0.001715  0.008238  0.097624  0.010723
100            0         1         2         3         4         5
0   0.146903 -0.001976 -0.017588 -0.098581  0.155439 -0.099901
1   0.103207  0.324382 -0.103340 -0.113542  0.510414 -0.103383
2  -0.166576 -0.173494 -0.169654 -0.184070  0.066340 -0.160920
3  -0.347916 -0.387502 -0.388729 -0.396277 -0.255663 -0.355620
4  -0.005230 -0.023842  0.157469  0.074726  0.139634 -0.015681
5   0.374616  0.173175 -0.020131  0.107513 -0.029194 -0.019606
6   0.367111  0.267966  0.236808  0.064261 -0.008539  0.031098
7   0.406677  0.398630  0.295058  0.192722  0.417644 -0.004887
8   0.035937  0.000003  0.027019  0.000000  0.000000  0.000000
9   0.001897  0.003084  0.088062  0.009593  0.000147  0.000000
10  0.000716  0.002243  0.001459  0.000451  0.117280  0.007530
11  0.139146  0.013063  0.002671  0.014241  0.114221  0.010616
120            0         1         2         3         4         5
0   0.226395  0.018849 -0.004954 -0.098581  0.184040 -0.099901
1   0.214613  0.335723 -0.103340 -0.113542  0.602982 -0.103383
2  -0.185007 -0.120265 -0.186045 -0.184070  0.209301 -0.182590
3  -0.436637 -0.426102 -0.438746 -0.432217 -0.320793 -0.441198
4  -0.001246 -0.023842  0.188263  0.059533  0.165100 -0.011644
5   0.498606  0.219444 -0.020131  0.084401 -0.029194 -0.011407
6   0.352500  0.242366  0.269018  0.047011 -0.008539  0.058351
7   0.450848  0.351532  0.363230  0.204138  0.435486 -0.004887
8   0.040196  0.000003  0.037508  0.000000  0.000000  0.000000
9   0.002224  0.004300  0.090252  0.017825  0.000147  0.000000
10  0.000716  0.003626  0.003779  0.000451  0.120942  0.011261
11  0.180728  0.020693  0.004302  0.023991  0.132103  0.014813
140            0         1         2         3         4         5
0   0.208390  0.005549  0.080129 -0.098581  0.349039 -0.099901
1   0.325570  0.327563 -0.103340 -0.113542  0.657743 -0.103383
2  -0.185007 -0.091944 -0.186045 -0.204689  0.210645 -0.182590
3  -0.339795 -0.459546 -0.471573 -0.475326 -0.329517 -0.477356
4   0.003518 -0.023842  0.270866  0.076206  0.193802 -0.006899
5   0.561551  0.278079 -0.020131  0.102438 -0.029194 -0.011407
6   0.424592  0.314911  0.270287  0.061536 -0.008539  0.015627
7   0.487691  0.419490  0.464856  0.245558  0.494862 -0.004887
8   0.063258  0.000003  0.048118  0.000000  0.000000  0.000000
9   0.032252  0.004300  0.105987  0.019561  0.001690  0.000000
10  0.000716  0.004612  0.006116  0.000451  0.121546  0.019794
11  0.174046  0.049053  0.007249  0.029313  0.135408  0.016208
160            0         1         2         3         4         5
0   0.266925  0.016093  0.147076 -0.098581  0.350322 -0.099901
1   0.419166  0.222276 -0.103340 -0.113542  0.539463 -0.112582
2  -0.197664 -0.059560 -0.202729 -0.204689  0.114119 -0.157893
3  -0.166359 -0.470283 -0.488684 -0.491979 -0.406444 -0.477356
4   0.003518 -0.023842  0.328688  0.084168  0.260353 -0.006899
5   0.635055  0.298708 -0.008707  0.150884 -0.029194 -0.011407
6   0.448603  0.317626  0.317014  0.044238 -0.008539  0.034014
7   0.597276  0.453500  0.463437  0.310326  0.589261 -0.004887
8   0.068114  0.000003  0.058031  0.000000  0.000000  0.000000
9   0.037520  0.004300  0.107953  0.026921  0.001690  0.000000
10  0.000716  0.005146  0.009903  0.000451  0.167559  0.023347
11  0.148571  0.057183  0.007104  0.038457  0.130287  0.043906
180            0         1         2         3         4         5
0   0.298425  0.017703  0.135251 -0.098581  0.373540 -0.099901
1   0.410549  0.225815 -0.115192 -0.113542  0.829151 -0.112582
2  -0.175022 -0.177805 -0.202729 -0.204689  0.068809 -0.177781
3  -0.358572 -0.514773 -0.488684 -0.508489 -0.367478 -0.494223
4   0.003518 -0.023842  0.349773  0.105493  0.260534 -0.032698
5   0.546513  0.315813  0.002641  0.124149 -0.029194 -0.011407
6   0.424081  0.312048  0.369181  0.049663 -0.008539  0.034014
7   0.625564  0.418390  0.476185  0.351634  0.543877 -0.004887
8   0.088512  0.000003  0.076312  0.000000  0.000000  0.000000
9   0.045164  0.004300  0.111588  0.028345  0.001690  0.000000
10  0.001697  0.006811  0.014159  0.000451  0.216916  0.028762
11  0.144153  0.066327  0.020777  0.069363  0.147093  0.055597
200            0         1         2         3         4         5
0   0.329576  0.025729  0.099905 -0.098581  0.436390 -0.099901
1   0.546887  0.251319 -0.115192 -0.113542  0.700591 -0.126962
2  -0.160291 -0.186284 -0.217904 -0.204689  0.106288 -0.197272
3  -0.395295 -0.514773 -0.515704 -0.524743 -0.459776 -0.523446
4   0.003518 -0.023842  0.386222  0.105493  0.301747 -0.032698
5   0.532302  0.368261  0.077901  0.115179 -0.029194 -0.005594
6   0.464494  0.314816  0.351657  0.059935 -0.008539  0.013607
7   0.617056  0.398735  0.479309  0.380601  0.584525 -0.004887
8   0.105301  0.000003  0.085116  0.000000  0.000000  0.000000
9   0.050132  0.004300  0.121732  0.032676  0.001690  0.000000
10  0.004778  0.009338  0.015326  0.000451  0.268027  0.035330
11  0.180254  0.096076  0.041918  0.076187  0.170989  0.067833
220            0         1         2         3         4         5
0   0.370800  0.025729  0.089422 -0.098581  0.380028 -0.099901
1   0.528942  0.334724 -0.074583 -0.113542  0.598416 -0.126962
2  -0.137981 -0.231029 -0.227667 -0.224271 -0.007618 -0.216532
3  -0.382518 -0.506759 -0.514316 -0.541093 -0.407476 -0.539852
4   0.003518 -0.023842  0.374016  0.124336  0.318295 -0.032698
5   0.566472  0.401215  0.119523  0.086989 -0.029194 -0.005594
6   0.516624  0.364283  0.342893  0.064123 -0.008539  0.024330
7   0.618235  0.528635  0.427465  0.345205  0.548796 -0.004887
8   0.107930  0.000003  0.097602  0.000000  0.000000  0.000000
9   0.054594  0.004300  0.149314  0.034716  0.001690  0.000000
10  0.004778  0.010836  0.016754  0.000451  0.245255  0.039885
11  0.184107  0.135914  0.050758  0.084881  0.183772  0.081528
240            0         1         2         3         4         5
0   0.418682  0.077725  0.209482 -0.098581  0.435120 -0.099901
1   0.592972  0.406910 -0.034111 -0.113542  0.797373 -0.126962
2  -0.216130 -0.231029 -0.247274 -0.252472  0.264281 -0.252486
3  -0.464998 -0.556328 -0.472809 -0.557384 -0.331962 -0.556205
4   0.008930 -0.018216  0.440209  0.132622  0.351094 -0.032698
5   0.594364  0.392124  0.188869  0.106158 -0.029194 -0.005594
6   0.644806  0.448148  0.419992  0.092398 -0.008539  0.034770
7   0.588348  0.501559  0.506224  0.401045  0.637863 -0.004887
8   0.114690  0.000003  0.107325  0.000000  0.000000  0.000000
9   0.059808  0.004300  0.156510  0.043378  0.030078  0.000000
10  0.006931  0.015734  0.028032  0.000451  0.247774  0.041703
11  0.219414  0.141800  0.061802  0.089810  0.176695  0.097495
260            0         1         2         3         4         5
0   0.464847  0.058770  0.240066 -0.098581  0.591403 -0.099901
1   0.581513  0.438839 -0.049284 -0.130518  0.854726 -0.126962
2  -0.103534 -0.220487 -0.247274 -0.252472  0.445611 -0.252486
3  -0.362877 -0.556328 -0.477960 -0.557384 -0.129761 -0.556205
4   0.008930 -0.018216  0.480631  0.137972  0.404636 -0.032698
5   0.664834  0.397230  0.209069  0.120396 -0.029194  0.011729
6   0.672016  0.517506  0.532945  0.121351 -0.008539  0.067707
7   0.659862  0.536917  0.568524  0.385099  0.645830 -0.004887
8   0.116392  0.000003  0.121947  0.000000  0.000000  0.000000
9   0.066900  0.004300  0.172608  0.050591  0.053133  0.000000
10  0.006931  0.015734  0.038563  0.000451  0.235743  0.050830
11  0.201621  0.146151  0.082646  0.098112  0.176531  0.107959
280            0         1         2         3         4         5
0   0.483158  0.043265  0.257248 -0.098581  0.589179 -0.099901
1   0.575037  0.400231 -0.041245 -0.130518  0.824111 -0.126962
2  -0.138979 -0.220487 -0.247274 -0.252472  0.351817 -0.252486
3  -0.304860 -0.556328 -0.536666 -0.557384 -0.170035 -0.556205
4   0.008930 -0.043402  0.488640  0.142773  0.419669 -0.032698
5   0.661704  0.427621  0.224548  0.144346 -0.029194  0.011729
6   0.697076  0.476766  0.498951  0.131225 -0.008539  0.067707
7   0.597637  0.549967  0.520657  0.439230  0.643912 -0.004887
8   0.118847  0.000003  0.126221  0.000000  0.000000  0.000000
9   0.070726  0.004300  0.185001  0.051196  0.077710  0.000000
10  0.006931  0.020536  0.044394  0.000451  0.224055  0.055994
11  0.208100  0.145771  0.116213  0.104344  0.186352  0.111000
300            0         1         2         3         4         5
0   0.412394  0.043265  0.300973 -0.098581  0.572366 -0.099901
1   0.540631  0.375190 -0.007584 -0.130518  0.782699 -0.126962
2  -0.102483 -0.178920 -0.247274 -0.252472  0.384070 -0.252486
3  -0.274991 -0.556328 -0.519410 -0.557384 -0.103868 -0.556205
4   0.021628 -0.043402  0.535092  0.150936  0.429553 -0.032698
5   0.732569  0.431858  0.258957  0.122388 -0.029194  0.023910
6   0.704172  0.522120  0.484945  0.163632 -0.008539  0.103115
7   0.683864  0.579679  0.594701  0.452070  0.684779 -0.004887
8   0.121304  0.000003  0.130299  0.000000  0.000000  0.000000
9   0.078189  0.004257  0.192367  0.058202  0.084490  0.000000
10  0.008828  0.025246  0.052122  0.000451  0.217084  0.073049
11  0.227401  0.149482  0.130703  0.113860  0.226911  0.117268
320            0         1         2         3         4         5
0   0.502095  0.046326  0.300973 -0.098581  0.624271 -0.099901
1   0.735239  0.399621 -0.060760 -0.130518  0.780580 -0.126962
2   0.064761 -0.174449 -0.247274 -0.252472  0.287083 -0.252486
3  -0.398139 -0.556328 -0.549759 -0.557384 -0.127100 -0.556205
4   0.028246 -0.043402  0.539186  0.161999  0.483978 -0.032698
5   0.702092  0.458368  0.266841  0.135130 -0.029194  0.038060
6   0.771491  0.616969  0.412025  0.157207 -0.008539  0.113831
7   0.721409  0.637679  0.623715  0.532689  0.807579 -0.004887
8   0.123693  0.000003  0.135040  0.000000  0.000000  0.000000
9   0.084462  0.004257  0.192084  0.063096  0.123523  0.000000
10  0.013478  0.028488  0.059776  0.000451  0.219004  0.085358
11  0.226441  0.149647  0.133549  0.124802  0.225823  0.127031
340            0         1         2         3         4         5
0   0.483513  0.105248  0.309698 -0.098581  0.677946 -0.099901
1   0.748389  0.471278 -0.042284 -0.130518  0.797928 -0.126962
2   0.052538 -0.155937 -0.225553 -0.252472  0.270919 -0.252486
3  -0.471516 -0.556328 -0.412089 -0.557384 -0.192961 -0.556205
4   0.038865 -0.043402  0.558452  0.177022  0.466526 -0.032698
5   0.701165  0.465718  0.299712  0.173454 -0.029194  0.069586
6   0.705485  0.606650  0.467723  0.183515 -0.008539  0.136262
7   0.755353  0.589382  0.729564  0.587958  0.786951 -0.004887
8   0.169664  0.000003  0.143464  0.000000  0.000000  0.000000
9   0.086015  0.004257  0.188083  0.063096  0.126257  0.000000
10  0.016733  0.034716  0.070777  0.001751  0.207083  0.121629
11  0.258605  0.158296  0.143418  0.137812  0.254445  0.134153
