
20            0         1         2         3         4         5
0  -0.531867 -0.721052  0.134314 -0.706846  0.292706 -0.955643
1   0.338439 -0.493265  0.693972  0.087549 -0.628895 -0.192180
2  -0.075840 -0.134046  0.780106  0.321825 -0.803035 -0.813172
3   0.794660  0.667260 -0.119370 -0.466155 -0.738207  0.721963
4   0.609550  0.152314 -0.355708  0.042426 -0.959887 -0.031947
5  -0.220340 -0.553816 -0.610109  0.873826 -0.513838  0.058040
6  -0.026541 -0.442052 -0.594037  0.052576 -0.192546  0.542249
7   0.620630 -0.018108 -0.132528  0.454798  0.573245  0.779274
8  -0.269011 -0.770881 -0.168129  0.701088  0.737966  0.688708
9  -0.331101 -0.135148 -0.509957  0.635661 -0.633434 -0.317518
10  0.616701  0.596761  0.155684  0.577144 -0.316791 -0.357782
11  0.830734  0.502313 -0.704795  0.264229 -0.704747 -0.564429
40            0         1         2         3         4         5
0  -0.510907 -0.694435  0.123807 -0.685998  0.332516 -0.955643
1   0.434076 -0.422239  0.660183  0.035182 -0.628895 -0.199663
2  -0.019527 -0.126788  0.764199  0.231174 -0.803035 -0.813172
3   0.784987  0.604336 -0.096762 -0.446635 -0.738207  0.618723
4   0.613001  0.206162 -0.355708  0.054923 -0.959887  0.000957
5  -0.131106 -0.553816 -0.610109  0.771806 -0.470768  0.180858
6   0.141370 -0.366032 -0.594037  0.119737 -0.062839  0.571840
7   0.709823  0.092696 -0.132528  0.543792  0.701021  0.679229
8  -0.251562 -0.770881 -0.166448  0.689271  0.724139  0.671445
9  -0.251049 -0.076352 -0.489314  0.625756 -0.633434 -0.265519
10  0.610276  0.599545  0.174144  0.587534 -0.308071 -0.357782
11  0.737783  0.529174 -0.704795  0.365617 -0.704747 -0.551848
60            0         1         2         3         4         5
0  -0.489845 -0.671904  0.149987 -0.679444  0.348845 -0.955643
1   0.447240 -0.377277  0.647717  0.041391 -0.628895 -0.175443
2   0.016092 -0.095283  0.726982  0.208719 -0.803035 -0.813172
3   0.752175  0.588901 -0.080079 -0.445503 -0.738207  0.532224
4   0.608090  0.227861 -0.345524  0.073350 -0.959887  0.040122
5   0.062536 -0.539007 -0.610109  0.730484 -0.451886  0.240080
6   0.159395 -0.353860 -0.594037  0.147079 -0.048276  0.577078
7   0.715210  0.244985 -0.132528  0.589915  0.706274  0.649537
8  -0.225779 -0.770881 -0.159286  0.683816  0.723410  0.669772
9  -0.171509 -0.037334 -0.468610  0.607651 -0.633434 -0.208797
10  0.610186  0.601364  0.176115  0.584495 -0.308071 -0.357782
11  0.692514  0.554334 -0.704795  0.438757 -0.704747 -0.493978
80            0         1         2         3         4         5
0  -0.469356 -0.668776  0.153482 -0.679444  0.358629 -0.955643
1   0.480841 -0.307640  0.698387  0.012797 -0.628895 -0.169422
2   0.089948 -0.045679  0.671416  0.173570 -0.803035 -0.813172
3   0.678649  0.544142 -0.059111 -0.429785 -0.738207  0.450337
4   0.608579  0.253964 -0.335562  0.106697 -0.959887  0.068531
5   0.118149 -0.526109 -0.610109  0.706516 -0.440996  0.280866
6   0.232702 -0.349734 -0.594037  0.208100  0.035724  0.571895
7   0.714155  0.445530 -0.132528  0.596057  0.712211  0.642804
8  -0.210017 -0.770881 -0.141415  0.680125  0.719485  0.660862
9  -0.113888 -0.001004 -0.447792  0.599444 -0.633434 -0.163247
10  0.616371  0.601012  0.192646  0.585475 -0.299589 -0.357782
11  0.633385  0.557531 -0.704795  0.451885 -0.704747 -0.371163
100            0         1         2         3         4         5
0  -0.455464 -0.668776  0.151813 -0.679444  0.385894 -0.955643
1   0.501185 -0.279197  0.638297  0.006979 -0.628895 -0.176698
2   0.111303 -0.025277  0.654381  0.165908 -0.803035 -0.813172
3   0.620094  0.470494 -0.046120 -0.405940 -0.738207  0.345459
4   0.621476  0.260541 -0.336689  0.131010 -0.959887  0.114818
5   0.243170 -0.488688 -0.610109  0.682837 -0.409645  0.324946
6   0.268160 -0.322199 -0.594037  0.246840  0.099991  0.573676
7   0.718133  0.589114 -0.132528  0.612928  0.709283  0.650213
8  -0.194794 -0.770881 -0.107415  0.672893  0.710155  0.655064
9  -0.061339  0.037428 -0.428326  0.577700 -0.633434 -0.156205
10  0.600516  0.602679  0.210342  0.582891 -0.299589 -0.357782
11  0.594799  0.548642 -0.704795  0.464626 -0.704747 -0.322919
120            0         1         2         3         4         5
0  -0.445247 -0.625075  0.187369 -0.672919  0.408495 -0.955643
1   0.511033 -0.249378  0.614851 -0.004232 -0.628895 -0.168078
2   0.206697  0.002559  0.621449  0.104467 -0.803035 -0.813172
3   0.592764  0.449192 -0.057790 -0.404599 -0.738207  0.292041
4   0.619343  0.267475 -0.322422  0.140172 -0.959887  0.150391
5   0.279781 -0.462574 -0.610109  0.622634 -0.377029  0.325861
6   0.310338 -0.276009 -0.594037  0.281555  0.195432  0.583926
7   0.697764  0.640120 -0.132528  0.625165  0.746579  0.637770
8  -0.156279 -0.770881 -0.101000  0.661766  0.703756  0.651316
9  -0.048590  0.065262 -0.418880  0.570768 -0.633434 -0.128345
10  0.588106  0.597209  0.215688  0.569198 -0.299589 -0.357782
11  0.576294  0.529491 -0.704795  0.465770 -0.704747 -0.197139
140            0         1         2         3         4         5
0  -0.445247 -0.620720  0.219766 -0.672919  0.404335 -0.955643
1   0.572100 -0.184335  0.655195  0.030814 -0.628895 -0.140517
2   0.281454  0.075271  0.581616  0.102746 -0.803035 -0.813172
3   0.601532  0.404847 -0.046031 -0.401275 -0.738207  0.183482
4   0.613249  0.308806 -0.322422  0.166571 -0.959887  0.176409
5   0.326316 -0.385321 -0.610109  0.613474 -0.291939  0.337277
6   0.376014 -0.221650 -0.594037  0.349074  0.274387  0.600201
7   0.702095  0.655457 -0.132528  0.610534  0.753931  0.643649
8  -0.149548 -0.770881 -0.093909  0.658673  0.679903  0.647229
9  -0.013233  0.086528 -0.381718  0.560850 -0.633434 -0.071139
10  0.595780  0.595734  0.235494  0.548215 -0.299589 -0.357782
11  0.561826  0.529825 -0.704795  0.447434 -0.704747 -0.095351
160            0         1         2         3         4         5
0  -0.411863 -0.605718  0.212290 -0.659043  0.430661 -0.955643
1   0.626880 -0.137054  0.644413  0.010278 -0.628895 -0.141093
2   0.281717  0.084155  0.544279  0.077959 -0.803035 -0.813172
3   0.555250  0.349220 -0.027776 -0.365600 -0.738207  0.151127
4   0.628311  0.319373 -0.274098  0.186437 -0.959887  0.197398
5   0.400318 -0.330955 -0.610109  0.606625 -0.187469  0.373407
6   0.405043 -0.160960 -0.594037  0.354220  0.341861  0.604620
7   0.712683  0.650296 -0.132528  0.616496  0.702951  0.619414
8  -0.129029 -0.770881 -0.069931  0.645835  0.667308  0.628530
9   0.052557  0.133787 -0.354802  0.550133 -0.633434 -0.030566
10  0.591075  0.585919  0.247298  0.542682 -0.299589 -0.357782
11  0.529696  0.525515 -0.704795  0.465776 -0.704747  0.014315
180            0         1         2         3         4         5
0  -0.408144 -0.581903  0.224282 -0.659043  0.439079 -0.955643
1   0.616977 -0.031715  0.645739  0.007661 -0.628895 -0.141927
2   0.365726  0.088616  0.525489  0.084453 -0.803035 -0.813172
3   0.525102  0.325148 -0.033594 -0.354789 -0.738207  0.138797
4   0.633016  0.328801 -0.243619  0.195109 -0.959887  0.201601
5   0.422823 -0.302283 -0.610109  0.593089 -0.153246  0.377578
6   0.420665 -0.095931 -0.594037  0.374922  0.364006  0.608486
7   0.684386  0.593367 -0.132528  0.584128  0.651586  0.577482
8  -0.123056 -0.770881 -0.063935  0.635815  0.660853  0.624909
9   0.117529  0.151116 -0.330480  0.544866 -0.633434 -0.014986
10  0.577985  0.577451  0.256556  0.535363 -0.296593 -0.357782
11  0.523650  0.488961 -0.704795  0.467498 -0.704747  0.113873
200            0         1         2         3         4         5
0  -0.391413 -0.562347  0.247339 -0.659043  0.479517 -0.955643
1   0.624182  0.031195  0.580506 -0.002319 -0.628895 -0.146575
2   0.392789  0.131639  0.468926  0.083524 -0.803035 -0.813172
3   0.460577  0.273565 -0.024710 -0.353066 -0.738207  0.086873
4   0.631352  0.334219 -0.218808  0.200398 -0.959887  0.208936
5   0.447111 -0.216088 -0.610109  0.574845 -0.122598  0.385974
6   0.454036 -0.047064 -0.594037  0.403478  0.400356  0.603280
7   0.683550  0.603840 -0.132528  0.566846  0.674739  0.575452
8  -0.110594 -0.770881 -0.039463  0.619913  0.655808  0.621675
9   0.151483  0.183715 -0.310863  0.538057 -0.633434  0.017507
10  0.571874  0.571342  0.264520  0.532923 -0.280879 -0.357782
11  0.502304  0.478623 -0.704795  0.460187 -0.704747  0.185536
220            0         1         2         3         4         5
0  -0.375912 -0.551992  0.238385 -0.652368  0.437996 -0.955643
1   0.603620  0.067855  0.520562 -0.006678 -0.628895 -0.145680
2   0.386675  0.120788  0.462275  0.057279 -0.803035 -0.813172
3   0.425779  0.220308 -0.018921 -0.354753 -0.738207  0.038240
4   0.628412  0.341606 -0.195823  0.200398 -0.959887  0.235280
5   0.452412 -0.117404 -0.610109  0.549061 -0.056794  0.419278
6   0.474682 -0.008744 -0.594037  0.430168  0.419426  0.570013
7   0.646416  0.623114 -0.132528  0.570600  0.648488  0.551382
8  -0.097917 -0.770881 -0.034391  0.609414  0.645761  0.610795
9   0.175528  0.211239 -0.239247  0.509918 -0.633434  0.043030
10  0.569223  0.557093  0.272580  0.528956 -0.280879 -0.357782
11  0.514493  0.475388 -0.704795  0.442213 -0.704747  0.244612
240            0         1         2         3         4         5
0  -0.331794 -0.544072  0.289009 -0.633353  0.452421 -0.955643
1   0.656094  0.123999  0.540484 -0.028298 -0.628895 -0.150937
2   0.408616  0.150419  0.467455  0.006876 -0.803035 -0.813172
3   0.462197  0.151067  0.021583 -0.329054 -0.738207 -0.010238
4   0.632114  0.349464 -0.173467  0.226686 -0.959887  0.255621
5   0.504614 -0.081231 -0.610109  0.538542 -0.008142  0.437537
6   0.493163  0.061451 -0.594037  0.449840  0.439244  0.563771
7   0.653840  0.614022 -0.132528  0.567280  0.693937  0.562944
8  -0.080345 -0.770881 -0.017556  0.588004  0.639593  0.600699
9   0.212939  0.234291 -0.193289  0.506974 -0.633434  0.063324
10  0.562251  0.540474  0.279872  0.524401 -0.280879 -0.357782
11  0.504640  0.468855 -0.704795  0.437649 -0.704747  0.288835
260            0         1         2         3         4         5
0  -0.307407 -0.482396  0.312128 -0.587755  0.451861 -0.955643
1   0.643551  0.143876  0.506164 -0.042570 -0.628895 -0.155319
2   0.432612  0.161094  0.444238 -0.011404 -0.793595 -0.813172
3   0.434349  0.147914  0.040051 -0.316776 -0.738207 -0.020568
4   0.633739  0.367513 -0.124331  0.253317 -0.959887  0.284916
5   0.553148 -0.007079 -0.610109  0.544161  0.089708  0.437430
6   0.539073  0.099068 -0.594037  0.478820  0.468527  0.569922
7   0.663688  0.629531 -0.132528  0.590232  0.713743  0.572949
8  -0.068378 -0.770881  0.006974  0.581091  0.626281  0.592416
9   0.242383  0.246420 -0.161749  0.494968 -0.633434  0.108841
10  0.566670  0.546362  0.287035  0.514276 -0.264672 -0.357782
11  0.484151  0.468821 -0.704795  0.431038 -0.704747  0.324418
280            0         1         2         3         4         5
0  -0.293606 -0.466741  0.307645 -0.587755  0.454883 -0.955643
1   0.629275  0.160245  0.495608 -0.046044 -0.628895 -0.145194
2   0.421073  0.158434  0.381885 -0.016190 -0.787201 -0.813172
3   0.396610  0.131135  0.033098 -0.321602 -0.738207 -0.034844
4   0.629726  0.373650 -0.102293  0.275221 -0.959887  0.298264
5   0.556334  0.023906 -0.610109  0.537982  0.127937  0.432422
6   0.537733  0.112460 -0.594037  0.477836  0.478086  0.569352
7   0.649284  0.614812 -0.132528  0.537447  0.660745  0.578418
8  -0.068378 -0.770881  0.011275  0.564036  0.622402  0.589893
9   0.248121  0.257090 -0.141497  0.490863 -0.633434  0.131550
10  0.553965  0.543246  0.291252  0.512427 -0.264672 -0.357782
11  0.463953  0.439829 -0.704795  0.426518 -0.704747  0.350314
300            0         1         2         3         4         5
0  -0.281506 -0.419949  0.301186 -0.567861  0.476830 -0.955643
1   0.626929  0.204485  0.476687 -0.045361 -0.628895 -0.150126
2   0.404403  0.171253  0.379535 -0.024597 -0.787201 -0.813172
3   0.404564  0.122660  0.054426 -0.311121 -0.738207 -0.057861
4   0.616098  0.382389 -0.093892  0.280730 -0.959887  0.308493
5   0.574502  0.092007 -0.610109  0.529357  0.165709  0.426492
6   0.542377  0.151732 -0.594037  0.451987  0.507445  0.572918
7   0.678209  0.610100 -0.132528  0.538946  0.626849  0.567834
8  -0.057069 -0.770881  0.030460  0.553291  0.613595  0.585556
9   0.263769  0.279872 -0.134637  0.471716 -0.633434  0.147430
10  0.556330  0.529881  0.300943  0.502012 -0.250357 -0.357782
11  0.445597  0.433121 -0.704795  0.425126 -0.704747  0.358072
320            0         1         2         3         4         5
0  -0.281506 -0.400219  0.291418 -0.566192  0.480698 -0.955643
1   0.610324  0.214978  0.445238 -0.055279 -0.628895 -0.146855
2   0.372684  0.181725  0.321955 -0.042206 -0.787201 -0.813172
3   0.429198  0.103473  0.067461 -0.314691 -0.738207 -0.086399
4   0.628439  0.390510 -0.069034  0.275518 -0.959887  0.321639
5   0.613376  0.129647 -0.610109  0.533589  0.207350  0.426622
6   0.540147  0.188388 -0.594037  0.456914  0.524618  0.578777
7   0.667744  0.604142 -0.132528  0.550952  0.641773  0.570798
8  -0.041618 -0.770881  0.042075  0.543538  0.594052  0.585235
9   0.293390  0.285749 -0.114445  0.461548 -0.633434  0.176338
10  0.555965  0.519473  0.307869  0.487988 -0.250357 -0.357782
11  0.446246  0.431346 -0.704795  0.408903 -0.704747  0.360567
340            0         1         2         3         4         5
0  -0.246061 -0.368646  0.295189 -0.559549  0.503126 -0.955643
1   0.637141  0.266418  0.438356 -0.049496 -0.628895 -0.135107
2   0.356584  0.154599  0.341293 -0.044678 -0.767460 -0.813172
3   0.395279  0.061023  0.100258 -0.318362 -0.738207 -0.108640
4   0.627498  0.396512 -0.062444  0.292927 -0.959887  0.337210
5   0.597434  0.167694 -0.610109  0.537326  0.234093  0.435375
6   0.551503  0.219105 -0.594037  0.472211  0.536468  0.581692
7   0.659782  0.566762 -0.132528  0.568188  0.689215  0.562425
8  -0.025635 -0.770881  0.045660  0.537361  0.592123  0.583525
9   0.295041  0.290682 -0.099117  0.457960 -0.633434  0.193640
10  0.537822  0.498970  0.326888  0.481365 -0.242515 -0.357782
11  0.441445  0.416209 -0.704795  0.399921 -0.704747  0.369242
360            0         1         2         3         4         5
0  -0.225260 -0.346279  0.313474 -0.557340  0.549441 -0.955643
1   0.657312  0.328211  0.447494 -0.077319 -0.628895 -0.149731
2   0.422936  0.181227  0.345812 -0.064013 -0.767460 -0.813172
3   0.360687  0.050399  0.085881 -0.323356 -0.738207 -0.127359
4   0.629375  0.408934 -0.019219  0.309359 -0.959887  0.358048
5   0.600156  0.215779 -0.610109  0.547247  0.282580  0.437413
6   0.579987  0.274992 -0.594037  0.490882  0.567648  0.560401
7   0.671135  0.586344 -0.132528  0.583727  0.686761  0.546241
8  -0.012119 -0.770881  0.058590  0.530881  0.573138  0.573152
9   0.310055  0.297420 -0.081709  0.443103 -0.633434  0.218273
10  0.535768  0.480770  0.327430  0.475799 -0.228562 -0.357782
11  0.441213  0.416243 -0.704795  0.402173 -0.704747  0.378668
380            0         1         2         3         4         5
0  -0.195853 -0.334777  0.295750 -0.554444  0.557011 -0.955643
1   0.655731  0.322788  0.438044 -0.055783 -0.628895 -0.150911
2   0.422152  0.185372  0.323553 -0.086439 -0.767460 -0.813172
3   0.379667  0.077843  0.130933 -0.317539 -0.738207 -0.132035
4   0.627579  0.420942  0.002736  0.328244 -0.959887  0.363311
5   0.598411  0.234641 -0.610109  0.513792  0.314157  0.463424
6   0.583126  0.286851 -0.594037  0.489577  0.580921  0.551975
7   0.630883  0.600883 -0.132528  0.555285  0.637144  0.563750
8  -0.003966 -0.770881  0.062813  0.512909  0.566098  0.566471
9   0.310641  0.303477 -0.066698  0.433835 -0.633434  0.247606
10  0.531420  0.474327  0.325552  0.473881 -0.228562 -0.357782
11  0.442833  0.408091 -0.704795  0.392811 -0.704747  0.375502
400            0         1         2         3         4         5
0  -0.167936 -0.334777  0.300143 -0.553066  0.545757 -0.955643
1   0.663491  0.332111  0.440847 -0.054523 -0.628895 -0.142318
2   0.428234  0.155847  0.332481 -0.082733 -0.713472 -0.813172
3   0.373659  0.097948  0.129372 -0.318699 -0.738207 -0.137182
4   0.622167  0.423556  0.023065  0.332749 -0.959887  0.371442
5   0.597693  0.231519 -0.610109  0.506046  0.325798  0.453957
6   0.599561  0.281187 -0.594037  0.484583  0.581554  0.554216
7   0.616220  0.564975 -0.132528  0.548916  0.642476  0.530458
8   0.005555 -0.770881  0.069308  0.509231  0.555692  0.558739
9   0.311499  0.306918 -0.062046  0.426632 -0.633434  0.260599
10  0.516523  0.464095  0.338193  0.462699 -0.221494 -0.357782
11  0.432360  0.401138 -0.704795  0.385388 -0.704747  0.374456
420            0         1         2         3         4         5
0  -0.158432 -0.329401  0.305829 -0.553066  0.537190 -0.955643
1   0.680429  0.365928  0.395225 -0.077405 -0.628895 -0.153951
2   0.422085  0.144476  0.297813 -0.071398 -0.713472 -0.813172
3   0.406203  0.075528  0.129934 -0.318005 -0.738207 -0.157580
4   0.622526  0.432295  0.034014  0.342502 -0.959887  0.369513
5   0.602681  0.257211 -0.610109  0.495496  0.375013  0.475340
6   0.615929  0.323040 -0.594037  0.492256  0.588403  0.557527
7   0.675992  0.594168 -0.132528  0.570024  0.643476  0.523394
8   0.012977 -0.770881  0.084471  0.500471  0.551980  0.554742
9   0.314734  0.314200 -0.029041  0.424385 -0.633434  0.266937
10  0.497901  0.455689  0.348934  0.448495 -0.214690 -0.357782
11  0.420522  0.398681 -0.704795  0.385236 -0.704747  0.372741
