20            0         1         2         3         4         5
0   0.132040  0.587854 -0.131291  0.220318  0.681478  0.967779
1   0.501470 -0.730330 -0.299900 -0.062885  0.824443 -0.944155
2  -0.531512  0.591479  0.245534 -0.590331 -0.289642 -0.085644
3   0.429297  0.611399  0.007634 -0.524893 -0.201279 -0.575328
4   0.380750  0.025891 -0.746657  0.427230  0.548587  0.415502
5   0.517287  0.475253 -0.121253 -0.440654  0.674766  0.615678
6  -0.372394 -0.252461 -0.199892  0.213943 -0.641691  0.653786
7   0.149407 -0.419048  0.744345 -0.701231  0.921503  0.323671
8   0.815748  0.428871 -0.560269  0.615536  0.925762  0.418326
9  -0.022941 -0.653989  0.197122 -0.216422  0.922177  0.276750
10  0.386537  0.986973  0.044416  0.419155 -0.478566  0.589291
11  0.124073 -0.510571  0.313407 -0.648702  0.569985  0.885752
40            0         1         2         3         4         5
0   0.132040  0.587854 -0.131291  0.220318  0.681478  0.967779
1   0.536152 -0.633680 -0.180791 -0.071139  0.687529 -0.944155
2  -0.495000  0.517590  0.240764 -0.590331 -0.167856 -0.113764
3   0.429297  0.611399  0.007634 -0.524893 -0.201279 -0.575328
4   0.560365  0.308263 -0.746657  0.533206  0.717916  0.539844
5   0.588288  0.534832  0.002627 -0.440654  0.705489  0.613461
6  -0.372394 -0.252461 -0.199892  0.213943 -0.641691  0.653786
7   0.374810 -0.311943  0.713273 -0.701231  0.841517  0.496523
8   0.806169  0.483213 -0.560269  0.622542  0.889008  0.471363
9  -0.022941 -0.653989  0.197122 -0.216422  0.922177  0.276750
10  0.386537  0.986973  0.044416  0.419155 -0.478566  0.589291
11  0.124073 -0.510571  0.313407 -0.648702  0.569985  0.885752
60            0         1         2         3         4         5
0   0.132040  0.589978 -0.131291  0.220318  0.685873  0.963512
1   0.566676 -0.526222  0.064872 -0.054217  0.603560 -0.944155
2  -0.495000  0.473686  0.232894 -0.590331 -0.169842 -0.113406
3   0.433567  0.599368  0.039755 -0.524893 -0.156706 -0.575328
4   0.648964  0.494837 -0.746657  0.598482  0.738812  0.603494
5   0.583573  0.538910  0.030972 -0.440654  0.707385  0.615694
6  -0.372394 -0.233486 -0.184266  0.226293 -0.641691  0.645666
7   0.524366 -0.103840  0.701522 -0.701231  0.781769  0.564059
8   0.802198  0.501204 -0.560269  0.635590  0.867154  0.472470
9  -0.022941 -0.653989  0.197122 -0.216422  0.922177  0.276750
10  0.386537  0.986973  0.044416  0.419155 -0.478566  0.589291
11  0.124073 -0.510571  0.313407 -0.648702  0.569985  0.885752
80            0         1         2         3         4         5
0   0.132040  0.589978 -0.131291  0.220318  0.685873  0.963512
1   0.598851 -0.418774  0.104892 -0.054595  0.578895 -0.944155
2  -0.491912  0.364643  0.242406 -0.590331 -0.094166 -0.117662
3   0.433567  0.599368  0.039755 -0.524893 -0.156706 -0.575328
4   0.690007  0.573462 -0.746657  0.631440  0.758044  0.636113
5   0.605242  0.539037  0.162988 -0.440654  0.727396  0.579786
6  -0.342312 -0.233486 -0.176613  0.224030 -0.641691  0.645020
7   0.589405  0.093138  0.670333 -0.701231  0.739533  0.583032
8   0.791690  0.545006 -0.560269  0.670102  0.814489  0.531404
9  -0.022941 -0.653989  0.197122 -0.216422  0.922177  0.276750
10  0.386537  0.986973  0.044416  0.419155 -0.478566  0.589291
11  0.124073 -0.510571  0.313407 -0.648702  0.569985  0.885752
100            0         1         2         3         4         5
0   0.132040  0.589978 -0.131291  0.220318  0.685873  0.963512
1   0.588242 -0.241538  0.157972 -0.069992  0.556480 -0.944155
2  -0.465613  0.338898  0.301076 -0.590331 -0.084920 -0.108960
3   0.433567  0.599368  0.039755 -0.524893 -0.156706 -0.575328
4   0.737058  0.646364 -0.746657  0.658210  0.775484  0.664656
5   0.605075  0.548158  0.182779 -0.440654  0.728946  0.574922
6  -0.331586 -0.233486 -0.176613  0.224030 -0.641691  0.645020
7   0.602289  0.232240  0.643071 -0.701231  0.639659  0.567804
8   0.777266  0.559268 -0.560269  0.676743  0.809324  0.536088
9  -0.022941 -0.653989  0.197122 -0.216422  0.922177  0.276750
10  0.386537  0.986973  0.044416  0.419155 -0.478566  0.589291
11  0.124073 -0.510571  0.313407 -0.648702  0.569985  0.885752
120            0         1         2         3         4         5
0   0.132040  0.589473 -0.131291  0.220318  0.685873  0.963512
1   0.585402 -0.203855  0.163498 -0.042356  0.576889 -0.944155
2  -0.395639  0.243756  0.295513 -0.590331  0.003701 -0.171698
3   0.433567  0.589731  0.039755 -0.524893 -0.156706 -0.575328
4   0.731724  0.667941 -0.746657  0.661393  0.767386  0.671173
5   0.621637  0.575873  0.343560 -0.440654  0.709309  0.562083
6  -0.326433 -0.233486 -0.176613  0.224030 -0.641691  0.644375
7   0.598233  0.290614  0.616812 -0.701231  0.614659  0.543152
8   0.733512  0.590846 -0.560269  0.676141  0.744609  0.569766
9  -0.022941 -0.653989  0.197122 -0.216422  0.922177  0.276750
10  0.386537  0.986973  0.044416  0.419155 -0.478566  0.589291
11  0.124073 -0.510571  0.313407 -0.648702  0.569985  0.885752
140            0         1         2         3         4         5
0   0.132040  0.589473 -0.131291  0.220318  0.685873  0.963512
1   0.591743 -0.039818  0.244589 -0.032757  0.561572 -0.944155
2  -0.327856  0.252229  0.301829 -0.590331  0.123509 -0.169219
3   0.433567  0.589731  0.039755 -0.524893 -0.156706 -0.575328
4   0.767127  0.716264 -0.746657  0.678330  0.796185  0.683300
5   0.637058  0.577174  0.384364 -0.440654  0.690472  0.554571
6  -0.326433 -0.233486 -0.176613  0.224030 -0.641691  0.644375
7   0.596099  0.336803  0.590603 -0.701231  0.581313  0.529313
8   0.712068  0.583029 -0.560269  0.653111  0.710949  0.588096
9  -0.022941 -0.653989  0.197122 -0.216422  0.922177  0.276750
10  0.386537  0.986973  0.044416  0.419155 -0.478566  0.589291
11  0.124073 -0.510571  0.313407 -0.648702  0.569985  0.885752
160            0         1         2         3         4         5
0   0.132040  0.589473 -0.131291  0.220318  0.685873  0.963512
1   0.632924  0.074952  0.289735 -0.021053  0.611931 -0.944155
2  -0.327856  0.252229  0.308330 -0.590331  0.123509 -0.171319
3   0.433567  0.589731  0.039755 -0.524893 -0.156706 -0.575328
4   0.800671  0.743828 -0.746657  0.696526  0.817061  0.706267
5   0.627089  0.577883  0.390060 -0.440654  0.689782  0.555233
6  -0.326433 -0.233486 -0.176613  0.224030 -0.641691  0.644375
7   0.561829  0.394343  0.548246 -0.701231  0.543640  0.494172
8   0.711356  0.583029 -0.560269  0.651789  0.707821  0.589876
9  -0.022941 -0.653989  0.197122 -0.216422  0.922177  0.276750
10  0.386537  0.986973  0.044416  0.419155 -0.478566  0.589291
11  0.124073 -0.510571  0.313407 -0.648702  0.569985  0.885752
180            0         1         2         3         4         5
0   0.132040  0.589473 -0.131291  0.220318  0.685873  0.963512
1   0.626374  0.114236  0.305007 -0.019500  0.593866 -0.944155
2  -0.270540  0.195870  0.319540 -0.590331  0.194002 -0.183675
3   0.429746  0.589731  0.039755 -0.514336 -0.145006 -0.575328
4   0.788303  0.736990 -0.746657  0.693000  0.809797  0.701847
5   0.615676  0.552821  0.412740 -0.440654  0.684353  0.540594
6  -0.317370 -0.227510 -0.176613  0.235096 -0.641691  0.643731
7   0.549755  0.407246  0.529245 -0.701231  0.508833  0.482437
8   0.668161  0.584028 -0.560269  0.630852  0.646051  0.582392
9  -0.022941 -0.653989  0.197122 -0.216422  0.922177  0.276750
10  0.386537  0.986973  0.044416  0.419155 -0.478566  0.589291
11  0.124073 -0.510571  0.313407 -0.648702  0.569985  0.885752
200            0         1         2         3         4         5
0   0.132040  0.589473 -0.131291  0.220318  0.685873  0.963512
1   0.612317  0.215967  0.361281 -0.019085  0.608092 -0.944155
2  -0.261295  0.170853  0.303568 -0.590331  0.231501 -0.176582
3   0.429746  0.589731  0.039755 -0.514336 -0.145006 -0.575328
4   0.785130  0.734077 -0.746657  0.702737  0.805589  0.704190
5   0.617132  0.560146  0.425129 -0.440654  0.669934  0.534334
6  -0.317370 -0.227510 -0.176613  0.235096 -0.641691  0.643731
7   0.546374  0.408358  0.512207 -0.701231  0.493184  0.472647
8   0.650323  0.585584 -0.560269  0.603610  0.624082  0.577820
9  -0.022941 -0.653989  0.197122 -0.216422  0.922177  0.276750
10  0.386537  0.986973  0.044416  0.419155 -0.478566  0.589291
11  0.124073 -0.510571  0.313407 -0.648702  0.569985  0.885752
220            0         1         2         3         4         5
0   0.132040  0.589473 -0.131291  0.220318  0.685873  0.963512
1   0.604860  0.249449  0.343462  0.008423  0.558371 -0.944155
2  -0.246451  0.145118  0.283430 -0.590331  0.231270 -0.180397
3   0.429746  0.589731  0.039755 -0.514336 -0.145006 -0.575328
4   0.754804  0.727035 -0.746657  0.696170  0.761653  0.692085
5   0.608949  0.547989  0.453135 -0.440654  0.638215  0.536633
6  -0.317370 -0.227510 -0.176613  0.235096 -0.641691  0.643731
7   0.507313  0.425786  0.477311 -0.701231  0.491008  0.468302
8   0.643819  0.580964 -0.560269  0.592073  0.621847  0.575485
9  -0.022941 -0.653989  0.197122 -0.216422  0.922177  0.276750
10  0.386537  0.986973  0.044416  0.419155 -0.478566  0.589291
11  0.124073 -0.510571  0.313407 -0.648702  0.569985  0.885752
240            0         1         2         3         4         5
0   0.132040  0.589473 -0.131291  0.220318  0.685873  0.963512
1   0.621709  0.289502  0.406151 -0.016865  0.604196 -0.944155
2  -0.176646  0.141839  0.287726 -0.590331  0.352360 -0.210360
3   0.429746  0.589731  0.039755 -0.514336 -0.145006 -0.575328
4   0.763714  0.731900 -0.746657  0.690208  0.779823  0.678394
5   0.619236  0.519596  0.495924 -0.440654  0.645975  0.539972
6  -0.317370 -0.227510 -0.176613  0.235096 -0.641691  0.643731
7   0.499049  0.440384  0.478676 -0.701231  0.475731  0.468523
8   0.608274  0.561982 -0.560269  0.583320  0.587866  0.551669
9  -0.022941 -0.653989  0.197122 -0.216422  0.922177  0.276750
10  0.386537  0.986973  0.044416  0.419155 -0.478566  0.589291
11  0.124073 -0.510571  0.313407 -0.648702  0.569985  0.885752
260            0         1         2         3         4         5
0   0.132040  0.589473 -0.131291  0.220318  0.685873  0.963512
1   0.691879  0.331357  0.429218 -0.017432  0.637175 -0.944155
2  -0.120594  0.117046  0.250377 -0.590331  0.385899 -0.215575
3   0.429746  0.589731  0.039755 -0.514336 -0.145006 -0.575328
4   0.782736  0.741322 -0.746657  0.690477  0.801631  0.690550
5   0.598684  0.528707  0.505881 -0.440654  0.644622  0.543563
6  -0.317370 -0.227510 -0.178146  0.235096 -0.641691  0.643731
7   0.477374  0.435242  0.464736 -0.701231  0.462342  0.451500
8   0.608737  0.548772 -0.560269  0.573159  0.570481  0.531119
9  -0.022941 -0.653989  0.197122 -0.216422  0.922177  0.276750
10  0.386537  0.986973  0.044416  0.419155 -0.478566  0.589291
11  0.124073 -0.510571  0.313407 -0.648702  0.569985  0.885752
280            0         1         2         3         4         5
0   0.132040  0.589473 -0.131291  0.220318  0.682765  0.963512
1   0.673512  0.356448  0.407746  0.001316  0.601342 -0.944155
2  -0.112173  0.125095  0.242663 -0.590331  0.387766 -0.212130
3   0.431836  0.587963  0.076909 -0.514336 -0.120041 -0.575328
4   0.763384  0.734915 -0.746657  0.676126  0.761391  0.695646
5   0.573972  0.537883  0.480983 -0.440654  0.609931  0.545983
6  -0.308408 -0.227510 -0.163200  0.238527 -0.641691  0.626676
7   0.473364  0.427768  0.465432 -0.701231  0.453469  0.433994
8   0.588523  0.540799 -0.560269  0.555701  0.563263  0.520654
9  -0.022941 -0.653989  0.197122 -0.216422  0.922177  0.276750
10  0.386537  0.986973  0.044416  0.419155 -0.478566  0.589291
11  0.124073 -0.510571  0.313407 -0.648702  0.569985  0.885752
300            0         1         2         3         4         5
0   0.132040  0.589473 -0.131291  0.220318  0.682765  0.963512
1   0.682337  0.374025  0.400572  0.030951  0.635432 -0.944155
2  -0.068453  0.120336  0.251273 -0.590331  0.410875 -0.217869
3   0.431836  0.587963  0.076909 -0.514336 -0.120041 -0.575328
4   0.777006  0.726564 -0.746657  0.682744  0.756561  0.689001
5   0.556620  0.542752  0.502884 -0.440654  0.596361  0.530683
6  -0.308408 -0.227510 -0.163200  0.238527 -0.641691  0.626676
7   0.441212  0.420383  0.468077 -0.701231  0.444713  0.402373
8   0.556331  0.532273 -0.560269  0.535991  0.557543  0.506526
9  -0.022941 -0.653989  0.197122 -0.216422  0.922177  0.276750
10  0.386537  0.986973  0.044416  0.419155 -0.478566  0.589291
11  0.124073 -0.510571  0.313407 -0.648702  0.569985  0.885752
320            0         1         2         3         4         5
0   0.132040  0.589473 -0.131291  0.220318  0.682765  0.963512
1   0.649459  0.358959  0.375361  0.069329  0.638513 -0.944155
2  -0.052405  0.122743  0.234443 -0.590331  0.409101 -0.210606
3   0.431836  0.577327  0.076909 -0.514336 -0.120041 -0.575328
4   0.779544  0.717039 -0.746657  0.682875  0.785005  0.683596
5   0.556067  0.548617  0.494971 -0.440654  0.570248  0.511038
6  -0.308408 -0.227510 -0.163200  0.238527 -0.641691  0.626676
7   0.436682  0.418284  0.415372 -0.701231  0.456688  0.395099
8   0.545907  0.525896 -0.560269  0.533377  0.540986  0.505138
9  -0.022941 -0.653989  0.197122 -0.216422  0.922177  0.276750
10  0.386537  0.986973  0.044416  0.419155 -0.478566  0.589291
11  0.124073 -0.510571  0.313407 -0.648702  0.569985  0.885752
340            0         1         2         3         4         5
0   0.132040  0.589473 -0.131291  0.220318  0.682765  0.949377
1   0.658033  0.374164  0.346121  0.082696  0.595202 -0.944155
2   0.027411  0.082791  0.243586 -0.590331  0.461775 -0.233613
3   0.436872  0.564342  0.087263 -0.504013 -0.101499 -0.575328
4   0.753832  0.703721 -0.746657  0.689213  0.792621  0.678383
5   0.562371  0.526455  0.528981 -0.440654  0.613619  0.487021
6  -0.308408 -0.227510 -0.163200  0.241040 -0.641691  0.626676
7   0.433649  0.417598  0.426410 -0.701231  0.451159  0.392058
8   0.514726  0.501410 -0.560269  0.498566  0.511396  0.483898
9  -0.022941 -0.653989  0.197122 -0.216422  0.922177  0.276750
10  0.386537  0.986973  0.044416  0.419155 -0.478566  0.589291
11  0.124073 -0.510571  0.313407 -0.648702  0.569985  0.885752
360            0         1         2         3         4         5
0   0.132040  0.589473 -0.131291  0.220318  0.682765  0.949377
1   0.712570  0.412853  0.424462  0.038505  0.609117 -0.944155
2   0.086656  0.113454  0.283934 -0.590331  0.528493 -0.244854
3   0.429282  0.564342  0.087263 -0.504013 -0.101499 -0.575328
4   0.784224  0.719426 -0.746657  0.693209  0.818282  0.693626
5   0.575046  0.526817  0.534561 -0.440654  0.621154  0.506477
6  -0.296747 -0.227510 -0.163200  0.250477 -0.641691  0.622574
7   0.412469  0.408664  0.412565 -0.701231  0.434857  0.385932
8   0.499832  0.486353 -0.560269  0.479567  0.499915  0.469925
9  -0.022941 -0.653989  0.197122 -0.216422  0.922177  0.276750
10  0.386537  0.986973  0.044416  0.419155 -0.478566  0.589291
11  0.124073 -0.510571  0.313407 -0.648702  0.569985  0.885752
