20            0         1         2         3         4         5
0  -0.645067  0.565806  0.969932  0.459719  0.334449  0.787481
1  -0.866910  0.484160  0.830936 -0.373157 -0.690329  0.103272
2  -0.293968 -0.760628  0.903718 -0.939397  0.146358  0.728212
3  -0.237686  0.335795  0.355112  0.171714 -0.091077 -0.008711
4   0.042517  0.383730 -0.083494  0.252966 -0.518996 -0.094036
5   0.658633  0.561409  0.200312  0.189877  0.724576 -0.273853
6   0.776420 -0.155239 -0.695174  0.613982  0.176243  0.352437
7   0.656158  0.717932  0.739896  0.086745  0.091587  0.396144
8  -0.117953 -0.167693  0.516167 -0.874504 -0.371644  0.059894
9  -0.817081  0.341007 -0.636781 -0.135957  0.308051 -0.213494
10  0.909954  0.220117 -0.600720 -0.834361 -0.880073  0.013076
11 -0.606717 -0.253730  0.743388 -0.284679  0.440122 -0.224606
40            0         1         2         3         4         5
0  -0.645067  0.569214  0.955017  0.424710  0.328108  0.746517
1  -0.866910  0.534716  0.728406 -0.354422 -0.668649  0.061878
2  -0.247218 -0.730993  0.815226 -0.939397  0.204369  0.618921
3  -0.237686  0.310734  0.366135  0.118060 -0.036974 -0.018905
4   0.067524  0.394039 -0.068868  0.276137 -0.518996 -0.086444
5   0.674042  0.547373  0.216857  0.212528  0.739737 -0.273853
6   0.793135 -0.059366 -0.695174  0.621819  0.292737  0.394192
7   0.720152  0.702464  0.713883  0.140604  0.185045  0.493327
8  -0.090269 -0.157936  0.527583 -0.874504 -0.360198  0.085447
9  -0.817081  0.353486 -0.610026 -0.101283  0.320091 -0.142215
10  0.838160  0.248516 -0.553128 -0.834361 -0.880073  0.097554
11 -0.606717 -0.178033  0.676085 -0.209034  0.457415 -0.117328
60            0         1         2         3         4         5
0  -0.645067  0.577828  0.931531  0.421336  0.323826  0.724707
1  -0.866910  0.507217  0.716143 -0.319223 -0.642586  0.053085
2  -0.225041 -0.727178  0.744242 -0.939397  0.215671  0.576845
3  -0.237686  0.274369  0.325840  0.132256 -0.037885  0.000998
4   0.106535  0.405028 -0.054489  0.284528 -0.518996 -0.071605
5   0.667383  0.540992  0.223470  0.253870  0.716911 -0.273853
6   0.787138 -0.023473 -0.695174  0.613663  0.338553  0.421273
7   0.676479  0.658976  0.676716  0.221030  0.346927  0.552932
8  -0.069819 -0.144232  0.530278 -0.874504 -0.350846  0.106321
9  -0.817081  0.375376 -0.610026 -0.069238  0.346694 -0.083989
10  0.803877  0.252180 -0.536671 -0.834361 -0.880073  0.111571
11 -0.606717 -0.066315  0.604909 -0.096149  0.486086  0.009964
80            0         1         2         3         4         5
0  -0.645067  0.568502  0.911218  0.409599  0.323826  0.680812
1  -0.866910  0.508966  0.682959 -0.319068 -0.587536  0.046310
2  -0.199406 -0.709791  0.669756 -0.939397  0.274951  0.455150
3  -0.237686  0.267568  0.275875  0.073442 -0.015119 -0.016640
4   0.111861  0.398347 -0.040008  0.289642 -0.518996 -0.051310
5   0.690295  0.541182  0.259200  0.275077  0.692992 -0.273853
6   0.797100  0.040852 -0.695174  0.616393  0.365659  0.443946
7   0.693573  0.609967  0.686817  0.314458  0.457952  0.532044
8  -0.069819 -0.130956  0.531435 -0.874504 -0.350846  0.114800
9  -0.817081  0.387055 -0.569128 -0.031095  0.349770 -0.049206
10  0.756871  0.264274 -0.515753 -0.826017 -0.880073  0.142895
11 -0.606717  0.024178  0.568148 -0.027534  0.500781  0.091339
100            0         1         2         3         4         5
0  -0.645067  0.575054  0.885714  0.401700  0.323919  0.666953
1  -0.866910  0.505367  0.543097 -0.312742 -0.465452  0.041950
2  -0.155356 -0.703113  0.610845 -0.939397  0.290629  0.407149
3  -0.237686  0.277155  0.231253  0.063852  0.018430 -0.038739
4   0.142191  0.404197 -0.014588  0.284335 -0.518996 -0.034702
5   0.687838  0.527148  0.324292  0.286150  0.690122 -0.273853
6   0.800050  0.110798 -0.695174  0.590634  0.393175  0.457678
7   0.689707  0.629543  0.648578  0.390313  0.561923  0.572564
8  -0.039341 -0.118885  0.525387 -0.874504 -0.328986  0.137238
9  -0.817081  0.393104 -0.540621  0.011580  0.378580 -0.005408
10  0.711664  0.276037 -0.464064 -0.814265 -0.880073  0.163518
11 -0.606717  0.104586  0.554739  0.059143  0.503151  0.148300
120            0         1         2         3         4         5
0  -0.645067  0.574936  0.869022  0.405239  0.356384  0.656497
1  -0.866910  0.564548  0.556656 -0.278380 -0.415631  0.027455
2  -0.116061 -0.638868  0.571297 -0.939397  0.294982  0.319238
3  -0.237686  0.209304  0.232539  0.016173  0.043325 -0.034073
4   0.171047  0.417438  0.013943  0.297992 -0.518996 -0.008288
5   0.687307  0.534764  0.351858  0.309694  0.679296 -0.273853
6   0.771770  0.130959 -0.695174  0.582195  0.413813  0.460449
7   0.659220  0.615734  0.628862  0.450585  0.620656  0.563946
8  -0.019646 -0.106908  0.526222 -0.874504 -0.320904  0.140770
9  -0.817081  0.388734 -0.529131  0.033464  0.384326  0.027036
10  0.673990  0.292501 -0.373409 -0.814265 -0.880073  0.185341
11 -0.606717  0.175492  0.533221  0.158307  0.491560  0.220504
140            0         1         2         3         4         5
0  -0.645067  0.556252  0.874112  0.392618  0.364193  0.626833
1  -0.866910  0.542775  0.537347 -0.221694 -0.349848  0.034045
2  -0.029943 -0.593176  0.525697 -0.939397  0.360112  0.220039
3  -0.237686  0.175635  0.222147 -0.003779  0.093717 -0.060885
4   0.183801  0.443630  0.065558  0.291141 -0.518996 -0.002299
5   0.687437  0.554249  0.381848  0.335203  0.665973 -0.273853
6   0.744726  0.194053 -0.695174  0.590259  0.484028  0.473755
7   0.682476  0.614141  0.618024  0.474322  0.650924  0.570117
8   0.020807 -0.089859  0.520002 -0.874504 -0.312988  0.152679
9  -0.817081  0.388342 -0.513848  0.041486  0.393426  0.049633
10  0.642064  0.308232 -0.315206 -0.806122 -0.880073  0.215498
11 -0.606717  0.213335  0.514795  0.206534  0.479927  0.274600
160            0         1         2         3         4         5
0  -0.645067  0.567244  0.825394  0.365085  0.365940  0.607610
1  -0.866910  0.507586  0.474457 -0.137056 -0.257976  0.027186
2   0.023619 -0.554083  0.464579 -0.939397  0.357860  0.192941
3  -0.237686  0.217051  0.208077 -0.022374  0.137930 -0.072325
4   0.206091  0.463178  0.089788  0.304986 -0.518996  0.022255
5   0.678007  0.539163  0.406249  0.352816  0.657806 -0.273853
6   0.727461  0.225657 -0.695174  0.589093  0.518174  0.472956
7   0.666901  0.604047  0.626027  0.518253  0.649565  0.596586
8   0.024977 -0.068114  0.521179 -0.874504 -0.282422  0.166997
9  -0.817081  0.394892 -0.504127  0.064483  0.394403  0.086303
10  0.611480  0.315519 -0.287073 -0.793386 -0.880073  0.241412
11 -0.606717  0.242489  0.509500  0.244826  0.469703  0.308288
180            0         1         2         3         4         5
0  -0.645067  0.566511  0.819471  0.360292  0.357766  0.597432
1  -0.866910  0.530696  0.502184 -0.119861 -0.220868 -0.008643
2   0.072534 -0.549178  0.447316 -0.939397  0.378695  0.172544
3  -0.237686  0.174033  0.167977 -0.046739  0.183902 -0.090246
4   0.216238  0.483120  0.089788  0.302219 -0.518996  0.027942
5   0.651638  0.527282  0.423033  0.356676  0.639757 -0.273853
6   0.727196  0.234876 -0.695174  0.574316  0.535309  0.465003
7   0.641636  0.585176  0.587004  0.541173  0.629741  0.576755
8   0.035704 -0.040036  0.520830 -0.874504 -0.276044  0.166997
9  -0.817081  0.393837 -0.504127  0.077086  0.395989  0.096120
10  0.591823  0.327102 -0.249973 -0.768641 -0.880073  0.247139
11 -0.606717  0.297615  0.489588  0.282392  0.458405  0.338374
200            0         1         2         3         4         5
0  -0.645067  0.547015  0.815215  0.343162  0.357766  0.578961
1  -0.866910  0.525417  0.513175 -0.117203 -0.183431 -0.013355
2   0.108759 -0.505470  0.443304 -0.939397  0.413167  0.142320
3  -0.237686  0.169713  0.171592 -0.064817  0.212250 -0.089315
4   0.227981  0.489117  0.120874  0.307775 -0.518996  0.045138
5   0.657046  0.527560  0.432923  0.372698  0.641746 -0.273853
6   0.728930  0.259172 -0.695174  0.563729  0.546378  0.469648
7   0.638873  0.587234  0.595927  0.498285  0.634693  0.576464
8   0.047074 -0.017589  0.520462 -0.874504 -0.268205  0.172230
9  -0.817081  0.388955 -0.484603  0.083382  0.396370  0.121207
10  0.547215  0.328407 -0.206507 -0.768641 -0.880073  0.266202
11 -0.606717  0.334324  0.474670  0.306262  0.433195  0.351083
220            0         1         2         3         4         5
0  -0.645067  0.550676  0.815215  0.304766  0.361289  0.560369
1  -0.866910  0.525216  0.493888 -0.118716 -0.160670 -0.021015
2   0.110730 -0.440882  0.409020 -0.939397  0.401873  0.113995
3  -0.237686  0.129245  0.111247 -0.071486  0.168925 -0.103562
4   0.233711  0.493934  0.142422  0.318504 -0.518996  0.081692
5   0.638505  0.522855  0.441196  0.397309  0.631331 -0.273853
6   0.719933  0.298296 -0.695174  0.548350  0.551308  0.474357
7   0.575095  0.548207  0.576846  0.487521  0.586275  0.528380
8   0.055423 -0.001938  0.516358 -0.874504 -0.239918  0.177253
9  -0.817081  0.387887 -0.461898  0.112649  0.412181  0.137037
10  0.521405  0.329585 -0.174577 -0.733412 -0.880073  0.275264
11 -0.606717  0.349960  0.450959  0.327858  0.422479  0.366645
240            0         1         2         3         4         5
0  -0.645067  0.546607  0.840185  0.284464  0.365243  0.504521
1  -0.866910  0.536636  0.461401 -0.084005 -0.104272 -0.032584
2   0.174836 -0.382886  0.446050 -0.939397  0.488746  0.039214
3  -0.237686  0.080628  0.131729 -0.099926  0.210951 -0.126688
4   0.275105  0.499756  0.154667  0.334901 -0.518996  0.081692
5   0.643888  0.513179  0.483619  0.390471  0.618496 -0.273853
6   0.697480  0.361255 -0.695174  0.551049  0.575632  0.478859
7   0.599851  0.568529  0.591552  0.505872  0.625162  0.526736
8   0.075551  0.005823  0.509785 -0.874504 -0.225973  0.177723
9  -0.817081  0.391263 -0.444117  0.116706  0.413591  0.146171
10  0.510480  0.328907 -0.130514 -0.711435 -0.880073  0.294737
11 -0.606717  0.369114  0.448678  0.342803  0.419959  0.354961
260            0         1         2         3         4         5
0  -0.645067  0.536217  0.795346  0.263296  0.365243  0.495261
1  -0.866910  0.523422  0.445146 -0.066221 -0.013983 -0.047518
2   0.216548 -0.328128  0.408289 -0.939397  0.486343  0.018635
3  -0.237686  0.091776  0.100961 -0.109481  0.252795 -0.122820
4   0.302148  0.504414  0.195957  0.351559 -0.518996  0.091935
5   0.638192  0.523383  0.485850  0.402874  0.626850 -0.273853
6   0.702043  0.410206 -0.695174  0.535519  0.577104  0.477276
7   0.627330  0.586872  0.581456  0.514821  0.632177  0.548961
8   0.088035  0.047690  0.506398 -0.874504 -0.192569  0.187525
9  -0.817081  0.395780 -0.413860  0.139276  0.413066  0.155643
10  0.489793  0.333716 -0.113039 -0.688807 -0.880073  0.299486
11 -0.606717  0.370434  0.437104  0.348187  0.422979  0.360765
280            0         1         2         3         4         5
0  -0.645067  0.519268  0.774600  0.248593  0.357280  0.470487
1  -0.866910  0.497303  0.445122 -0.056322  0.058971 -0.064071
2   0.225244 -0.280507  0.367674 -0.939397  0.472848  0.009314
3  -0.237686  0.076030  0.092246 -0.109056  0.239039 -0.135300
4   0.307978  0.510826  0.205828  0.352190 -0.518996  0.094199
5   0.617426  0.537057  0.490014  0.388034  0.620613 -0.273853
6   0.702968  0.415843 -0.695174  0.538637  0.553049  0.484918
7   0.607358  0.553015  0.553372  0.514922  0.591867  0.537000
8   0.090968  0.061505  0.504074 -0.874504 -0.164234  0.187525
9  -0.817081  0.401725 -0.390095  0.144043  0.403562  0.163105
10  0.472860  0.333176 -0.106869 -0.667330 -0.880073  0.303782
11 -0.606717  0.372489  0.423289  0.350777  0.414068  0.360767
300            0         1         2         3         4         5
0  -0.645067  0.506960  0.771396  0.211254  0.351630  0.445404
1  -0.866910  0.450216  0.436580 -0.037813  0.134843 -0.077685
2   0.233992 -0.255991  0.351294 -0.939397  0.474368 -0.009310
3  -0.237686  0.033283  0.063909 -0.135030  0.215758 -0.142067
4   0.325069  0.491800  0.210676  0.359508 -0.518996  0.100315
5   0.627714  0.537620  0.511311  0.370624  0.610551 -0.273853
6   0.701243  0.436249 -0.695174  0.524545  0.560883  0.493904
7   0.600994  0.529409  0.556742  0.514570  0.583681  0.495885
8   0.103604  0.060890  0.502469 -0.874504 -0.158788  0.185695
9  -0.817081  0.400157 -0.371118  0.157839  0.402231  0.173801
10  0.469132  0.342627 -0.066275 -0.646659 -0.880073  0.312254
11 -0.606717  0.364427  0.406458  0.352241  0.418969  0.362949
320            0         1         2         3         4         5
0  -0.645067  0.485552  0.756098  0.204524  0.352932  0.448162
1  -0.866910  0.417672  0.436372 -0.033786  0.200626 -0.065082
2   0.286706 -0.235895  0.332209 -0.939397  0.469331 -0.022849
3  -0.237686  0.052150  0.101848 -0.152003  0.232754 -0.166581
4   0.331958  0.508045  0.217210  0.363145 -0.518996  0.116985
5   0.639569  0.532542  0.515255  0.388258  0.601704 -0.273853
6   0.682649  0.443090 -0.695174  0.524308  0.552589  0.478210
7   0.603696  0.524967  0.536574  0.500980  0.583670  0.497997
8   0.111343  0.066966  0.498462 -0.874504 -0.132431  0.195500
9  -0.817081  0.394652 -0.326017  0.169060  0.401483  0.179853
10  0.461158  0.359979 -0.048556 -0.626594 -0.880073  0.320321
11 -0.606717  0.363866  0.399760  0.354628  0.409717  0.358858
340            0         1         2         3         4         5
0  -0.645067  0.478304  0.749611  0.198201  0.349709  0.448162
1  -0.866910  0.429475  0.448258 -0.011651  0.222835 -0.074079
2   0.308222 -0.238515  0.331116 -0.939397  0.489595 -0.031042
3  -0.237686  0.059506  0.100925 -0.155970  0.282385 -0.178055
4   0.349981  0.510279  0.211146  0.358459 -0.518996  0.121173
5   0.628183  0.521458  0.509702  0.402367  0.602206 -0.273853
6   0.683281  0.455571 -0.695174  0.507343  0.569124  0.484405
7   0.599959  0.516397  0.522278  0.491290  0.605004  0.500613
8   0.118751  0.072832  0.499929 -0.874504 -0.110394  0.195188
9  -0.817081  0.385621 -0.291720  0.184913  0.405872  0.190995
10  0.464321  0.364000 -0.012827 -0.606314 -0.880073  0.312955
11 -0.606717  0.368199  0.397779  0.339523  0.402138  0.353456
360            0         1         2         3         4         5
0  -0.645067  0.474948  0.732677  0.191656  0.367554  0.406134
1  -0.866910  0.396217  0.421243 -0.013922  0.324935 -0.092990
2   0.346818 -0.195414  0.341352 -0.939397  0.513996 -0.049990
3  -0.237686  0.056686  0.104968 -0.147108  0.359619 -0.188151
4   0.369895  0.523866  0.240489  0.368774 -0.518996  0.148483
5   0.630203  0.524237  0.513888  0.397183  0.619903 -0.273853
6   0.671357  0.501136 -0.695174  0.523097  0.575333  0.479048
7   0.643857  0.538659  0.546980  0.511588  0.638861  0.528668
8   0.136234  0.075757  0.494659 -0.874504 -0.096407  0.200516
9  -0.817081  0.380903 -0.257821  0.200740  0.404886  0.191322
10  0.452381  0.360063  0.032987 -0.562319 -0.880073  0.316848
11 -0.606717  0.364621  0.390725  0.341782  0.390494  0.352144
380            0         1         2         3         4         5
0  -0.645067  0.465931  0.693326  0.163351  0.355574  0.395338
1  -0.866910  0.344393  0.450386 -0.022887  0.368763 -0.097284
2   0.367009 -0.169688  0.309876 -0.939397  0.500775 -0.047143
3  -0.237686  0.073736  0.104811 -0.140712  0.383898 -0.192789
4   0.379815  0.515379  0.260094  0.374559 -0.518996  0.170353
5   0.626973  0.517759  0.500544  0.428813  0.598272 -0.273853
6   0.669728  0.519630 -0.695174  0.516796  0.574431  0.487955
7   0.590984  0.551163  0.561746  0.527639  0.574411  0.540088
8   0.147569  0.093103  0.486115 -0.874504 -0.087359  0.205253
9  -0.817081  0.379386 -0.220948  0.210613  0.401294  0.200569
10  0.450387  0.365224  0.059406 -0.562319 -0.880073  0.315938
11 -0.606717  0.351124  0.374715  0.335793  0.394413  0.351187
400            0         1         2         3         4         5
0  -0.645067  0.445973  0.687331  0.150854  0.382574  0.364166
1  -0.866910  0.354614  0.449666 -0.047192  0.389025 -0.106537
2   0.386127 -0.175622  0.284861 -0.939397  0.493652 -0.074093
3  -0.237686  0.079436  0.084996 -0.153543  0.348717 -0.195543
4   0.386701  0.509535  0.264868  0.382630 -0.518996  0.184904
5   0.621637  0.514060  0.490136  0.425361  0.594050 -0.273853
6   0.658311  0.523092 -0.695174  0.505661  0.572709  0.483892
7   0.586073  0.539074  0.556837  0.511664  0.605469  0.528064
8   0.166273  0.100941  0.484804 -0.874504 -0.069131  0.208199
9  -0.817081  0.379619 -0.208947  0.215272  0.402636  0.211541
10  0.444306  0.366979  0.091810 -0.553132 -0.880073  0.319987
11 -0.606717  0.346085  0.364022  0.338621  0.377544  0.337123
420            0         1         2         3         4         5
0  -0.645067  0.425538  0.661958  0.150854  0.377190  0.364166
1  -0.866910  0.329986  0.412011 -0.048418  0.447425 -0.083211
2   0.378412 -0.141697  0.280099 -0.939397  0.485455 -0.104925
3  -0.237686  0.091658  0.074433 -0.155193  0.317370 -0.188776
4   0.388470  0.501871  0.283631  0.393407 -0.518996  0.192331
5   0.617645  0.516677  0.481109  0.435453  0.579563 -0.273853
6   0.650437  0.518886 -0.695174  0.513633  0.577621  0.486346
7   0.621343  0.535484  0.533024  0.510981  0.605539  0.542541
8   0.172955  0.106238  0.475748 -0.874504 -0.055925  0.215042
9  -0.817081  0.371521 -0.190731  0.227039  0.399522  0.224886
10  0.438449  0.366485  0.105589 -0.535174 -0.880073  0.319219
11 -0.606717  0.343346  0.356247  0.327381  0.367016  0.343122
