20            0         1         2         3         4         5
0  -0.104069  0.705103 -0.952597 -0.458246 -0.191839 -0.515093
1   0.185181  0.463782  0.483262  0.180567  0.467791 -0.902060
2   0.694049  0.789614 -0.147895  0.558362  0.815719  0.552411
3   0.454421 -0.244437  0.480997  0.286509  0.942801 -0.592468
4   0.777671 -0.612328 -0.554059  0.207120  0.423574 -0.204861
5  -0.610533  0.537141 -0.122722  0.463697  0.531141  0.853727
6   0.053568 -0.401099 -0.107925 -0.944734  0.772731  0.681460
7   0.300393 -0.474517 -0.875287 -0.471978 -0.417267  0.218990
8   0.606089  0.669065  0.529333 -0.202578  0.402274 -0.451061
9   0.064902  0.732652  0.752811 -0.882529  0.910889 -0.602786
10  0.891400  0.482809 -0.429897  0.468294  0.646163 -0.318715
11 -0.176534 -0.427382 -0.234748  0.124832 -0.296895 -0.677917
40            0         1         2         3         4         5
0  -0.104069  0.705103 -0.952597 -0.458246 -0.191839 -0.515093
1   0.304134  0.462624  0.452792  0.167130  0.530542 -0.902060
2   0.683042  0.748582 -0.147895  0.512036  0.885068  0.471522
3   0.454421 -0.244437  0.480997  0.286509  0.942801 -0.592468
4   0.746541 -0.612328 -0.519545  0.345171  0.576018 -0.055549
5  -0.610533  0.538810 -0.058890  0.447070  0.602491  0.782044
6   0.053568 -0.401099 -0.107925 -0.944734  0.772731  0.681460
7   0.301193 -0.227727 -0.875287 -0.231312 -0.115548  0.228366
8   0.617050  0.626713  0.521088 -0.171780  0.527763 -0.451061
9   0.064902  0.732652  0.752811 -0.882529  0.910889 -0.602786
10  0.891400  0.482809 -0.429897  0.468294  0.646163 -0.318715
11 -0.176534 -0.427382 -0.234748  0.124832 -0.296895 -0.677917
60            0         1         2         3         4         5
0  -0.082277  0.709398 -0.952597 -0.445178 -0.191839 -0.515093
1   0.321748  0.387488  0.467061  0.162498  0.527187 -0.902060
2   0.671864  0.729693 -0.147895  0.511560  0.840341  0.450919
3   0.454421 -0.244437  0.492266  0.286509  0.930328 -0.592468
4   0.721312 -0.612328 -0.482357  0.426638  0.629785  0.119423
5  -0.610533  0.526828 -0.047899  0.448375  0.611620  0.741471
6   0.067624 -0.379409 -0.099947 -0.944734  0.762185  0.672823
7   0.288399  0.015157 -0.875287  0.021362  0.080893  0.259230
8   0.613829  0.605207  0.531784 -0.164450  0.543098 -0.451061
9   0.064902  0.732652  0.752811 -0.882529  0.910889 -0.602786
10  0.891400  0.482809 -0.429897  0.468294  0.646163 -0.318715
11 -0.176534 -0.427382 -0.234748  0.124832 -0.296895 -0.677917
80            0         1         2         3         4         5
0  -0.082277  0.709398 -0.952597 -0.445178 -0.191839 -0.515093
1   0.374419  0.422962  0.495719  0.148800  0.550410 -0.902060
2   0.682854  0.636066 -0.147895  0.418985  0.767720  0.367001
3   0.454421 -0.244437  0.485291  0.286509  0.930328 -0.592468
4   0.717826 -0.612328 -0.467842  0.442675  0.669508  0.210152
5  -0.610533  0.521881  0.085393  0.446297  0.681540  0.683307
6   0.067624 -0.379409 -0.099947 -0.944734  0.758205  0.672823
7   0.271635  0.093956 -0.875287  0.087194  0.154868  0.251698
8   0.629280  0.578216  0.531957 -0.032223  0.554803 -0.451061
9   0.064902  0.732652  0.752811 -0.882529  0.910889 -0.602786
10  0.891400  0.482809 -0.429897  0.468294  0.646163 -0.318715
11 -0.176534 -0.427382 -0.234748  0.124832 -0.296895 -0.677917
100            0         1         2         3         4         5
0  -0.082277  0.709398 -0.952597 -0.445178 -0.191839 -0.515093
1   0.445998  0.436807  0.435663  0.096545  0.563443 -0.902060
2   0.694302  0.591467 -0.147895  0.380628  0.745471  0.317398
3   0.458250 -0.244437  0.490478  0.286509  0.917849 -0.592468
4   0.755470 -0.612328 -0.386207  0.484998  0.673106  0.356476
5  -0.610533  0.529328  0.142460  0.433309  0.679356  0.649108
6   0.073771 -0.368791 -0.099947 -0.944734  0.757447  0.665124
7   0.307223  0.190081 -0.875287  0.190365  0.235823  0.248572
8   0.615612  0.569354  0.544480  0.044322  0.560325 -0.451061
9   0.064902  0.732652  0.752811 -0.882529  0.910889 -0.602786
10  0.891400  0.482809 -0.429897  0.468294  0.646163 -0.318715
11 -0.176534 -0.427382 -0.234748  0.124832 -0.296895 -0.677917
120            0         1         2         3         4         5
0  -0.082277  0.711720 -0.952597 -0.445178 -0.178597 -0.515093
1   0.436344  0.413766  0.442688  0.073910  0.547613 -0.902060
2   0.683121  0.525358 -0.147895  0.276339  0.711180  0.202776
3   0.469922 -0.244437  0.490478  0.291091  0.917494 -0.592468
4   0.758555 -0.612328 -0.321604  0.503743  0.676283  0.396113
5  -0.610533  0.524966  0.316603  0.432907  0.735478  0.542980
6   0.073771 -0.368791 -0.099947 -0.944734  0.756689  0.658229
7   0.297435  0.234215 -0.875287  0.209453  0.261202  0.257139
8   0.609307  0.566205  0.551011  0.186769  0.584657 -0.451061
9   0.064902  0.732652  0.752811 -0.882529  0.910889 -0.602786
10  0.891400  0.482809 -0.429897  0.468294  0.646163 -0.318715
11 -0.176534 -0.427382 -0.234748  0.124832 -0.296895 -0.677917
140            0         1         2         3         4         5
0  -0.082277  0.711720 -0.952597 -0.445178 -0.178597 -0.515093
1   0.504482  0.421398  0.408819  0.060379  0.598296 -0.902060
2   0.703401  0.504464 -0.147895  0.237466  0.781766  0.171307
3   0.469922 -0.244437  0.484614  0.291091  0.917494 -0.592468
4   0.761838 -0.612328 -0.173321  0.548018  0.708777  0.453793
5  -0.610533  0.519060  0.340893  0.440630  0.752825  0.473340
6   0.073771 -0.368791 -0.101002 -0.944734  0.756689  0.658457
7   0.324478  0.219010 -0.875287  0.231150  0.298184  0.269263
8   0.607705  0.555578  0.546706  0.286569  0.604617 -0.451061
9   0.064902  0.732652  0.752811 -0.882529  0.910889 -0.602786
10  0.891400  0.482809 -0.429897  0.468294  0.646163 -0.318715
11 -0.176534 -0.427382 -0.234748  0.124832 -0.296895 -0.677917
160            0         1         2         3         4         5
0  -0.082277  0.711720 -0.952597 -0.445178 -0.178597 -0.515093
1   0.586802  0.434510  0.421579  0.044275  0.521070 -0.902060
2   0.709610  0.504464 -0.147895  0.230379  0.776974  0.171307
3   0.469922 -0.244437  0.484614  0.291091  0.917494 -0.592468
4   0.764301 -0.612328 -0.022997  0.574666  0.702757  0.524752
5  -0.610533  0.519060  0.344341  0.443062  0.762576  0.481451
6   0.073771 -0.368791 -0.101002 -0.944734  0.756689  0.658457
7   0.359601  0.285053 -0.875287  0.268257  0.319362  0.288325
8   0.607705  0.560627  0.538890  0.286614  0.604041 -0.451061
9   0.064902  0.732652  0.752811 -0.882529  0.910889 -0.602786
10  0.891400  0.482809 -0.429897  0.468294  0.646163 -0.318715
11 -0.176534 -0.427382 -0.234748  0.124832 -0.296895 -0.677917
180            0         1         2         3         4         5
0  -0.073197  0.701299 -0.952597 -0.432469 -0.178597 -0.515093
1   0.564595  0.413328  0.466479  0.062384  0.533566 -0.902060
2   0.647961  0.466762 -0.147895  0.162561  0.729262  0.115417
3   0.483576 -0.233744  0.476578  0.284983  0.916576 -0.592468
4   0.751546 -0.612328  0.024766  0.589051  0.700495  0.528282
5  -0.610533  0.476545  0.388043  0.426453  0.711536  0.475915
6   0.091746 -0.328744 -0.093209 -0.944734  0.745128  0.659456
7   0.377152  0.295973 -0.875287  0.286519  0.319673  0.285687
8   0.598959  0.543800  0.543191  0.408130  0.619890 -0.451061
9   0.064902  0.732652  0.752811 -0.882529  0.910889 -0.602786
10  0.891400  0.482809 -0.429897  0.468294  0.646163 -0.318715
11 -0.176534 -0.427382 -0.234748  0.124832 -0.296895 -0.677917
200            0         1         2         3         4         5
0  -0.073197  0.701299 -0.952597 -0.432469 -0.178597 -0.515093
1   0.573428  0.346355  0.451340  0.043995  0.517164 -0.902060
2   0.660340  0.414130 -0.147895  0.161842  0.682806  0.098219
3   0.483576 -0.233744  0.476578  0.284983  0.916576 -0.592468
4   0.745929 -0.612328  0.180188  0.587535  0.739175  0.552033
5  -0.610533  0.483079  0.406119  0.428290  0.734766  0.424691
6   0.091746 -0.328744 -0.087606 -0.944734  0.732497  0.659454
7   0.401081  0.331501 -0.875287  0.289319  0.368400  0.306097
8   0.614165  0.531554  0.536038  0.433695  0.615851 -0.451061
9   0.064902  0.732652  0.752811 -0.882529  0.910889 -0.602786
10  0.891400  0.482809 -0.429897  0.468294  0.646163 -0.318715
11 -0.176534 -0.427382 -0.234748  0.124832 -0.296895 -0.677917
220            0         1         2         3         4         5
0  -0.073197  0.701299 -0.952597 -0.432469 -0.178597 -0.515093
1   0.490734  0.333026  0.392013  0.013192  0.553552 -0.902060
2   0.662864  0.411186 -0.147895  0.156684  0.664010  0.098219
3   0.483576 -0.233744  0.476578  0.284983  0.916576 -0.592468
4   0.705916 -0.612328  0.280932  0.596488  0.712750  0.565195
5  -0.610533  0.490062  0.415153  0.422283  0.717831  0.425266
6   0.091746 -0.328744 -0.087606 -0.944734  0.732497  0.659454
7   0.421743  0.378784 -0.875287  0.329295  0.400008  0.337536
8   0.618029  0.527209  0.525282  0.438928  0.618116 -0.451061
9   0.064902  0.732652  0.752811 -0.882529  0.910889 -0.602786
10  0.891400  0.482809 -0.429897  0.468294  0.646163 -0.318715
11 -0.176534 -0.427382 -0.234748  0.124832 -0.296895 -0.677917
240            0         1         2         3         4         5
0  -0.073197  0.701299 -0.952597 -0.432469 -0.178597 -0.515093
1   0.537402  0.342041  0.444023 -0.007435  0.618442 -0.902060
2   0.662916  0.349194 -0.147895  0.099391  0.714173  0.057273
3   0.483576 -0.233744  0.476578  0.284983  0.916576 -0.592468
4   0.719708 -0.612328  0.336475  0.598777  0.726894  0.571400
5  -0.610533  0.488737  0.505843  0.392560  0.783078  0.420392
6   0.091746 -0.328744 -0.087606 -0.944734  0.732497  0.659454
7   0.427522  0.374873 -0.875287  0.336740  0.400545  0.340381
8   0.594724  0.526726  0.559565  0.483898  0.621905 -0.451061
9   0.064902  0.732652  0.752811 -0.882529  0.910889 -0.602786
10  0.891400  0.482809 -0.429897  0.468294  0.646163 -0.318715
11 -0.176534 -0.427382 -0.234748  0.124832 -0.296895 -0.677917
260            0         1         2         3         4         5
0  -0.073197  0.701299 -0.952597 -0.432469 -0.178597 -0.515093
1   0.624443  0.399576  0.431236 -0.008552  0.661722 -0.902060
2   0.660720  0.330937 -0.147895  0.092467  0.694732  0.045620
3   0.483576 -0.233744  0.476578  0.284983  0.916576 -0.592468
4   0.749032 -0.612328  0.400322  0.604889  0.753716  0.579520
5  -0.610533  0.481158  0.503718  0.369288  0.821162  0.455859
6   0.091746 -0.328744 -0.087606 -0.944734  0.732497  0.659454
7   0.436802  0.371302 -0.875287  0.346093  0.444032  0.352373
8   0.610653  0.530720  0.564010  0.500259  0.617077 -0.451061
9   0.064902  0.732652  0.752811 -0.882529  0.910889 -0.602786
10  0.891400  0.482809 -0.429897  0.468294  0.646163 -0.318715
11 -0.176534 -0.427382 -0.234748  0.124832 -0.296895 -0.677917
280            0         1         2         3         4         5
0  -0.061709  0.701299 -0.952597 -0.432469 -0.178597 -0.515093
1   0.607477  0.397058  0.438182 -0.012882  0.623045 -0.902060
2   0.671728  0.312560 -0.147895  0.096155  0.649743  0.042347
3   0.490612 -0.234814  0.480068  0.278719  0.917244 -0.592468
4   0.730739 -0.612328  0.452818  0.612016  0.725487  0.595711
5  -0.610533  0.470520  0.494332  0.378711  0.771664  0.453088
6   0.100139 -0.318910 -0.058346 -0.944734  0.726658  0.652841
7   0.450534  0.372189 -0.875287  0.369362  0.451613  0.382812
8   0.607360  0.531190  0.551970  0.510504  0.591937 -0.451061
9   0.064902  0.732652  0.752811 -0.882529  0.910889 -0.602786
10  0.891400  0.482809 -0.429897  0.468294  0.646163 -0.318715
11 -0.176534 -0.427382 -0.234748  0.124832 -0.296895 -0.677917
300            0         1         2         3         4         5
0  -0.061709  0.701299 -0.952597 -0.432469 -0.178597 -0.515093
1   0.609957  0.406101  0.426722 -0.051099  0.618216 -0.902060
2   0.609763  0.290846 -0.147895  0.101852  0.661547  0.035714
3   0.490612 -0.234814  0.480068  0.278719  0.917244 -0.592468
4   0.728484 -0.612328  0.515745  0.621770  0.738747  0.609947
5  -0.610533  0.488020  0.444824  0.409088  0.784931  0.452943
6   0.100139 -0.318910 -0.058346 -0.944734  0.713672  0.652841
7   0.430334  0.387091 -0.875287  0.392751  0.497303  0.392871
8   0.611502  0.538967  0.543748  0.514767  0.599167 -0.451061
9   0.064902  0.732652  0.752811 -0.882529  0.910889 -0.602786
10  0.891400  0.482809 -0.429897  0.468294  0.646163 -0.318715
11 -0.176534 -0.427382 -0.234748  0.124832 -0.296895 -0.677917
320            0         1         2         3         4         5
0  -0.061709  0.701299 -0.952597 -0.432469 -0.178597 -0.515093
1   0.604698  0.394051  0.422360 -0.029557  0.584191 -0.902060
2   0.616544  0.290449 -0.147895  0.095764  0.663662  0.036735
3   0.490612 -0.234814  0.480068  0.278719  0.917244 -0.592468
4   0.759295 -0.612328  0.559502  0.625423  0.780812  0.615463
5  -0.610533  0.485353  0.446134  0.427869  0.780594  0.454465
6   0.100139 -0.309298 -0.060616 -0.944734  0.705288  0.641750
7   0.455497  0.427828 -0.875287  0.415336  0.493164  0.420913
8   0.598728  0.534242  0.542402  0.517976  0.584340 -0.451061
9   0.064902  0.732652  0.752811 -0.882529  0.910889 -0.602786
10  0.891400  0.482809 -0.429897  0.468294  0.646163 -0.318715
11 -0.176534 -0.427382 -0.234748  0.124832 -0.296895 -0.677917
340            0         1         2         3         4         5
0  -0.061709  0.703791 -0.952597 -0.432469 -0.178597 -0.515093
1   0.622649  0.409466  0.396463 -0.036350  0.558833 -0.902060
2   0.657973  0.297395 -0.147895  0.099819  0.694109  0.011425
3   0.490612 -0.206162  0.474099  0.289620  0.905638 -0.592468
4   0.749078 -0.612328  0.585648  0.629302  0.778842  0.620287
5  -0.610533  0.482383  0.494403  0.444119  0.753257  0.471564
6   0.104403 -0.290558 -0.033338 -0.944734  0.700089  0.639443
7   0.443659  0.411900 -0.875287  0.411234  0.474546  0.432742
8   0.564610  0.535714  0.534338  0.520890  0.592248 -0.451061
9   0.064902  0.732652  0.752811 -0.882529  0.910889 -0.602786
10  0.891400  0.482809 -0.429897  0.468294  0.646163 -0.318715
11 -0.176534 -0.427382 -0.234748  0.124832 -0.296895 -0.677917
360            0         1         2         3         4         5
0  -0.061709  0.703791 -0.952597 -0.432469 -0.165250 -0.515093
1   0.606582  0.482879  0.433158 -0.039648  0.610502 -0.902060
2   0.644804  0.313952 -0.147895  0.090921  0.738158  0.010534
3   0.490612 -0.206162  0.474099  0.289620  0.905638 -0.592468
4   0.740542 -0.612328  0.601221  0.642566  0.772490  0.610142
5  -0.610533  0.539657  0.537479  0.415024  0.765298  0.495424
6   0.104403 -0.290558 -0.033338 -0.944734  0.700089  0.639443
7   0.442632  0.417844 -0.875287  0.400147  0.469248  0.421150
8   0.573472  0.528724  0.536074  0.514333  0.588826 -0.451061
9   0.064902  0.732652  0.752811 -0.882529  0.910889 -0.602786
10  0.891400  0.482809 -0.429897  0.468294  0.646163 -0.318715
11 -0.176534 -0.427382 -0.234748  0.124832 -0.296895 -0.677917
380            0         1         2         3         4         5
0  -0.061709  0.703791 -0.952597 -0.432469 -0.165250 -0.515093
1   0.608101  0.435100  0.399317 -0.018255  0.596441 -0.902060
2   0.635243  0.320276 -0.147895  0.090921  0.726899  0.007316
3   0.490612 -0.206162  0.474099  0.289620  0.905638 -0.592468
4   0.775603 -0.612328  0.643797  0.663567  0.780712  0.610972
5  -0.610533  0.541134  0.538748  0.406173  0.766232  0.489551
6   0.104403 -0.290558 -0.033338 -0.944734  0.700089  0.639443
7   0.454818  0.423205 -0.875287  0.399096  0.475093  0.413233
8   0.572146  0.528645  0.534611  0.515199  0.585515 -0.451061
9   0.064902  0.732652  0.752811 -0.882529  0.910889 -0.602786
10  0.891400  0.482809 -0.429897  0.468294  0.646163 -0.318715
11 -0.176534 -0.427382 -0.234748  0.124832 -0.296895 -0.677917
400            0         1         2         3         4         5
0  -0.061709  0.704904 -0.952597 -0.419980 -0.165250 -0.515093
1   0.596298  0.407660  0.381707  0.000858  0.610804 -0.902060
2   0.555317  0.332547 -0.147895  0.054538  0.626181 -0.006088
3   0.485347 -0.194290  0.474099  0.283029  0.906197 -0.592468
4   0.760344 -0.612328  0.650473  0.655924  0.765559  0.620190
5  -0.610533  0.477572  0.563539  0.413816  0.713363  0.470844
6   0.113725 -0.254291 -0.026712 -0.944734  0.699161  0.635848
7   0.450994  0.393832 -0.875287  0.400056  0.491035  0.418926
8   0.561450  0.522150  0.525339  0.522221  0.570374 -0.451061
9   0.064902  0.732652  0.752811 -0.882529  0.910889 -0.602786
10  0.891400  0.482809 -0.429897  0.468294  0.646163 -0.318715
11 -0.176534 -0.427382 -0.234748  0.124832 -0.296895 -0.677917
420            0         1         2         3         4         5
0  -0.061709  0.704904 -0.952597 -0.419980 -0.165250 -0.515093
1   0.563593  0.451439  0.348493 -0.029980  0.585356 -0.902060
2   0.557721  0.311230 -0.147895  0.055743  0.669310 -0.013482
3   0.485347 -0.194290  0.474099  0.283029  0.906197 -0.592468
4   0.774343 -0.612328  0.657731  0.645123  0.761803  0.626360
5  -0.610533  0.484562  0.564603  0.424964  0.699255  0.471432
6   0.113725 -0.254291 -0.026712 -0.944734  0.699161  0.635848
7   0.451027  0.400665 -0.875287  0.427429  0.469518  0.425048
8   0.560072  0.520302  0.518456  0.517780  0.570728 -0.451061
9   0.064902  0.732652  0.752811 -0.882529  0.910889 -0.602786
10  0.891400  0.482809 -0.429897  0.468294  0.646163 -0.318715
11 -0.176534 -0.427382 -0.234748  0.124832 -0.296895 -0.677917
