20            0         1         2         3         4         5
0  -0.121604 -0.775222  0.641478  0.244396  0.954272 -0.095234
1   0.324090  0.544726 -0.515919  0.537611 -0.917327 -0.480285
2  -0.684412  0.789210  0.010628 -0.323868  0.854498  0.667387
3  -0.744829  0.809581 -0.971131  0.037587  0.274724  0.764696
4  -0.137042  0.814164  0.152593  0.077465  0.139003  0.758337
5   0.971192 -0.422868  0.674617  0.350584 -0.113001  0.600858
6   0.012977 -0.395515 -0.655751 -0.934880  0.074542  0.146273
7  -0.398409 -0.016650  0.267027 -0.859929 -0.611673  0.119400
8  -0.028214  0.687300 -0.031088  0.840665  0.658119  0.865258
9  -0.618414  0.154839 -0.957126 -0.154438  0.916123  0.625281
10 -0.469556  0.769524  0.446505  0.592007  0.630378  0.106272
11  0.157949  0.244799 -0.654756  0.871820  0.562185  0.337120
40            0         1         2         3         4         5
0  -0.121604 -0.775222  0.641478  0.244396  0.954272 -0.095234
1   0.425117  0.532562 -0.382252  0.272664 -0.917327 -0.441822
2  -0.684412  0.778559  0.081329 -0.314633  0.861965  0.532367
3  -0.744829  0.809581 -0.971131  0.037587  0.274724  0.764696
4  -0.137042  0.669384  0.402999  0.265257  0.418157  0.651019
5   0.994874 -0.422868  0.743218  0.464215  0.050530  0.681103
6   0.012977 -0.395515 -0.655751 -0.934880  0.074542  0.146273
7  -0.236080  0.064099  0.260241 -0.859929 -0.445604  0.158627
8  -0.017601  0.680534 -0.031088  0.817207  0.673699  0.843793
9  -0.618414  0.154839 -0.957126 -0.154438  0.916123  0.625281
10 -0.469556  0.769524  0.446505  0.592007  0.630378  0.106272
11  0.157949  0.244799 -0.654756  0.871820  0.562185  0.337120
60            0         1         2         3         4         5
0  -0.121604 -0.775222  0.648652  0.244396  0.942016 -0.095234
1   0.411713  0.411381 -0.285086  0.120425 -0.917327 -0.377032
2  -0.684412  0.760211  0.090811 -0.305692  0.859287  0.509446
3  -0.730145  0.803127 -0.971131  0.084375  0.289792  0.754057
4  -0.137042  0.546560  0.484774  0.378786  0.520853  0.543270
5   0.986492 -0.422868  0.777584  0.486118  0.098802  0.687304
6   0.012847 -0.381109 -0.655751 -0.934880  0.076289  0.152221
7  -0.097449  0.136759  0.261372 -0.859929 -0.265631  0.185056
8  -0.017601  0.678716 -0.031088  0.798240  0.673058  0.828402
9  -0.618414  0.154839 -0.957126 -0.154438  0.916123  0.625281
10 -0.469556  0.769524  0.446505  0.592007  0.630378  0.106272
11  0.157949  0.244799 -0.654756  0.871820  0.562185  0.337120
80            0         1         2         3         4         5
0  -0.121604 -0.775222  0.648652  0.244396  0.942016 -0.095234
1   0.453138  0.425593 -0.224669  0.029380 -0.917327 -0.358568
2  -0.684412  0.722819  0.155402 -0.298858  0.831641  0.433237
3  -0.730145  0.803127 -0.971131  0.084375  0.289792  0.754057
4  -0.137042  0.531983  0.482307  0.394593  0.567132  0.491368
5   0.938102 -0.422868  0.832515  0.605052  0.308974  0.708001
6   0.012847 -0.381109 -0.655751 -0.934880  0.076289  0.152221
7  -0.032913  0.153281  0.254139 -0.859929 -0.159063  0.205748
8  -0.017601  0.681459 -0.031088  0.759371  0.676876  0.803871
9  -0.618414  0.154839 -0.957126 -0.154438  0.916123  0.625281
10 -0.469556  0.769524  0.446505  0.592007  0.630378  0.106272
11  0.157949  0.244799 -0.654756  0.871820  0.562185  0.337120
100            0         1         2         3         4         5
0  -0.121604 -0.775222  0.648652  0.244396  0.942016 -0.095234
1   0.478646  0.390201 -0.082321 -0.011334 -0.917327 -0.328194
2  -0.684412  0.675097  0.179276 -0.277735  0.813735  0.388790
3  -0.730145  0.803127 -0.971131  0.084375  0.289792  0.754879
4  -0.137042  0.518509  0.481577  0.418142  0.596974  0.480570
5   0.909118 -0.422868  0.811731  0.644683  0.410196  0.718700
6   0.012847 -0.381109 -0.655751 -0.934880  0.076289  0.152221
7   0.056678  0.177580  0.254331 -0.859929  0.003049  0.210002
8  -0.001718  0.679193 -0.031088  0.743566  0.669648  0.783194
9  -0.618414  0.154839 -0.957126 -0.154438  0.916123  0.625281
10 -0.469556  0.769524  0.446505  0.592007  0.630378  0.106272
11  0.157949  0.244799 -0.654756  0.871820  0.562185  0.337120
120            0         1         2         3         4         5
0  -0.121604 -0.775222  0.648652  0.244396  0.942016 -0.095234
1   0.467052  0.383825 -0.077270  0.022660 -0.917327 -0.314668
2  -0.684412  0.648244  0.308193 -0.236512  0.822618  0.319079
3  -0.730145  0.803127 -0.971131  0.084375  0.289792  0.754879
4  -0.137042  0.523274  0.513994  0.424011  0.629948  0.492906
5   0.897585 -0.422868  0.813405  0.700796  0.647055  0.738760
6   0.012847 -0.381109 -0.655751 -0.934880  0.082203  0.152221
7   0.079367  0.182718  0.258902 -0.859929  0.034184  0.207351
8   0.005139  0.675810 -0.031088  0.691256  0.655480  0.727899
9  -0.618414  0.154839 -0.957126 -0.154438  0.916123  0.625281
10 -0.469556  0.769524  0.446505  0.592007  0.630378  0.106272
11  0.157949  0.244799 -0.654756  0.871820  0.562185  0.337120
140            0         1         2         3         4         5
0  -0.121604 -0.775222  0.648652  0.244396  0.942016 -0.095234
1   0.502644  0.367116  0.029805 -0.007835 -0.917327 -0.300879
2  -0.684412  0.617275  0.408871 -0.202414  0.841355  0.270915
3  -0.730145  0.803127 -0.971131  0.084375  0.289792  0.754879
4  -0.137042  0.549176  0.559848  0.478100  0.656070  0.505503
5   0.926039 -0.422868  0.808893  0.714999  0.752752  0.750503
6   0.012847 -0.381109 -0.655751 -0.934880  0.082203  0.152221
7   0.118122  0.197975  0.246312 -0.859929  0.088436  0.211863
8   0.011639  0.654231 -0.031088  0.671826  0.650559  0.686234
9  -0.618414  0.154839 -0.957126 -0.154438  0.916123  0.625281
10 -0.469556  0.769524  0.446505  0.592007  0.630378  0.106272
11  0.157949  0.244799 -0.654756  0.871820  0.562185  0.337120
160            0         1         2         3         4         5
0  -0.121604 -0.775222  0.648652  0.244396  0.942016 -0.095234
1   0.516665  0.357792  0.111140 -0.009901 -0.917327 -0.268555
2  -0.684412  0.629495  0.414178 -0.199556  0.844478  0.270915
3  -0.730145  0.803127 -0.971131  0.084375  0.289792  0.754879
4  -0.137042  0.573876  0.545470  0.532025  0.660005  0.491783
5   0.916493 -0.422868  0.810400  0.710427  0.763712  0.752949
6   0.012847 -0.381109 -0.655751 -0.934880  0.082203  0.152221
7   0.176687  0.221118  0.233273 -0.859929  0.129266  0.214890
8   0.011639  0.654231 -0.031088  0.670705  0.636894  0.676312
9  -0.618414  0.154839 -0.957126 -0.154438  0.916123  0.625281
10 -0.469556  0.769524  0.446505  0.592007  0.630378  0.106272
11  0.157949  0.244799 -0.654756  0.871820  0.562185  0.337120
180            0         1         2         3         4         5
0  -0.121604 -0.775222  0.648652  0.244396  0.942016 -0.095234
1   0.493745  0.368901  0.173405  0.003207 -0.917327 -0.245560
2  -0.684412  0.622027  0.380092 -0.183200  0.750066  0.222357
3  -0.730145  0.801522 -0.971131  0.081365  0.298388  0.755271
4  -0.137042  0.557410  0.548033  0.498856  0.607571  0.512978
5   0.893497 -0.422868  0.797084  0.727452  0.859077  0.744159
6   0.017780 -0.381109 -0.647824 -0.934880  0.082751  0.161249
7   0.195611  0.217218  0.235673 -0.859929  0.143708  0.209757
8   0.011639  0.618855 -0.031088  0.633462  0.616875  0.625176
9  -0.618414  0.154839 -0.957126 -0.154438  0.916123  0.625281
10 -0.469556  0.769524  0.446505  0.592007  0.630378  0.106272
11  0.157949  0.244799 -0.654756  0.871820  0.562185  0.337120
200            0         1         2         3         4         5
0  -0.121604 -0.775222  0.648652  0.244396  0.942016 -0.095234
1   0.565404  0.367081  0.202298 -0.026560 -0.917327 -0.232175
2  -0.684412  0.571664  0.398355 -0.183289  0.765502  0.211195
3  -0.730145  0.801522 -0.971131  0.088445  0.308200  0.755271
4  -0.137042  0.556404  0.560687  0.515311  0.663055  0.487270
5   0.876968 -0.422868  0.782206  0.693501  0.863036  0.727514
6   0.017780 -0.381109 -0.647824 -0.934880  0.082751  0.161249
7   0.199066  0.219892  0.231465 -0.859929  0.179361  0.208960
8   0.037609  0.586897 -0.031088  0.610834  0.613337  0.608993
9  -0.618414  0.154839 -0.957126 -0.154438  0.916123  0.625281
10 -0.469556  0.769524  0.446505  0.592007  0.630378  0.106272
11  0.157949  0.244799 -0.654756  0.871820  0.562185  0.337120
220            0         1         2         3         4         5
0  -0.121604 -0.775222  0.648652  0.239807  0.942016 -0.095234
1   0.548166  0.393850  0.200924 -0.036565 -0.917327 -0.244597
2  -0.684412  0.565049  0.367934 -0.181141  0.765159  0.191066
3  -0.730145  0.801522 -0.971131  0.088445  0.308200  0.755271
4  -0.137042  0.591068  0.573879  0.535321  0.651707  0.499441
5   0.863992 -0.422868  0.760369  0.691983  0.876454  0.713967
6   0.017780 -0.381109 -0.647824 -0.934880  0.082751  0.161249
7   0.208334  0.219078  0.242570 -0.859929  0.195453  0.204675
8   0.037609  0.581092 -0.031088  0.596790  0.594945  0.603357
9  -0.618414  0.154839 -0.957126 -0.154438  0.916123  0.625281
10 -0.469556  0.769524  0.446505  0.592007  0.630378  0.106272
11  0.157949  0.244799 -0.654756  0.871820  0.562185  0.337120
240            0         1         2         3         4         5
0  -0.121604 -0.775222  0.648652  0.239807  0.942016 -0.095234
1   0.560766  0.433067  0.266582 -0.036484 -0.917327 -0.242974
2  -0.684412  0.529644  0.405773 -0.152677  0.849628  0.151357
3  -0.730145  0.801522 -0.971131  0.088445  0.308200  0.755271
4  -0.137042  0.604434  0.618557  0.531128  0.651130  0.519762
5   0.882152 -0.422868  0.801483  0.729886  0.887502  0.720834
6   0.017780 -0.381109 -0.647824 -0.934880  0.082751  0.161249
7   0.214068  0.215937  0.240651 -0.859929  0.196203  0.207853
8   0.057310  0.555885 -0.031088  0.563073  0.577791  0.573863
9  -0.618414  0.154839 -0.957126 -0.154438  0.916123  0.625281
10 -0.469556  0.769524  0.446505  0.592007  0.630378  0.106272
11  0.157949  0.244799 -0.654756  0.871820  0.562185  0.337120
260            0         1         2         3         4         5
0  -0.121604 -0.775222  0.648652  0.239807  0.942016 -0.095234
1   0.552771  0.454395  0.319996 -0.021790 -0.917327 -0.227399
2  -0.684412  0.483815  0.401113 -0.147351  0.872216  0.123847
3  -0.730145  0.801522 -0.971131  0.088445  0.308200  0.755271
4  -0.137042  0.624216  0.640353  0.564744  0.708909  0.518341
5   0.924948 -0.422868  0.811686  0.758300  0.904830  0.764691
6   0.017780 -0.381109 -0.647824 -0.934880  0.082751  0.161249
7   0.229441  0.214593  0.245452 -0.859929  0.194712  0.205563
8   0.083704  0.535320 -0.031088  0.544484  0.543238  0.551103
9  -0.618414  0.154839 -0.957126 -0.154438  0.916123  0.625281
10 -0.469556  0.769524  0.446505  0.592007  0.630378  0.106272
11  0.157949  0.244799 -0.654756  0.871820  0.562185  0.337120
280            0         1         2         3         4         5
0  -0.118174 -0.775222  0.648652  0.239807  0.942016 -0.095234
1   0.519943  0.453701  0.313861 -0.002271 -0.917327 -0.185515
2  -0.684412  0.449141  0.387636 -0.148143  0.841602  0.114800
3  -0.730145  0.799120 -0.971131  0.073171  0.329355  0.754582
4  -0.137042  0.580358  0.632220  0.576459  0.649427  0.516762
5   0.882658 -0.422868  0.811329  0.770097  0.902818  0.753865
6   0.021562 -0.372348 -0.647824 -0.934880  0.088703  0.161088
7   0.235132  0.208444  0.239619 -0.859929  0.198643  0.211528
8   0.095890  0.522265 -0.031088  0.534652  0.511017  0.531593
9  -0.618414  0.154839 -0.957126 -0.154438  0.916123  0.625281
10 -0.469556  0.769524  0.446505  0.592007  0.630378  0.106272
11  0.157949  0.244799 -0.654756  0.871820  0.562185  0.337120
300            0         1         2         3         4         5
0  -0.118174 -0.775222  0.648652  0.239807  0.942016 -0.095234
1   0.541890  0.424382  0.349982 -0.004517 -0.917327 -0.150633
2  -0.684412  0.453121  0.435803 -0.131954  0.853867  0.091596
3  -0.730145  0.799120 -0.971131  0.073171  0.329355  0.754582
4  -0.137042  0.569317  0.586492  0.561722  0.656604  0.510084
5   0.877842 -0.422868  0.832548  0.740078  0.900129  0.762014
6   0.027313 -0.372348 -0.647824 -0.934880  0.089266  0.164062
7   0.233639  0.223076  0.243254 -0.859929  0.214062  0.210627
8   0.102479  0.501612 -0.031088  0.524561  0.496839  0.517549
9  -0.618414  0.154839 -0.957126 -0.154438  0.916123  0.625281
10 -0.469556  0.769524  0.446505  0.592007  0.630378  0.106272
11  0.157949  0.244799 -0.654756  0.871820  0.562185  0.337120
320            0         1         2         3         4         5
0  -0.118174 -0.775222  0.655643  0.239807  0.942016 -0.097090
1   0.565368  0.371757  0.344392 -0.068847 -0.917327 -0.126195
2  -0.684412  0.453827  0.419050 -0.132654  0.825779  0.083189
3  -0.730145  0.799120 -0.971131  0.073171  0.336969  0.754582
4  -0.137042  0.585711  0.607990  0.565752  0.656599  0.519092
5   0.882856 -0.422868  0.833649  0.733578  0.898719  0.759653
6   0.027313 -0.372348 -0.647824 -0.934880  0.089266  0.164062
7   0.225416  0.211076  0.231093 -0.859929  0.235396  0.202121
8   0.116965  0.495794 -0.031088  0.514759  0.475819  0.514173
9  -0.618414  0.154839 -0.957126 -0.154438  0.916123  0.625281
10 -0.469556  0.769524  0.446505  0.592007  0.630378  0.106272
11  0.157949  0.244799 -0.654756  0.871820  0.562185  0.337120
340            0         1         2         3         4         5
0  -0.118174 -0.775222  0.641988  0.239807  0.942016 -0.097090
1   0.614235  0.337261  0.402122 -0.072183 -0.917327 -0.125196
2  -0.684412  0.420065  0.455830 -0.105483  0.890130  0.046203
3  -0.715654  0.790438 -0.971131  0.086032  0.357297  0.753540
4  -0.137042  0.581486  0.598651  0.524058  0.642761  0.540426
5   0.928285 -0.422868  0.850353  0.745885  0.946470  0.755371
6   0.040200 -0.367148 -0.647824 -0.934880  0.089523  0.164062
7   0.238958  0.207522  0.234804 -0.859929  0.231028  0.201462
8   0.146813  0.475288 -0.031088  0.473874  0.464117  0.491999
9  -0.618414  0.154839 -0.957126 -0.154438  0.916123  0.625281
10 -0.469556  0.769524  0.446505  0.592007  0.630378  0.106272
11  0.157949  0.244799 -0.654756  0.871820  0.562185  0.337120
360            0         1         2         3         4         5
0  -0.118174 -0.775222  0.641988  0.239807  0.942016 -0.097090
1   0.713903  0.305741  0.372777 -0.076404 -0.917327 -0.103230
2  -0.684412  0.447270  0.530285 -0.091273  0.900671  0.039447
3  -0.715654  0.790438 -0.971131  0.086032  0.351206  0.753540
4  -0.137042  0.608615  0.648760  0.572078  0.750389  0.586923
5   0.958877 -0.422868  0.852452  0.773701  0.956296  0.744680
6   0.042963 -0.367148 -0.647824 -0.934880  0.088628  0.164062
7   0.231333  0.218564  0.227934 -0.859929  0.226921  0.204169
8   0.164323  0.452301 -0.031088  0.458639  0.457437  0.479344
9  -0.618414  0.154839 -0.957126 -0.154438  0.916123  0.625281
10 -0.469556  0.769524  0.446505  0.592007  0.630378  0.106272
11  0.157949  0.244799 -0.654756  0.871820  0.562185  0.337120
380            0         1         2         3         4         5
0  -0.118174 -0.775222  0.641988  0.239807  0.942016 -0.097090
1   0.613752  0.301011  0.388520 -0.064652 -0.917327 -0.047902
2  -0.684412  0.449266  0.530285 -0.091273  0.900671  0.039447
3  -0.715654  0.790438 -0.971131  0.086032  0.351206  0.753540
4  -0.137042  0.602313  0.643189  0.597684  0.669463  0.631796
5   0.954095 -0.422868  0.852754  0.772850  0.955340  0.731547
6   0.042963 -0.367148 -0.647824 -0.934880  0.088628  0.164062
7   0.245052  0.247072  0.244573 -0.859929  0.223440  0.202363
8   0.169638  0.445116 -0.031088  0.451273  0.454547  0.477430
9  -0.618414  0.154839 -0.957126 -0.154438  0.916123  0.625281
10 -0.469556  0.769524  0.446505  0.592007  0.630378  0.106272
11  0.157949  0.244799 -0.654756  0.871820  0.562185  0.337120
400            0         1         2         3         4         5
0  -0.118174 -0.775222  0.641988  0.239807  0.942016 -0.097090
1   0.646274  0.282871  0.349160 -0.047071 -0.917327 -0.043930
2  -0.684412  0.437727  0.506129 -0.074188  0.867785  0.038076
3  -0.701391  0.789648 -0.971131  0.086032  0.363363  0.754095
4  -0.137042  0.584962  0.613720  0.590865  0.657008  0.605818
5   0.974191 -0.422868  0.879824  0.757201  0.953728  0.780135
6   0.042963 -0.367148 -0.647824 -0.934880  0.089218  0.166457
7   0.235612  0.243686  0.244830 -0.859929  0.223024  0.212102
8   0.181176  0.428139 -0.031088  0.432266  0.446455  0.460445
9  -0.618414  0.154839 -0.957126 -0.154438  0.916123  0.625281
10 -0.469556  0.769524  0.446505  0.592007  0.630378  0.106272
11  0.157949  0.244799 -0.654756  0.871820  0.562185  0.337120
420            0         1         2         3         4         5
0  -0.118174 -0.775222  0.641988  0.239807  0.942016 -0.097090
1   0.572868  0.294346  0.356579 -0.039707 -0.917327 -0.026691
2  -0.684412  0.434472  0.517229 -0.062227  0.862921  0.076785
3  -0.701391  0.789648 -0.971131  0.086032  0.363363  0.754095
4  -0.137042  0.612437  0.611206  0.548586  0.674573  0.528429
5   0.956307 -0.422868  0.885018  0.759846  0.959214  0.798363
6   0.042963 -0.367148 -0.647824 -0.934880  0.089218  0.166457
7   0.263273  0.236962  0.241666 -0.859929  0.242479  0.224232
8   0.196736  0.427403 -0.031088  0.422068  0.436057  0.455352
9  -0.618414  0.154839 -0.957126 -0.154438  0.916123  0.625281
10 -0.469556  0.769524  0.446505  0.592007  0.630378  0.106272
11  0.157949  0.244799 -0.654756  0.871820  0.562185  0.337120
