0 1214 0.0
201 1214 0.1655683690280066
66 1214 0.054365733113673806
0 1214 0.0
44 1214 0.036243822075782535
0 1214 0.0
0 1214 0.0
0 1214 0.0
189 1214 0.1556836902800659
0 1214 0.0
78 1214 0.0642504118616145
22 1214 0.018121911037891267
70 1214 0.057660626029654036
0 1214 0.0
0 1214 0.0
31 1214 0.025535420098846788
0 1214 0.0
16 1214 0.013179571663920923
257 1214 0.2116968698517298
0 1214 0.0
0 1214 0.0
0 1214 0.0
0 1214 0.0
8 1214 0.006589785831960461
0 1214 0.0
0 1214 0.0
0 1214 0.0
0 1214 0.0
0 1214 0.0
0 1214 0.0
0 1214 0.0
9 1214 0.007413509060955519
0 1214 0.0
0 1214 0.0
82 1214 0.06754530477759473
0 1214 0.0
0 1214 0.0
141 1214 0.11614497528830313
0 1214 0.0
0 1214 0.0
0 1450 0.0
422 1450 0.2910344827586207
38 1450 0.02620689655172414
60 1450 0.041379310344827586
82 1450 0.05655172413793103
97 1450 0.06689655172413793
38 1450 0.02620689655172414
0 1450 0.0
41 1450 0.028275862068965516
180 1450 0.12413793103448276
0 1450 0.0
0 1450 0.0
0 1450 0.0
0 1450 0.0
83 1450 0.05724137931034483
170 1450 0.11724137931034483
0 1450 0.0
23 1450 0.015862068965517243
0 1450 0.0
0 1450 0.0
0 1450 0.0
39 1450 0.02689655172413793
3 1450 0.0020689655172413794
36 1450 0.02482758620689655
0 1450 0.0
0 1450 0.0
0 1450 0.0
34 1450 0.023448275862068966
0 1450 0.0
14 1450 0.009655172413793104
31 1450 0.021379310344827585
0 1450 0.0
0 1450 0.0
0 1450 0.0
15 1450 0.010344827586206896
0 1450 0.0
0 1450 0.0
9 1450 0.006206896551724138
0 1450 0.0
35 1450 0.02413793103448276
227 2290 0.09912663755458516
352 2290 0.1537117903930131
151 2290 0.06593886462882097
0 2290 0.0
0 2290 0.0
205 2290 0.08951965065502183
0 2290 0.0
0 2290 0.0
152 2290 0.06637554585152838
0 2290 0.0
458 2290 0.2
0 2290 0.0
118 2290 0.05152838427947598
0 2290 0.0
0 2290 0.0
0 2290 0.0
0 2290 0.0
0 2290 0.0
59 2290 0.02576419213973799
57 2290 0.024890829694323144
155 2290 0.06768558951965066
22 2290 0.00960698689956332
0 2290 0.0
68 2290 0.029694323144104803
0 2290 0.0
0 2290 0.0
0 2290 0.0
0 2290 0.0
0 2290 0.0
43 2290 0.018777292576419215
107 2290 0.046724890829694325
0 2290 0.0
52 2290 0.022707423580786028
0 2290 0.0
24 2290 0.010480349344978166
0 2290 0.0
0 2290 0.0
40 2290 0.017467248908296942
0 2290 0.0
0 2290 0.0
167 1532 0.10900783289817233
54 1532 0.03524804177545692
226 1532 0.1475195822454308
100 1532 0.06527415143603134
311 1532 0.20300261096605743
49 1532 0.03198433420365535
0 1532 0.0
0 1532 0.0
0 1532 0.0
39 1532 0.025456919060052218
8 1532 0.005221932114882507
187 1532 0.12206266318537859
0 1532 0.0
62 1532 0.04046997389033943
0 1532 0.0
0 1532 0.0
0 1532 0.0
10 1532 0.006527415143603133
0 1532 0.0
0 1532 0.0
74 1532 0.048302872062663184
0 1532 0.0
0 1532 0.0
61 1532 0.03981723237597911
0 1532 0.0
24 1532 0.015665796344647518
0 1532 0.0
13 1532 0.008485639686684074
0 1532 0.0
96 1532 0.06266318537859007
46 1532 0.030026109660574413
0 1532 0.0
0 1532 0.0
0 1532 0.0
0 1532 0.0
0 1532 0.0
0 1532 0.0
0 1532 0.0
5 1532 0.0032637075718015664
0 1532 0.0
52 2119 0.024539877300613498
50 2119 0.023596035865974516
130 2119 0.06134969325153374
256 2119 0.12081170363378953
2 2119 0.0009438414346389807
0 2119 0.0
0 2119 0.0
300 2119 0.1415762151958471
0 2119 0.0
66 2119 0.03114676734308636
95 2119 0.04483246814535158
0 2119 0.0
118 2119 0.05568664464369986
0 2119 0.0
0 2119 0.0
0 2119 0.0
207 2119 0.0976875884851345
0 2119 0.0
13 2119 0.006134969325153374
185 2119 0.0873053327041057
7 2119 0.0033034450212364322
226 2119 0.10665408211420481
0 2119 0.0
0 2119 0.0
32 2119 0.015101462954223691
31 2119 0.0146295422369042
113 2119 0.053327041057102405
39 2119 0.018404907975460124
0 2119 0.0
97 2119 0.045776309579990564
0 2119 0.0
0 2119 0.0
0 2119 0.0
0 2119 0.0
0 2119 0.0
41 2119 0.019348749410099102
0 2119 0.0
0 2119 0.0
33 2119 0.01557338367154318
26 2119 0.012269938650306749
23 1200 0.019166666666666665
215 1200 0.17916666666666667
162 1200 0.135
0 1200 0.0
23 1200 0.019166666666666665
0 1200 0.0
306 1200 0.255
192 1200 0.16
0 1200 0.0
0 1200 0.0
116 1200 0.09666666666666666
76 1200 0.06333333333333334
0 1200 0.0
0 1200 0.0
10 1200 0.008333333333333333
0 1200 0.0
0 1200 0.0
0 1200 0.0
0 1200 0.0
39 1200 0.0325
0 1200 0.0
13 1200 0.010833333333333334
0 1200 0.0
0 1200 0.0
0 1200 0.0
0 1200 0.0
0 1200 0.0
0 1200 0.0
0 1200 0.0
0 1200 0.0
0 1200 0.0
0 1200 0.0
0 1200 0.0
0 1200 0.0
0 1200 0.0
0 1200 0.0
0 1200 0.0
0 1200 0.0
25 1200 0.020833333333333332
0 1200 0.0
0 1338 0.0
0 1338 0.0
212 1338 0.15844544095665172
0 1338 0.0
454 1338 0.3393124065769806
163 1338 0.1218236173393124
0 1338 0.0
75 1338 0.05605381165919283
0 1338 0.0
110 1338 0.08221225710014948
0 1338 0.0
0 1338 0.0
0 1338 0.0
96 1338 0.07174887892376682
0 1338 0.0
46 1338 0.0343796711509716
0 1338 0.0
0 1338 0.0
0 1338 0.0
40 1338 0.029895366218236172
0 1338 0.0
0 1338 0.0
35 1338 0.026158445440956652
10 1338 0.007473841554559043
0 1338 0.0
0 1338 0.0
0 1338 0.0
0 1338 0.0
17 1338 0.012705530642750373
0 1338 0.0
0 1338 0.0
0 1338 0.0
80 1338 0.059790732436472344
0 1338 0.0
0 1338 0.0
0 1338 0.0
0 1338 0.0
0 1338 0.0
0 1338 0.0
0 1338 0.0
191 2386 0.08005029337803855
0 2386 0.0
213 2386 0.0892707460184409
0 2386 0.0
2 2386 0.0008382229673093043
0 2386 0.0
6 2386 0.002514668901927913
0 2386 0.0
0 2386 0.0
196 2386 0.08214585079631181
0 2386 0.0
490 2386 0.20536462699077954
0 2386 0.0
298 2386 0.12489522212908634
0 2386 0.0
0 2386 0.0
180 2386 0.07544006705783739
0 2386 0.0
0 2386 0.0
0 2386 0.0
9 2386 0.0037720033528918693
63 2386 0.026404023470243086
291 2386 0.12196144174350378
0 2386 0.0
0 2386 0.0
32 2386 0.013411567476948869
86 2386 0.03604358759430008
297 2386 0.12447611064543168
8 2386 0.003352891869237217
0 2386 0.0
0 2386 0.0
0 2386 0.0
24 2386 0.010058675607711651
0 2386 0.0
0 2386 0.0
0 2386 0.0
0 2386 0.0
0 2386 0.0
0 2386 0.0
0 2386 0.0
177 995 0.17788944723618091
180 995 0.18090452261306533
167 995 0.1678391959798995
220 995 0.22110552763819097
0 995 0.0
0 995 0.0
10 995 0.010050251256281407
175 995 0.17587939698492464
0 995 0.0
13 995 0.01306532663316583
0 995 0.0
0 995 0.0
0 995 0.0
23 995 0.023115577889447236
0 995 0.0
0 995 0.0
0 995 0.0
0 995 0.0
0 995 0.0
0 995 0.0
0 995 0.0
12 995 0.012060301507537688
0 995 0.0
0 995 0.0
0 995 0.0
0 995 0.0
0 995 0.0
0 995 0.0
0 995 0.0
18 995 0.018090452261306532
0 995 0.0
0 995 0.0
0 995 0.0
0 995 0.0
0 995 0.0
0 995 0.0
0 995 0.0
0 995 0.0
0 995 0.0
0 995 0.0
360 1484 0.24258760107816713
138 1484 0.09299191374663072
34 1484 0.022911051212938006
57 1484 0.03840970350404313
85 1484 0.05727762803234501
11 1484 0.007412398921832884
77 1484 0.05188679245283019
0 1484 0.0
0 1484 0.0
0 1484 0.0
61 1484 0.04110512129380054
0 1484 0.0
0 1484 0.0
0 1484 0.0
0 1484 0.0
0 1484 0.0
0 1484 0.0
6 1484 0.004043126684636119
42 1484 0.02830188679245283
434 1484 0.29245283018867924
4 1484 0.0026954177897574125
0 1484 0.0
0 1484 0.0
0 1484 0.0
0 1484 0.0
0 1484 0.0
0 1484 0.0
0 1484 0.0
0 1484 0.0
0 1484 0.0
70 1484 0.04716981132075472
0 1484 0.0
0 1484 0.0
86 1484 0.057951482479784364
0 1484 0.0
0 1484 0.0
0 1484 0.0
19 1484 0.012803234501347708
0 1484 0.0
0 1484 0.0
164 590 0.27796610169491526
0 590 0.0
0 590 0.0
0 590 0.0
35 590 0.059322033898305086
0 590 0.0
28 590 0.04745762711864407
0 590 0.0
0 590 0.0
0 590 0.0
185 590 0.3135593220338983
0 590 0.0
0 590 0.0
0 590 0.0
0 590 0.0
0 590 0.0
0 590 0.0
31 590 0.05254237288135593
0 590 0.0
0 590 0.0
40 590 0.06779661016949153
21 590 0.03559322033898305
0 590 0.0
0 590 0.0
0 590 0.0
0 590 0.0
0 590 0.0
0 590 0.0
0 590 0.0
0 590 0.0
0 590 0.0
0 590 0.0
0 590 0.0
0 590 0.0
79 590 0.13389830508474576
0 590 0.0
0 590 0.0
7 590 0.011864406779661017
0 590 0.0
0 590 0.0
0 1841 0.0
107 1841 0.058120586637696904
34 1841 0.018468223791417708
593 1841 0.3221075502444324
0 1841 0.0
0 1841 0.0
200 1841 0.10863661053775123
407 1841 0.22107550244432372
0 1841 0.0
0 1841 0.0
0 1841 0.0
0 1841 0.0
0 1841 0.0
0 1841 0.0
37 1841 0.020097772949483977
0 1841 0.0
0 1841 0.0
0 1841 0.0
39 1841 0.021184139054861488
0 1841 0.0
46 1841 0.024986420423682782
0 1841 0.0
0 1841 0.0
95 1841 0.051602390005431834
0 1841 0.0
0 1841 0.0
50 1841 0.027159152634437807
0 1841 0.0
0 1841 0.0
0 1841 0.0
0 1841 0.0
0 1841 0.0
158 1841 0.08582292232482347
0 1841 0.0
0 1841 0.0
75 1841 0.04073872895165671
0 1841 0.0
0 1841 0.0
0 1841 0.0
0 1841 0.0
44 982 0.04480651731160896
256 982 0.2606924643584521
60 982 0.06109979633401222
107 982 0.10896130346232179
90 982 0.09164969450101833
14 982 0.014256619144602852
167 982 0.17006109979633402
135 982 0.13747454175152748
83 982 0.0845213849287169
22 982 0.02240325865580448
0 982 0.0
0 982 0.0
4 982 0.004073319755600814
0 982 0.0
0 982 0.0
0 982 0.0
0 982 0.0
0 982 0.0
0 982 0.0
0 982 0.0
0 982 0.0
0 982 0.0
0 982 0.0
0 982 0.0
0 982 0.0
0 982 0.0
0 982 0.0
0 982 0.0
0 982 0.0
0 982 0.0
0 982 0.0
0 982 0.0
0 982 0.0
0 982 0.0
0 982 0.0
0 982 0.0
0 982 0.0
0 982 0.0
0 982 0.0
0 982 0.0
829 1330 0.6233082706766917
0 1330 0.0
0 1330 0.0
309 1330 0.23233082706766917
0 1330 0.0
0 1330 0.0
0 1330 0.0
0 1330 0.0
0 1330 0.0
0 1330 0.0
0 1330 0.0
0 1330 0.0
0 1330 0.0
0 1330 0.0
123 1330 0.0924812030075188
66 1330 0.04962406015037594
0 1330 0.0
0 1330 0.0
0 1330 0.0
0 1330 0.0
0 1330 0.0
0 1330 0.0
0 1330 0.0
0 1330 0.0
0 1330 0.0
0 1330 0.0
0 1330 0.0
0 1330 0.0
0 1330 0.0
0 1330 0.0
0 1330 0.0
0 1330 0.0
3 1330 0.002255639097744361
0 1330 0.0
0 1330 0.0
0 1330 0.0
0 1330 0.0
0 1330 0.0
0 1330 0.0
0 1330 0.0
505 1304 0.38726993865030673
210 1304 0.16104294478527606
48 1304 0.03680981595092025
442 1304 0.3389570552147239
41 1304 0.03144171779141104
0 1304 0.0
0 1304 0.0
0 1304 0.0
0 1304 0.0
0 1304 0.0
0 1304 0.0
0 1304 0.0
0 1304 0.0
0 1304 0.0
0 1304 0.0
0 1304 0.0
0 1304 0.0
0 1304 0.0
0 1304 0.0
0 1304 0.0
0 1304 0.0
0 1304 0.0
31 1304 0.023773006134969327
0 1304 0.0
27 1304 0.020705521472392636
0 1304 0.0
0 1304 0.0
0 1304 0.0
0 1304 0.0
0 1304 0.0
0 1304 0.0
0 1304 0.0
0 1304 0.0
0 1304 0.0
0 1304 0.0
0 1304 0.0
0 1304 0.0
0 1304 0.0
0 1304 0.0
0 1304 0.0
456 767 0.5945241199478487
57 767 0.07431551499348109
227 767 0.29595827900912647
0 767 0.0
0 767 0.0
0 767 0.0
0 767 0.0
0 767 0.0
16 767 0.020860495436766623
0 767 0.0
0 767 0.0
0 767 0.0
0 767 0.0
0 767 0.0
0 767 0.0
0 767 0.0
0 767 0.0
0 767 0.0
0 767 0.0
0 767 0.0
0 767 0.0
0 767 0.0
0 767 0.0
0 767 0.0
0 767 0.0
0 767 0.0
0 767 0.0
0 767 0.0
0 767 0.0
0 767 0.0
0 767 0.0
0 767 0.0
0 767 0.0
0 767 0.0
0 767 0.0
0 767 0.0
0 767 0.0
0 767 0.0
0 767 0.0
11 767 0.014341590612777053
62 688 0.09011627906976744
0 688 0.0
128 688 0.18604651162790697
0 688 0.0
15 688 0.02180232558139535
57 688 0.08284883720930232
0 688 0.0
87 688 0.12645348837209303
125 688 0.1816860465116279
0 688 0.0
0 688 0.0
0 688 0.0
73 688 0.10610465116279069
3 688 0.00436046511627907
117 688 0.17005813953488372
0 688 0.0
13 688 0.0188953488372093
0 688 0.0
0 688 0.0
0 688 0.0
0 688 0.0
0 688 0.0
0 688 0.0
0 688 0.0
0 688 0.0
0 688 0.0
0 688 0.0
0 688 0.0
0 688 0.0
0 688 0.0
0 688 0.0
0 688 0.0
8 688 0.011627906976744186
0 688 0.0
0 688 0.0
0 688 0.0
0 688 0.0
0 688 0.0
0 688 0.0
0 688 0.0
172 517 0.33268858800773693
0 517 0.0
6 517 0.01160541586073501
0 517 0.0
53 517 0.10251450676982592
0 517 0.0
0 517 0.0
30 517 0.058027079303675046
0 517 0.0
245 517 0.4738878143133462
0 517 0.0
0 517 0.0
0 517 0.0
0 517 0.0
0 517 0.0
0 517 0.0
0 517 0.0
0 517 0.0
0 517 0.0
0 517 0.0
0 517 0.0
0 517 0.0
0 517 0.0
0 517 0.0
0 517 0.0
0 517 0.0
0 517 0.0
0 517 0.0
0 517 0.0
0 517 0.0
0 517 0.0
0 517 0.0
0 517 0.0
2 517 0.0038684719535783366
0 517 0.0
0 517 0.0
9 517 0.017408123791102514
0 517 0.0
0 517 0.0
0 517 0.0
156 535 0.29158878504672897
5 535 0.009345794392523364
0 535 0.0
0 535 0.0
148 535 0.2766355140186916
73 535 0.13644859813084112
0 535 0.0
0 535 0.0
0 535 0.0
0 535 0.0
0 535 0.0
0 535 0.0
0 535 0.0
0 535 0.0
0 535 0.0
0 535 0.0
0 535 0.0
0 535 0.0
0 535 0.0
0 535 0.0
0 535 0.0
0 535 0.0
0 535 0.0
0 535 0.0
0 535 0.0
0 535 0.0
0 535 0.0
0 535 0.0
0 535 0.0
0 535 0.0
0 535 0.0
87 535 0.16261682242990655
0 535 0.0
0 535 0.0
46 535 0.08598130841121496
0 535 0.0
0 535 0.0
20 535 0.037383177570093455
0 535 0.0
0 535 0.0
66 951 0.0694006309148265
0 951 0.0
0 951 0.0
0 951 0.0
24 951 0.025236593059936908
272 951 0.28601472134595163
167 951 0.17560462670872765
210 951 0.22082018927444794
0 951 0.0
0 951 0.0
0 951 0.0
0 951 0.0
15 951 0.015772870662460567
0 951 0.0
0 951 0.0
0 951 0.0
44 951 0.046267087276550996
0 951 0.0
0 951 0.0
0 951 0.0
0 951 0.0
0 951 0.0
0 951 0.0
0 951 0.0
40 951 0.04206098843322818
0 951 0.0
0 951 0.0
71 951 0.07465825446898001
0 951 0.0
0 951 0.0
0 951 0.0
0 951 0.0
0 951 0.0
0 951 0.0
0 951 0.0
42 951 0.04416403785488959
0 951 0.0
0 951 0.0
0 951 0.0
0 951 0.0
119 208 0.5721153846153846
0 208 0.0
0 208 0.0
0 208 0.0
0 208 0.0
0 208 0.0
0 208 0.0
0 208 0.0
0 208 0.0
0 208 0.0
0 208 0.0
0 208 0.0
0 208 0.0
0 208 0.0
0 208 0.0
0 208 0.0
0 208 0.0
0 208 0.0
0 208 0.0
0 208 0.0
0 208 0.0
0 208 0.0
0 208 0.0
0 208 0.0
0 208 0.0
0 208 0.0
0 208 0.0
0 208 0.0
0 208 0.0
89 208 0.42788461538461536
0 208 0.0
0 208 0.0
0 208 0.0
0 208 0.0
0 208 0.0
0 208 0.0
0 208 0.0
0 208 0.0
0 208 0.0
0 208 0.0
0 14 0.0
0 14 0.0
0 14 0.0
0 14 0.0
0 14 0.0
0 14 0.0
0 14 0.0
0 14 0.0
0 14 0.0
0 14 0.0
0 14 0.0
0 14 0.0
0 14 0.0
0 14 0.0
0 14 0.0
0 14 0.0
0 14 0.0
0 14 0.0
0 14 0.0
0 14 0.0
0 14 0.0
14 14 1.0
0 14 0.0
0 14 0.0
0 14 0.0
0 14 0.0
0 14 0.0
0 14 0.0
0 14 0.0
0 14 0.0
0 14 0.0
0 14 0.0
0 14 0.0
0 14 0.0
0 14 0.0
0 14 0.0
0 14 0.0
0 14 0.0
0 14 0.0
0 14 0.0
0 302 0.0
0 302 0.0
0 302 0.0
0 302 0.0
0 302 0.0
0 302 0.0
0 302 0.0
0 302 0.0
0 302 0.0
0 302 0.0
0 302 0.0
0 302 0.0
0 302 0.0
0 302 0.0
0 302 0.0
0 302 0.0
0 302 0.0
25 302 0.08278145695364239
0 302 0.0
0 302 0.0
277 302 0.9172185430463576
0 302 0.0
0 302 0.0
0 302 0.0
0 302 0.0
0 302 0.0
0 302 0.0
0 302 0.0
0 302 0.0
0 302 0.0
0 302 0.0
0 302 0.0
0 302 0.0
0 302 0.0
0 302 0.0
0 302 0.0
0 302 0.0
0 302 0.0
0 302 0.0
0 302 0.0
458 603 0.7595356550580431
0 603 0.0
0 603 0.0
0 603 0.0
0 603 0.0
0 603 0.0
0 603 0.0
0 603 0.0
0 603 0.0
0 603 0.0
0 603 0.0
0 603 0.0
0 603 0.0
0 603 0.0
0 603 0.0
0 603 0.0
0 603 0.0
0 603 0.0
0 603 0.0
0 603 0.0
145 603 0.24046434494195687
0 603 0.0
0 603 0.0
0 603 0.0
0 603 0.0
0 603 0.0
0 603 0.0
0 603 0.0
0 603 0.0
0 603 0.0
0 603 0.0
0 603 0.0
0 603 0.0
0 603 0.0
0 603 0.0
0 603 0.0
0 603 0.0
0 603 0.0
0 603 0.0
0 603 0.0
0 41 0.0
0 41 0.0
0 41 0.0
0 41 0.0
0 41 0.0
0 41 0.0
8 41 0.1951219512195122
0 41 0.0
0 41 0.0
0 41 0.0
0 41 0.0
0 41 0.0
0 41 0.0
0 41 0.0
0 41 0.0
0 41 0.0
0 41 0.0
0 41 0.0
0 41 0.0
0 41 0.0
0 41 0.0
33 41 0.8048780487804879
0 41 0.0
0 41 0.0
0 41 0.0
0 41 0.0
0 41 0.0
0 41 0.0
0 41 0.0
0 41 0.0
0 41 0.0
0 41 0.0
0 41 0.0
0 41 0.0
0 41 0.0
0 41 0.0
0 41 0.0
0 41 0.0
0 41 0.0
0 41 0.0
0 0 nan
0 0 nan
0 0 nan
0 0 nan
0 0 nan
0 0 nan
0 0 nan
0 0 nan
0 0 nan
0 0 nan
0 0 nan
0 0 nan
0 0 nan
0 0 nan
0 0 nan
0 0 nan
0 0 nan
0 0 nan
0 0 nan
0 0 nan
0 0 nan
0 0 nan
0 0 nan
0 0 nan
0 0 nan
0 0 nan
0 0 nan
0 0 nan
0 0 nan
0 0 nan
0 0 nan
0 0 nan
0 0 nan
0 0 nan
0 0 nan
0 0 nan
0 0 nan
0 0 nan
0 0 nan
0 0 nan
0 190 0.0
0 190 0.0
0 190 0.0
0 190 0.0
0 190 0.0
0 190 0.0
0 190 0.0
0 190 0.0
0 190 0.0
0 190 0.0
0 190 0.0
0 190 0.0
0 190 0.0
0 190 0.0
0 190 0.0
0 190 0.0
190 190 1.0
0 190 0.0
0 190 0.0
0 190 0.0
0 190 0.0
0 190 0.0
0 190 0.0
0 190 0.0
0 190 0.0
0 190 0.0
0 190 0.0
0 190 0.0
0 190 0.0
0 190 0.0
0 190 0.0
0 190 0.0
0 190 0.0
0 190 0.0
0 190 0.0
0 190 0.0
0 190 0.0
0 190 0.0
0 190 0.0
0 190 0.0
16 16 1.0
0 16 0.0
0 16 0.0
0 16 0.0
0 16 0.0
0 16 0.0
0 16 0.0
0 16 0.0
0 16 0.0
0 16 0.0
0 16 0.0
0 16 0.0
0 16 0.0
0 16 0.0
0 16 0.0
0 16 0.0
0 16 0.0
0 16 0.0
0 16 0.0
0 16 0.0
0 16 0.0
0 16 0.0
0 16 0.0
0 16 0.0
0 16 0.0
0 16 0.0
0 16 0.0
0 16 0.0
0 16 0.0
0 16 0.0
0 16 0.0
0 16 0.0
0 16 0.0
0 16 0.0
0 16 0.0
0 16 0.0
0 16 0.0
0 16 0.0
0 16 0.0
0 16 0.0
26 368 0.07065217391304347
0 368 0.0
0 368 0.0
0 368 0.0
0 368 0.0
0 368 0.0
0 368 0.0
305 368 0.8288043478260869
0 368 0.0
0 368 0.0
16 368 0.043478260869565216
0 368 0.0
0 368 0.0
0 368 0.0
0 368 0.0
0 368 0.0
0 368 0.0
0 368 0.0
0 368 0.0
0 368 0.0
0 368 0.0
0 368 0.0
0 368 0.0
0 368 0.0
0 368 0.0
0 368 0.0
0 368 0.0
0 368 0.0
0 368 0.0
0 368 0.0
0 368 0.0
0 368 0.0
0 368 0.0
0 368 0.0
0 368 0.0
11 368 0.029891304347826088
0 368 0.0
0 368 0.0
0 368 0.0
10 368 0.02717391304347826
13 419 0.031026252983293555
0 419 0.0
0 419 0.0
0 419 0.0
0 419 0.0
0 419 0.0
0 419 0.0
0 419 0.0
0 419 0.0
0 419 0.0
0 419 0.0
0 419 0.0
406 419 0.9689737470167065
0 419 0.0
0 419 0.0
0 419 0.0
0 419 0.0
0 419 0.0
0 419 0.0
0 419 0.0
0 419 0.0
0 419 0.0
0 419 0.0
0 419 0.0
0 419 0.0
0 419 0.0
0 419 0.0
0 419 0.0
0 419 0.0
0 419 0.0
0 419 0.0
0 419 0.0
0 419 0.0
0 419 0.0
0 419 0.0
0 419 0.0
0 419 0.0
0 419 0.0
0 419 0.0
0 419 0.0
206 335 0.6149253731343284
129 335 0.3850746268656716
0 335 0.0
0 335 0.0
0 335 0.0
0 335 0.0
0 335 0.0
0 335 0.0
0 335 0.0
0 335 0.0
0 335 0.0
0 335 0.0
0 335 0.0
0 335 0.0
0 335 0.0
0 335 0.0
0 335 0.0
0 335 0.0
0 335 0.0
0 335 0.0
0 335 0.0
0 335 0.0
0 335 0.0
0 335 0.0
0 335 0.0
0 335 0.0
0 335 0.0
0 335 0.0
0 335 0.0
0 335 0.0
0 335 0.0
0 335 0.0
0 335 0.0
0 335 0.0
0 335 0.0
0 335 0.0
0 335 0.0
0 335 0.0
0 335 0.0
0 335 0.0
0 1048 0.0
0 1048 0.0
0 1048 0.0
0 1048 0.0
0 1048 0.0
0 1048 0.0
0 1048 0.0
0 1048 0.0
0 1048 0.0
0 1048 0.0
0 1048 0.0
0 1048 0.0
0 1048 0.0
0 1048 0.0
0 1048 0.0
0 1048 0.0
0 1048 0.0
0 1048 0.0
0 1048 0.0
0 1048 0.0
0 1048 0.0
0 1048 0.0
0 1048 0.0
0 1048 0.0
0 1048 0.0
0 1048 0.0
0 1048 0.0
0 1048 0.0
0 1048 0.0
0 1048 0.0
0 1048 0.0
0 1048 0.0
1048 1048 1.0
0 1048 0.0
0 1048 0.0
0 1048 0.0
0 1048 0.0
0 1048 0.0
0 1048 0.0
0 1048 0.0
0 949 0.0
0 949 0.0
0 949 0.0
0 949 0.0
0 949 0.0
0 949 0.0
0 949 0.0
0 949 0.0
0 949 0.0
0 949 0.0
0 949 0.0
0 949 0.0
0 949 0.0
0 949 0.0
0 949 0.0
0 949 0.0
164 949 0.17281348788198103
0 949 0.0
0 949 0.0
0 949 0.0
0 949 0.0
0 949 0.0
0 949 0.0
0 949 0.0
0 949 0.0
0 949 0.0
0 949 0.0
0 949 0.0
0 949 0.0
0 949 0.0
0 949 0.0
0 949 0.0
0 949 0.0
50 949 0.05268703898840885
96 949 0.101159114857745
596 949 0.6280295047418335
6 949 0.006322444678609062
0 949 0.0
37 949 0.03898840885142255
0 949 0.0
924 2797 0.330353950661423
801 2797 0.28637826242402575
40 2797 0.014301036825169824
0 2797 0.0
0 2797 0.0
0 2797 0.0
0 2797 0.0
0 2797 0.0
0 2797 0.0
0 2797 0.0
0 2797 0.0
0 2797 0.0
0 2797 0.0
0 2797 0.0
0 2797 0.0
0 2797 0.0
0 2797 0.0
0 2797 0.0
0 2797 0.0
0 2797 0.0
0 2797 0.0
0 2797 0.0
0 2797 0.0
0 2797 0.0
0 2797 0.0
111 2797 0.039685377189846265
0 2797 0.0
0 2797 0.0
202 2797 0.07222023596710761
0 2797 0.0
0 2797 0.0
0 2797 0.0
465 2797 0.1662495530925992
197 2797 0.07043260636396138
0 2797 0.0
0 2797 0.0
0 2797 0.0
0 2797 0.0
0 2797 0.0
57 2797 0.020378977475867
438 1752 0.25
0 1752 0.0
513 1752 0.2928082191780822
218 1752 0.12442922374429223
0 1752 0.0
0 1752 0.0
0 1752 0.0
0 1752 0.0
0 1752 0.0
0 1752 0.0
0 1752 0.0
0 1752 0.0
0 1752 0.0
0 1752 0.0
0 1752 0.0
251 1752 0.1432648401826484
0 1752 0.0
0 1752 0.0
0 1752 0.0
0 1752 0.0
0 1752 0.0
0 1752 0.0
0 1752 0.0
0 1752 0.0
0 1752 0.0
118 1752 0.06735159817351598
0 1752 0.0
141 1752 0.08047945205479452
0 1752 0.0
0 1752 0.0
0 1752 0.0
0 1752 0.0
0 1752 0.0
0 1752 0.0
0 1752 0.0
0 1752 0.0
73 1752 0.041666666666666664
0 1752 0.0
0 1752 0.0
0 1752 0.0
0 214 0.0
0 214 0.0
0 214 0.0
0 214 0.0
0 214 0.0
0 214 0.0
0 214 0.0
0 214 0.0
0 214 0.0
0 214 0.0
0 214 0.0
0 214 0.0
0 214 0.0
0 214 0.0
0 214 0.0
0 214 0.0
0 214 0.0
0 214 0.0
0 214 0.0
0 214 0.0
0 214 0.0
37 214 0.17289719626168223
0 214 0.0
0 214 0.0
0 214 0.0
0 214 0.0
0 214 0.0
0 214 0.0
0 214 0.0
0 214 0.0
0 214 0.0
0 214 0.0
0 214 0.0
0 214 0.0
0 214 0.0
106 214 0.4953271028037383
0 214 0.0
71 214 0.3317757009345794
0 214 0.0
0 214 0.0
435 894 0.4865771812080537
0 894 0.0
0 894 0.0
0 894 0.0
0 894 0.0
0 894 0.0
0 894 0.0
0 894 0.0
0 894 0.0
0 894 0.0
0 894 0.0
49 894 0.05480984340044743
1 894 0.0011185682326621924
0 894 0.0
0 894 0.0
0 894 0.0
0 894 0.0
0 894 0.0
0 894 0.0
140 894 0.15659955257270694
0 894 0.0
0 894 0.0
0 894 0.0
0 894 0.0
0 894 0.0
0 894 0.0
0 894 0.0
0 894 0.0
0 894 0.0
0 894 0.0
0 894 0.0
0 894 0.0
0 894 0.0
0 894 0.0
0 894 0.0
269 894 0.30089485458612975
0 894 0.0
0 894 0.0
0 894 0.0
0 894 0.0
694 1189 0.5836837678721615
0 1189 0.0
113 1189 0.09503784693019345
66 1189 0.05550883095037847
0 1189 0.0
0 1189 0.0
0 1189 0.0
0 1189 0.0
0 1189 0.0
0 1189 0.0
289 1189 0.2430613961312027
0 1189 0.0
0 1189 0.0
0 1189 0.0
0 1189 0.0
0 1189 0.0
0 1189 0.0
0 1189 0.0
27 1189 0.022708158116063918
0 1189 0.0
0 1189 0.0
0 1189 0.0
0 1189 0.0
0 1189 0.0
0 1189 0.0
0 1189 0.0
0 1189 0.0
0 1189 0.0
0 1189 0.0
0 1189 0.0
0 1189 0.0
0 1189 0.0
0 1189 0.0
0 1189 0.0
0 1189 0.0
0 1189 0.0
0 1189 0.0
0 1189 0.0
0 1189 0.0
0 1189 0.0
838 1336 0.6272455089820359
0 1336 0.0
0 1336 0.0
0 1336 0.0
0 1336 0.0
0 1336 0.0
0 1336 0.0
0 1336 0.0
0 1336 0.0
0 1336 0.0
0 1336 0.0
0 1336 0.0
0 1336 0.0
0 1336 0.0
0 1336 0.0
0 1336 0.0
0 1336 0.0
0 1336 0.0
54 1336 0.040419161676646706
0 1336 0.0
0 1336 0.0
0 1336 0.0
0 1336 0.0
0 1336 0.0
0 1336 0.0
0 1336 0.0
0 1336 0.0
0 1336 0.0
0 1336 0.0
0 1336 0.0
0 1336 0.0
444 1336 0.3323353293413174
0 1336 0.0
0 1336 0.0
0 1336 0.0
0 1336 0.0
0 1336 0.0
0 1336 0.0
0 1336 0.0
0 1336 0.0
796 1245 0.6393574297188755
80 1245 0.0642570281124498
0 1245 0.0
0 1245 0.0
0 1245 0.0
0 1245 0.0
0 1245 0.0
130 1245 0.10441767068273092
0 1245 0.0
0 1245 0.0
0 1245 0.0
0 1245 0.0
0 1245 0.0
36 1245 0.02891566265060241
0 1245 0.0
40 1245 0.0321285140562249
163 1245 0.13092369477911647
0 1245 0.0
0 1245 0.0
0 1245 0.0
0 1245 0.0
0 1245 0.0
0 1245 0.0
0 1245 0.0
0 1245 0.0
0 1245 0.0
0 1245 0.0
0 1245 0.0
0 1245 0.0
0 1245 0.0
0 1245 0.0
0 1245 0.0
0 1245 0.0
0 1245 0.0
0 1245 0.0
0 1245 0.0
0 1245 0.0
0 1245 0.0
0 1245 0.0
0 1245 0.0
333 605 0.5504132231404959
0 605 0.0
0 605 0.0
0 605 0.0
0 605 0.0
0 605 0.0
0 605 0.0
0 605 0.0
0 605 0.0
0 605 0.0
0 605 0.0
0 605 0.0
0 605 0.0
0 605 0.0
0 605 0.0
0 605 0.0
0 605 0.0
0 605 0.0
0 605 0.0
0 605 0.0
0 605 0.0
0 605 0.0
0 605 0.0
272 605 0.44958677685950416
0 605 0.0
0 605 0.0
0 605 0.0
0 605 0.0
0 605 0.0
0 605 0.0
0 605 0.0
0 605 0.0
0 605 0.0
0 605 0.0
0 605 0.0
0 605 0.0
0 605 0.0
0 605 0.0
0 605 0.0
0 605 0.0
0 90 0.0
90 90 1.0
0 90 0.0
0 90 0.0
0 90 0.0
0 90 0.0
0 90 0.0
0 90 0.0
0 90 0.0
0 90 0.0
0 90 0.0
0 90 0.0
0 90 0.0
0 90 0.0
0 90 0.0
0 90 0.0
0 90 0.0
0 90 0.0
0 90 0.0
0 90 0.0
0 90 0.0
0 90 0.0
0 90 0.0
0 90 0.0
0 90 0.0
0 90 0.0
0 90 0.0
0 90 0.0
0 90 0.0
0 90 0.0
0 90 0.0
0 90 0.0
0 90 0.0
0 90 0.0
0 90 0.0
0 90 0.0
0 90 0.0
0 90 0.0
0 90 0.0
0 90 0.0
256 885 0.28926553672316385
0 885 0.0
0 885 0.0
0 885 0.0
0 885 0.0
0 885 0.0
0 885 0.0
0 885 0.0
0 885 0.0
0 885 0.0
0 885 0.0
0 885 0.0
0 885 0.0
0 885 0.0
0 885 0.0
0 885 0.0
0 885 0.0
0 885 0.0
0 885 0.0
0 885 0.0
0 885 0.0
293 885 0.3310734463276836
0 885 0.0
100 885 0.11299435028248588
60 885 0.06779661016949153
0 885 0.0
0 885 0.0
0 885 0.0
0 885 0.0
0 885 0.0
0 885 0.0
0 885 0.0
0 885 0.0
0 885 0.0
0 885 0.0
176 885 0.19887005649717515
0 885 0.0
0 885 0.0
0 885 0.0
0 885 0.0
373 757 0.49273447820343463
0 757 0.0
0 757 0.0
0 757 0.0
0 757 0.0
0 757 0.0
0 757 0.0
0 757 0.0
0 757 0.0
0 757 0.0
0 757 0.0
0 757 0.0
0 757 0.0
0 757 0.0
0 757 0.0
0 757 0.0
0 757 0.0
384 757 0.5072655217965654
0 757 0.0
0 757 0.0
0 757 0.0
0 757 0.0
0 757 0.0
0 757 0.0
0 757 0.0
0 757 0.0
0 757 0.0
0 757 0.0
0 757 0.0
0 757 0.0
0 757 0.0
0 757 0.0
0 757 0.0
0 757 0.0
0 757 0.0
0 757 0.0
0 757 0.0
0 757 0.0
0 757 0.0
0 757 0.0
315 507 0.621301775147929
0 507 0.0
192 507 0.378698224852071
0 507 0.0
0 507 0.0
0 507 0.0
0 507 0.0
0 507 0.0
0 507 0.0
0 507 0.0
0 507 0.0
0 507 0.0
0 507 0.0
0 507 0.0
0 507 0.0
0 507 0.0
0 507 0.0
0 507 0.0
0 507 0.0
0 507 0.0
0 507 0.0
0 507 0.0
0 507 0.0
0 507 0.0
0 507 0.0
0 507 0.0
0 507 0.0
0 507 0.0
0 507 0.0
0 507 0.0
0 507 0.0
0 507 0.0
0 507 0.0
0 507 0.0
0 507 0.0
0 507 0.0
0 507 0.0
0 507 0.0
0 507 0.0
0 507 0.0
258 1190 0.21680672268907564
0 1190 0.0
0 1190 0.0
0 1190 0.0
0 1190 0.0
0 1190 0.0
0 1190 0.0
0 1190 0.0
0 1190 0.0
0 1190 0.0
234 1190 0.19663865546218487
0 1190 0.0
406 1190 0.3411764705882353
0 1190 0.0
0 1190 0.0
0 1190 0.0
0 1190 0.0
0 1190 0.0
0 1190 0.0
0 1190 0.0
0 1190 0.0
0 1190 0.0
0 1190 0.0
0 1190 0.0
0 1190 0.0
0 1190 0.0
0 1190 0.0
0 1190 0.0
0 1190 0.0
30 1190 0.025210084033613446
0 1190 0.0
0 1190 0.0
0 1190 0.0
0 1190 0.0
262 1190 0.22016806722689075
0 1190 0.0
0 1190 0.0
0 1190 0.0
0 1190 0.0
0 1190 0.0
83 1100 0.07545454545454545
138 1100 0.12545454545454546
0 1100 0.0
0 1100 0.0
0 1100 0.0
0 1100 0.0
131 1100 0.1190909090909091
0 1100 0.0
0 1100 0.0
0 1100 0.0
35 1100 0.031818181818181815
265 1100 0.2409090909090909
0 1100 0.0
0 1100 0.0
0 1100 0.0
52 1100 0.04727272727272727
0 1100 0.0
0 1100 0.0
0 1100 0.0
0 1100 0.0
0 1100 0.0
0 1100 0.0
0 1100 0.0
0 1100 0.0
0 1100 0.0
0 1100 0.0
0 1100 0.0
0 1100 0.0
0 1100 0.0
0 1100 0.0
0 1100 0.0
0 1100 0.0
0 1100 0.0
0 1100 0.0
396 1100 0.36
0 1100 0.0
0 1100 0.0
0 1100 0.0
0 1100 0.0
0 1100 0.0
34 62 0.5483870967741935
0 62 0.0
0 62 0.0
0 62 0.0
0 62 0.0
0 62 0.0
0 62 0.0
0 62 0.0
0 62 0.0
0 62 0.0
0 62 0.0
0 62 0.0
0 62 0.0
0 62 0.0
0 62 0.0
0 62 0.0
0 62 0.0
0 62 0.0
0 62 0.0
0 62 0.0
0 62 0.0
0 62 0.0
0 62 0.0
0 62 0.0
0 62 0.0
0 62 0.0
0 62 0.0
0 62 0.0
0 62 0.0
0 62 0.0
0 62 0.0
28 62 0.45161290322580644
0 62 0.0
0 62 0.0
0 62 0.0
0 62 0.0
0 62 0.0
0 62 0.0
0 62 0.0
0 62 0.0
0 744 0.0
0 744 0.0
0 744 0.0
0 744 0.0
0 744 0.0
0 744 0.0
0 744 0.0
0 744 0.0
0 744 0.0
0 744 0.0
0 744 0.0
0 744 0.0
0 744 0.0
0 744 0.0
338 744 0.4543010752688172
104 744 0.13978494623655913
0 744 0.0
0 744 0.0
0 744 0.0
0 744 0.0
0 744 0.0
0 744 0.0
0 744 0.0
0 744 0.0
0 744 0.0
0 744 0.0
0 744 0.0
302 744 0.40591397849462363
0 744 0.0
0 744 0.0
0 744 0.0
0 744 0.0
0 744 0.0
0 744 0.0
0 744 0.0
0 744 0.0
0 744 0.0
0 744 0.0
0 744 0.0
0 744 0.0
0 209 0.0
0 209 0.0
0 209 0.0
0 209 0.0
0 209 0.0
209 209 1.0
0 209 0.0
0 209 0.0
0 209 0.0
0 209 0.0
0 209 0.0
0 209 0.0
0 209 0.0
0 209 0.0
0 209 0.0
0 209 0.0
0 209 0.0
0 209 0.0
0 209 0.0
0 209 0.0
0 209 0.0
0 209 0.0
0 209 0.0
0 209 0.0
0 209 0.0
0 209 0.0
0 209 0.0
0 209 0.0
0 209 0.0
0 209 0.0
0 209 0.0
0 209 0.0
0 209 0.0
0 209 0.0
0 209 0.0
0 209 0.0
0 209 0.0
0 209 0.0
0 209 0.0
0 209 0.0
0 0 nan
0 0 nan
0 0 nan
0 0 nan
0 0 nan
0 0 nan
0 0 nan
0 0 nan
0 0 nan
0 0 nan
0 0 nan
0 0 nan
0 0 nan
0 0 nan
0 0 nan
0 0 nan
0 0 nan
0 0 nan
0 0 nan
0 0 nan
0 0 nan
0 0 nan
0 0 nan
0 0 nan
0 0 nan
0 0 nan
0 0 nan
0 0 nan
0 0 nan
0 0 nan
0 0 nan
0 0 nan
0 0 nan
0 0 nan
0 0 nan
0 0 nan
0 0 nan
0 0 nan
0 0 nan
0 0 nan
